Jul 30, 2026  10:32:43 AM
Residual Gas Analyzer Software 
RGA Software Version, 3.214.004

Pressure vs Time Scan Setup:

Active channels in Scan, 10 
Units, Torr
Sample Period, 1.00, sec
Focus Voltage, 90, Volts 
Ion Energy, HIGH 
Electron Energy, 70, eV 
CEM Voltage, 1159, Volts
CEM Gain, 1.01E+003 
Sensitivity Factor, 1.11E-004 
Filament Current, 1.00, mAmps
Start time, Jul 30, 2026  10:32:43 AM 
Channel,  Mass(amu),     Name,                 Cal Factor,  Noise Floor, CEM Status

1         2.00           Hydrogen              1.00         3            OFF
2         4.00           Helium                1.00         3            OFF
3         26.00          Dummy-26              1.00         3            ON
4         28.00          Nitrogen              1.00         3            ON
5         32.00          Oxygen                1.00         3            ON
6         34.00          Dummy-34              1.00         3            OFF
7         40.00          Argon                 1.00         3            OFF
8         42.00          Dummy-42              1.00         3            ON
9         44.00          Carbon dioxide        1.00         3            ON
10        84.00          Krypton               1.00         3            ON


Time(s)      Channel#1   Channel#2   Channel#3   Channel#4   Channel#5   Channel#6   Channel#7   Channel#8   Channel#9   Channel#10  

0.000,  -3.3875E-010,   2.3948E-009,  -2.0020E-012,   1.3385E-011,   1.6012E-011,   1.3270E-009,   1.4481E-009,   4.1377E-013,   7.2098E-012,   6.2779E-013,  
5.610,  -3.8844E-010,   2.5655E-009,   2.6752E-013,   1.4014E-011,   1.7131E-011,   9.2593E-010,   1.1012E-009,   6.0461E-013,   7.6245E-012,   7.0805E-013,  
11.625,  -3.8211E-010,   3.0659E-009,  -1.7835E-014,   1.3820E-011,   1.6990E-011,   1.0876E-009,   1.1174E-009,   5.7518E-013,   6.6275E-012,   5.2167E-013,  
17.672,  -5.1220E-010,   2.7209E-009,  -2.9428E-014,   1.3618E-011,   1.6735E-011,   1.0705E-009,   1.1012E-009,   3.6294E-013,   6.5401E-012,   6.5276E-013,  
23.704,  -4.7606E-010,   2.7145E-009,  -9.5239E-013,   1.3890E-011,   1.6842E-011,   7.6423E-010,   1.0361E-009,   3.6294E-013,   6.5196E-012,   6.9824E-013,  
29.735,  -3.0533E-010,   2.6594E-009,  -1.0897E-012,   1.3110E-011,   1.7186E-011,   1.0876E-009,   9.3496E-010,   7.4372E-013,   8.1033E-012,   6.9021E-013,  
35.766,   2.7642E-010,   2.5357E-009,  -2.6128E-013,   1.3397E-011,   1.7548E-011,   1.1210E-009,   9.2502E-010,   5.9747E-013,   6.4465E-012,   6.7595E-013,  
41.782,  -4.3631E-010,   2.5637E-009,  -2.4969E-012,   1.3607E-011,   1.6614E-011,   9.5393E-010,   9.6206E-010,   6.6257E-013,   5.8561E-012,   2.4077E-013,  
47.797,  -4.6432E-010,   2.5709E-009,  -2.8982E-013,   1.3639E-011,   1.6587E-011,   1.3794E-009,   1.1337E-009,   4.5123E-013,   5.8017E-012,   6.1442E-013,  
53.797,  -2.8184E-010,   2.5962E-009,   6.4411E-012,   1.3849E-011,   1.7903E-011,   1.1012E-009,   1.2231E-009,   5.9569E-013,   5.9551E-012,  -3.3441E-013,  
59.844,   2.2403E-010,   2.7877E-009,  -1.0487E-012,   1.3170E-011,   1.7238E-011,   8.1120E-010,   1.2638E-009,   2.3275E-013,   1.4580E-012,   5.2346E-013,  
65.922,  -5.9169E-010,   2.5050E-009,  -7.2678E-013,   1.3213E-011,   1.7069E-011,   1.1545E-009,   1.2891E-009,   4.0396E-013,   6.3528E-012,   5.2078E-013,  
71.969,  -1.2466E-010,   2.4724E-009,  -4.1199E-013,   1.3278E-011,   1.6801E-011,   1.0705E-009,   1.1590E-009,   2.5861E-013,   7.3088E-012,   5.2346E-013,  
77.985,  -6.0072E-010,   3.0867E-009,  -3.0587E-013,   1.3376E-011,   1.6928E-011,   9.1599E-010,   1.0885E-009,  -4.1020E-014,   5.6992E-012,   6.9672E-012,  
84.047,  -6.0976E-010,   6.7462E-009,  -1.0433E-012,   1.3428E-011,   1.8032E-011,   1.0551E-009,   1.2602E-009,   1.1040E-012,   7.5264E-012,   6.0996E-013,  
90.110,   4.6526E-008,   3.1317E-006,  -2.6842E-013,   1.5342E-011,   1.9820E-011,   2.6170E-009,   1.3388E-009,   8.0793E-013,   6.4643E-012,   8.7570E-013,  
96.157,   4.6921E-008,   3.1802E-006,   6.2984E-012,   1.9959E-011,   2.3184E-011,   2.8157E-009,   1.5718E-009,   5.8945E-013,   7.6432E-012,   8.0168E-013,  
102.157,   4.7019E-008,   3.1541E-006,   2.8162E-011,   2.0545E-011,   2.0934E-011,   3.1229E-009,   1.5655E-009,   3.5938E-013,   8.3441E-012,   6.0282E-013,  
108.235,   4.5670E-008,   3.1655E-006,   2.5168E-011,   1.9988E-011,   2.3131E-011,   2.8889E-009,   1.5655E-009,   4.0129E-013,   8.2219E-012,   9.8271E-013,  
114.297,   4.5444E-008,   3.1658E-006,   2.6371E-011,   2.0517E-011,   1.9586E-011,   2.6558E-009,   1.7191E-009,   4.1377E-013,   7.6682E-012,   5.8677E-013,  
120.344,   4.9911E-008,   3.1573E-006,   2.6694E-011,   2.0387E-011,   2.1955E-011,   2.8970E-009,   1.3686E-009,   4.7263E-013,   7.2062E-012,   8.0882E-013,  
126.422,   4.9088E-008,   3.1352E-006,   2.8073E-011,   2.0574E-011,   2.1181E-011,   2.8871E-009,   1.8229E-009,   2.8982E-013,   8.7507E-012,   8.0703E-013,  
132.438,   4.5808E-008,   3.1611E-006,   5.8918E-012,   2.1075E-011,   2.1511E-011,   2.7922E-009,   1.9088E-009,   9.4258E-013,   7.7511E-012,   8.4003E-013,  
138.485,   4.9570E-008,   3.1498E-006,   2.9026E-011,   1.9920E-011,   2.2905E-011,   3.0542E-009,   1.4977E-009,   2.2205E-013,   6.1442E-012,   1.7835E-013,  
144.547,   4.8507E-008,   3.1242E-006,   6.3921E-012,   2.1230E-011,   2.2633E-011,   2.9702E-009,   1.6558E-009,   3.6473E-013,   7.4952E-012,   1.0077E-012,  
150.594,   4.8842E-008,   3.1189E-006,   2.6406E-011,   2.1546E-011,   2.2152E-011,   2.8744E-009,   1.5980E-009,   6.8397E-013,   6.4643E-012,   1.1700E-012,  
156.625,   4.6051E-008,   3.1117E-006,   5.2132E-012,   2.0800E-011,   2.2231E-011,   2.9386E-009,   1.9250E-009,   6.2512E-013,   7.7859E-012,   5.6876E-012,  
162.688,   4.6528E-008,   3.1185E-006,   2.5813E-011,   2.0862E-011,   2.2067E-011,   2.7742E-009,   1.9359E-009,   5.1989E-013,   7.0662E-012,   7.4372E-013,  
168.750,   4.4626E-008,   3.1230E-006,   6.6168E-012,   2.0315E-011,   2.1800E-011,   2.7588E-009,   1.7832E-009,   2.3453E-013,   7.7127E-012,   4.8511E-013,  
174.797,   4.5547E-008,   3.1152E-006,   5.0259E-012,   2.0192E-011,   2.1720E-011,   3.0470E-009,   1.9621E-009,   4.0396E-013,   7.9428E-012,   4.9938E-013,  
180.829,   4.7819E-008,   3.1321E-006,   3.8185E-012,   2.0236E-011,   2.2506E-011,   3.0876E-009,   1.6694E-009,   2.2918E-013,   7.6940E-012,   6.3314E-013,  
186.891,   4.7934E-008,   3.0971E-006,   2.6587E-011,   2.1021E-011,   2.1963E-011,   2.7967E-009,   1.7760E-009,   5.4308E-013,   9.3821E-012,   6.1887E-013,  
192.891,   4.5874E-008,   3.0763E-006,   4.1680E-012,   2.0441E-011,   2.2161E-011,   2.6965E-009,   1.7353E-009,   4.1199E-013,   8.1943E-012,   6.6792E-013,  
198.954,   4.5257E-008,   3.0920E-006,   2.8622E-011,   2.0217E-011,   2.1917E-011,   3.0063E-009,   1.5221E-009,   5.9480E-013,   7.1456E-012,   8.1238E-013,  
204.969,   4.6833E-008,   3.0950E-006,   2.6682E-011,   2.1736E-011,   2.2160E-011,   2.7389E-009,   1.6450E-009,   2.1937E-013,   7.7083E-012,   5.3148E-013,  
211.032,   4.5345E-008,   3.0890E-006,   2.6077E-011,   2.0876E-011,   1.9758E-011,   3.1798E-009,   1.6820E-009,   1.8370E-013,   7.5059E-012,   6.6614E-013,  
217.141,   4.6982E-008,   3.0703E-006,   6.5160E-012,   2.0658E-011,   2.1279E-011,   3.0587E-009,   1.8139E-009,   4.1734E-013,   8.5519E-012,   7.0716E-013,  
223.172,   4.5646E-008,   3.0660E-006,   2.5610E-011,   2.0738E-011,   2.2402E-011,   3.0949E-009,   1.6061E-009,   5.3416E-013,   6.8790E-012,   4.0753E-013,  
229.219,   4.5304E-008,   3.0743E-006,   2.6436E-011,   2.2573E-011,   2.2059E-011,   3.1454E-009,   1.5285E-009,   7.0716E-013,   7.6503E-012,   8.8372E-013,  
235.250,   4.5411E-008,   3.0808E-006,   3.6267E-012,   2.4654E-011,   2.1601E-011,   3.0876E-009,   1.4616E-009,   8.9799E-013,   8.7855E-012,   9.3099E-013,  
241.313,   4.3627E-008,   3.0689E-006,   2.6331E-011,   2.8204E-011,   2.2038E-011,   3.1156E-009,   1.5745E-009,   2.4523E-013,   8.6740E-012,   8.1595E-013,  
247.360,   4.4484E-008,   3.0499E-006,   2.6703E-011,   2.6354E-011,   1.9935E-011,   2.7498E-009,   1.6450E-009,   6.3938E-013,   6.6926E-012,   4.2715E-013,  
253.422,   4.2518E-008,   3.0628E-006,   2.4795E-011,   2.3801E-011,   2.1434E-011,   3.0759E-009,   1.6251E-009,   5.1186E-013,   9.3928E-012,   9.2474E-013,  
259.485,   4.6076E-008,   3.0549E-006,   7.4149E-012,   2.1941E-011,   2.1155E-011,   2.8473E-009,   1.7227E-009,   7.4996E-013,   8.4208E-012,   4.6193E-013,  
265.516,   4.2317E-008,   3.0608E-006,   2.6760E-011,   2.0915E-011,   2.1860E-011,   2.8013E-009,   1.3089E-009,   5.4397E-013,   7.1982E-012,   8.6589E-013,  
271.547,   4.2294E-008,   3.0326E-006,   2.6474E-011,   2.0044E-011,   2.1357E-011,   3.0235E-009,   1.5321E-009,   5.2524E-013,   7.1616E-012,   9.8538E-013,  
277.579,   4.0047E-008,   3.0382E-006,   2.4793E-011,   1.9616E-011,   2.1956E-011,   3.1771E-009,   1.6387E-009,   5.5021E-013,   8.2844E-012,   5.6002E-013,  
283.641,   4.0266E-008,   3.0383E-006,   2.5907E-011,   1.9720E-011,   2.1221E-011,   2.8175E-009,   1.8202E-009,   5.2078E-013,   7.3382E-012,   7.9366E-013,  
289.657,   4.3308E-008,   3.0430E-006,   2.5999E-011,   1.9149E-011,   2.0230E-011,   3.0072E-009,   1.4453E-009,   3.1211E-013,   7.8251E-012,   8.3914E-013,  
295.719,   4.3146E-008,   3.0185E-006,   2.5819E-011,   1.7749E-011,   2.2437E-011,   2.6883E-009,   1.6314E-009,   7.1429E-013,   7.5870E-012,   7.5174E-013,  
301.782,   4.4678E-008,   3.0070E-006,   2.5695E-011,   1.9530E-011,   2.1552E-011,   2.8780E-009,   1.4923E-009,   3.1300E-013,   7.2178E-012,   5.8677E-013,  
307.797,   4.4430E-008,   3.0136E-006,   2.4870E-011,   1.9701E-011,   2.2033E-011,   2.9332E-009,   1.2267E-009,   1.2574E-013,   7.0154E-012,   7.7939E-013,  
313.829,   4.4232E-008,   3.0136E-006,   2.4836E-011,   1.9008E-011,   2.1899E-011,   3.1012E-009,   1.4444E-009,   9.3366E-013,   7.2214E-012,   5.5645E-013,  
319.860,   4.3293E-008,   3.0083E-006,   4.9822E-012,   1.9232E-011,   2.1576E-011,   3.1084E-009,   1.6152E-009,   4.0842E-013,   7.5959E-012,   5.6894E-013,  
325.907,   4.2916E-008,   3.0091E-006,   5.9471E-012,   1.9856E-011,   2.1031E-011,   2.9928E-009,   1.5050E-009,   4.0307E-013,   7.4720E-012,   6.9200E-013,  
331.985,   4.2113E-008,   3.0281E-006,   2.3730E-011,   1.9956E-011,   2.1014E-011,   3.2430E-009,   1.4589E-009,   4.5301E-013,   6.6605E-012,   8.3735E-013,  
338.016,   4.2942E-008,   3.0008E-006,   6.0639E-014,   1.9618E-011,   2.1385E-011,   3.2421E-009,   1.6323E-009,   5.3327E-013,   8.0204E-012,   9.0245E-013,  
344.047,   4.3537E-008,   3.0055E-006,   2.5170E-011,   1.7285E-011,   2.1447E-011,   3.1147E-009,   1.4318E-009,   1.9708E-013,   8.2166E-012,   6.3047E-013,  
350.094,   4.3074E-008,   3.0052E-006,   2.4635E-011,   1.9215E-011,   2.0838E-011,   3.1933E-009,   1.6016E-009,   4.3785E-013,   8.5546E-012,   5.1276E-013,  
356.125,   4.1975E-008,   3.0069E-006,   2.3104E-011,   1.8823E-011,   2.1281E-011,   3.0298E-009,   1.5989E-009,   4.2893E-013,   6.6961E-012,   7.4907E-013,  
362.141,   4.3394E-008,   2.9864E-006,   6.9521E-012,   1.8830E-011,   2.1469E-011,   3.2141E-009,   1.6224E-009,   4.8422E-013,   7.5567E-012,   6.2422E-013,  
368.157,   4.1099E-008,   2.9981E-006,   2.5206E-011,   1.9181E-011,   2.1556E-011,   3.1518E-009,   1.6956E-009,   3.5402E-013,   8.9683E-012,   6.3760E-013,  
374.157,   4.4252E-008,   2.9831E-006,   5.2479E-012,   1.9697E-011,   2.1797E-011,   3.2990E-009,   1.5285E-009,   4.0040E-013,   7.8046E-012,   7.1251E-013,  
380.204,   4.0705E-008,   2.9966E-006,   2.3335E-011,   1.9969E-011,   2.1829E-011,   3.1481E-009,   1.5221E-009,   3.3976E-013,   8.0382E-012,   7.0537E-013,  
386.235,   4.4791E-008,   2.9705E-006,   7.0734E-012,   1.9519E-011,   2.1665E-011,   3.2710E-009,   1.4282E-009,   6.8843E-013,   6.4893E-012,   5.6894E-013,  
392.250,   4.5491E-008,   2.9875E-006,   2.4676E-011,   1.6240E-011,   2.1092E-011,   2.8699E-009,   1.4688E-009,   4.3963E-013,   7.1215E-012,   6.8308E-013,  
398.266,   4.3162E-008,   2.9805E-006,   2.3783E-011,   1.8689E-011,   2.2205E-011,   3.3279E-009,   1.7028E-009,   4.3517E-013,   6.8433E-012,   5.5824E-013,  
404.297,   4.0924E-008,   2.9732E-006,   2.3483E-011,   1.9814E-011,   2.1363E-011,   3.0912E-009,   1.5023E-009,   5.7340E-013,   8.2942E-012,   6.5900E-013,  
410.313,   4.2879E-008,   2.9971E-006,   2.2394E-011,   1.8603E-011,   2.0438E-011,   3.1897E-009,   1.4517E-009,   4.6371E-013,   8.4038E-012,   9.0156E-013,  
416.313,   4.1986E-008,   2.9800E-006,   2.3658E-011,   1.9259E-011,   2.1882E-011,   3.2448E-009,   1.5014E-009,   4.6549E-013,   8.7668E-012,   4.5479E-013,  
422.360,   4.2622E-008,   2.9775E-006,   8.0222E-012,   1.9351E-011,   2.0513E-011,   3.0524E-009,   1.5754E-009,   6.1174E-013,   7.8643E-012,   6.3493E-013,  
428.438,   4.0276E-008,   2.9784E-006,   2.3093E-011,   1.9059E-011,   2.1153E-011,   2.8790E-009,   1.3053E-009,   4.4944E-013,   4.4115E-012,   9.1404E-013,  
434.485,   4.1197E-008,   2.9647E-006,   2.4173E-011,   1.8534E-011,   2.0986E-011,   3.3460E-009,   1.5248E-009,   4.3339E-013,   6.5160E-012,   4.8600E-013,  
440.532,   4.1990E-008,   2.9552E-006,   2.3548E-011,   1.9677E-011,   2.1023E-011,   3.4652E-009,   1.6323E-009,   6.0550E-013,   8.1363E-012,   9.7290E-013,  
446.563,   3.9888E-008,   2.9542E-006,   2.2196E-011,   2.0326E-011,   2.1352E-011,   3.1364E-009,   1.4255E-009,   8.9442E-013,   8.6500E-012,   8.5519E-013,  
452.594,   4.1836E-008,   2.9539E-006,   5.6127E-012,   1.8837E-011,   2.1224E-011,   3.0090E-009,   1.4553E-009,   4.7263E-013,   6.5178E-012,   5.4664E-013,  
458.672,   3.9576E-008,   2.9557E-006,   2.2647E-011,   1.9238E-011,   2.2087E-011,   2.9485E-009,   1.4697E-009,   4.1823E-013,   8.5019E-012,   6.0175E-012,  
464.719,   3.9119E-008,   2.9682E-006,   2.3825E-011,   1.8858E-011,   2.1883E-011,   3.0569E-009,   1.6224E-009,   8.9442E-013,   6.5526E-012,   8.9353E-013,  
470.750,   4.1238E-008,   2.9439E-006,   3.8390E-012,   1.9063E-011,   2.1715E-011,   3.0036E-009,   1.4517E-009,   8.0168E-013,   6.8549E-012,   4.6460E-013,  
476.782,   3.7384E-008,   2.9515E-006,   2.2329E-011,   1.8265E-011,   2.1251E-011,   3.2575E-009,   1.5953E-009,   2.6931E-013,   6.3609E-012,   5.6894E-013,  
482.891,   3.9358E-008,   2.9531E-006,   2.1662E-011,   1.9568E-011,   2.2061E-011,   3.0524E-009,   1.3749E-009,   3.4957E-013,   7.8046E-012,   6.3314E-013,  
488.938,   3.8899E-008,   2.9459E-006,   2.2944E-011,   1.9488E-011,   2.0626E-011,   3.2954E-009,   1.4318E-009,   4.0753E-013,   7.0368E-012,   1.0897E-012,  
494.954,   3.9162E-008,   2.9277E-006,   2.2969E-011,   1.8655E-011,   2.1256E-011,   3.0678E-009,   1.4788E-009,   6.7791E-012,   7.5326E-012,   4.4677E-013,  
500.985,   3.8077E-008,   2.9231E-006,   2.3488E-011,   1.9520E-011,   2.0890E-011,   3.3496E-009,   1.3523E-009,   3.4689E-013,   7.2223E-012,   8.6856E-013,  
507.032,   3.9185E-008,   2.9504E-006,   2.3367E-011,   1.9254E-011,   2.1439E-011,   3.1355E-009,   1.1743E-009,   5.7161E-013,   6.3475E-012,   1.0389E-012,  
513.063,   3.9018E-008,   2.9212E-006,   5.3505E-015,   1.8851E-011,   2.0942E-011,   2.9268E-009,   1.4020E-009,   8.6589E-013,   8.0320E-012,   9.9608E-013,  
519.110,   4.0974E-008,   2.9311E-006,   6.4126E-012,   1.9261E-011,   2.1071E-011,   2.8871E-009,   1.3948E-009,   6.1174E-013,   7.7805E-012,   7.5415E-012,  
525.141,   3.6997E-008,   2.9264E-006,   2.1453E-011,   1.8986E-011,   2.1138E-011,   3.1436E-009,   1.2331E-009,   7.2588E-013,   6.4803E-012,   4.5479E-013,  
531.188,   3.9673E-008,   2.9240E-006,   6.6953E-012,   1.9480E-011,   2.0225E-011,   2.9982E-009,   1.4426E-009,   3.2460E-013,   7.4898E-012,   6.9467E-013,  
537.204,   3.6893E-008,   2.9334E-006,   2.1368E-011,   1.9181E-011,   2.0855E-011,   3.1138E-009,   1.3225E-009,   4.6371E-013,   7.5273E-012,   1.1682E-012,  
543.235,   3.9007E-008,   2.9186E-006,   2.3092E-011,   1.8771E-011,   2.0779E-011,   3.2493E-009,   1.2529E-009,   1.8994E-013,   6.7675E-012,   9.0245E-013,  
549.266,   3.9425E-008,   2.9375E-006,   8.0329E-012,   1.8943E-011,   2.1183E-011,   3.2882E-009,   1.3758E-009,   6.5633E-013,   6.4786E-012,   4.1823E-013,  
555.329,   3.9626E-008,   2.9159E-006,   6.2128E-012,   1.8863E-011,   2.1654E-011,   2.9711E-009,   1.4417E-009,   4.9581E-013,   8.0489E-012,   5.5645E-013,  
561.375,   3.8145E-008,   2.9109E-006,   2.4652E-011,   1.9491E-011,   2.1172E-011,   3.2005E-009,   1.3686E-009,   5.6983E-013,   7.0252E-012,   9.1226E-013,  
567.438,   4.0780E-008,   2.8902E-006,   7.1376E-012,   1.9087E-011,   2.1826E-011,   2.9232E-009,   1.3586E-009,   8.4627E-013,   5.9346E-012,   7.4818E-013,  
573.454,   4.1482E-008,   2.9194E-006,   7.9544E-012,   2.0077E-011,   2.0778E-011,   3.2466E-009,   1.4517E-009,   7.3926E-013,   7.0680E-012,   1.1771E-012,  
579.500,   3.8894E-008,   2.9075E-006,   2.1349E-011,   1.9321E-011,   2.1190E-011,   3.1635E-009,   1.4020E-009,   6.0371E-013,   7.7680E-012,   5.7161E-013,  
585.532,   3.8906E-008,   2.9054E-006,   2.2555E-011,   1.9142E-011,   2.1065E-011,   3.0226E-009,   1.4083E-009,   9.2653E-013,   4.3928E-012,   6.8486E-012,  
591.625,   3.7808E-008,   2.8912E-006,   2.2281E-011,   1.9122E-011,   1.5964E-011,   3.0551E-009,   1.2800E-009,   4.4766E-013,   8.0391E-012,   8.0703E-013,  
597.625,   4.0040E-008,   2.8962E-006,   6.9075E-012,   1.9182E-011,   2.1488E-011,   3.0452E-009,   1.4977E-009,   3.1390E-013,   8.4458E-012,   4.2358E-013,  
603.688,   3.9481E-008,   2.9094E-006,   2.0668E-011,   1.9163E-011,   2.0560E-011,   3.1780E-009,   1.4417E-009,   3.5224E-013,   7.8554E-012,   3.0765E-013,  
609.750,   3.8133E-008,   2.8856E-006,   5.1864E-012,   1.8366E-011,   2.0371E-011,   3.0443E-009,   1.4282E-009,   8.4181E-013,   7.2169E-012,   4.6639E-013,  
615.813,   3.9359E-008,   3.0055E-006,   9.6683E-012,   1.8629E-011,   2.0704E-011,   3.3071E-009,   1.4752E-009,   4.7887E-013,   8.8087E-012,   5.0116E-013,  
621.844,   3.8325E-008,   2.9064E-006,   7.7038E-012,   1.9503E-011,   2.1472E-011,   3.3135E-009,   1.4941E-009,   7.1964E-013,   7.7127E-012,   6.0728E-013,  
627.891,   3.5891E-008,   2.6825E-006,   6.4928E-012,   1.9089E-011,   2.0720E-011,   2.9919E-009,   1.6116E-009,   4.0753E-013,   6.7746E-012,   5.8945E-013,  
633.954,   3.3848E-008,   2.4941E-006,   2.0319E-011,   1.8492E-011,   2.0853E-011,   3.3315E-009,   1.5980E-009,   4.1734E-013,   7.3694E-012,   5.1097E-013,  
639.985,   3.0453E-008,   2.4108E-006,   6.2868E-012,   1.8559E-011,   1.9618E-011,   3.2177E-009,   1.4417E-009,   6.3582E-013,   8.6491E-012,   7.2232E-013,  
646.016,   2.9631E-008,   2.3773E-006,   5.9489E-012,   1.7562E-011,   1.9923E-011,   3.3288E-009,   1.6920E-009,   2.0867E-013,   8.6482E-012,   4.7352E-013,  
652.047,   2.9505E-008,   2.3870E-006,   2.2509E-011,   1.8108E-011,   1.7698E-011,   3.0804E-009,   1.4011E-009,   5.9926E-013,   7.0502E-012,   6.8486E-013,  
658.063,   3.0564E-008,   2.3826E-006,   2.2106E-011,   1.6662E-011,   2.0195E-011,   3.2294E-009,   1.4092E-009,   1.4625E-013,   6.1201E-012,   8.3468E-013,  
664.125,   3.0379E-008,   2.3773E-006,   6.1522E-012,   1.8347E-011,   1.9409E-011,   3.3288E-009,   1.1734E-009,   6.8040E-013,   7.8581E-012,   2.7733E-013,  
670.204,   3.1930E-008,   2.3393E-006,   2.1511E-011,   1.8308E-011,   2.0367E-011,   2.7787E-009,   1.4155E-009,   2.8893E-013,   5.1614E-012,   5.6894E-013,  
676.219,   2.8684E-008,   2.3158E-006,   2.0225E-011,   1.7321E-011,   1.9934E-011,   2.9494E-009,   1.3722E-009,   8.4181E-013,   7.1171E-012,   5.9480E-013,  
682.266,   2.7466E-008,   2.2616E-006,   8.6625E-012,   1.7312E-011,   1.9969E-011,   3.2954E-009,   1.2502E-009,   1.8816E-013,   7.6468E-012,   6.5633E-013,  
688.266,   2.5382E-008,   2.1144E-006,   6.1709E-012,   1.9134E-011,   1.9421E-011,   3.1183E-009,   1.3107E-009,   3.4065E-013,   6.9913E-012,   3.7989E-013,  
694.282,   2.6924E-008,   1.7615E-006,   2.4621E-011,   2.8499E-011,   3.5163E-011,   2.9747E-009,   1.8290E-006,   4.1110E-013,   6.2806E-012,   7.3123E-012,  
700.313,   2.8397E-008,   1.7311E-006,   8.0106E-012,   9.4280E-011,   8.8930E-011,   3.2267E-009,   2.6166E-006,   8.4145E-012,   1.5612E-011,   9.0316E-012,  
706.360,   3.0407E-008,   1.7885E-006,   2.4792E-011,   1.1105E-010,   9.5561E-011,   3.3288E-009,   2.7385E-006,   3.2344E-012,   1.8101E-011,   9.2287E-012,  
712.375,   3.2238E-008,   1.8713E-006,   8.1167E-012,   1.2066E-010,   9.7092E-011,   3.2611E-009,   2.6871E-006,   6.5053E-012,   1.9068E-011,   8.7980E-012,  
718.438,   3.3225E-008,   1.9524E-006,   7.9232E-012,   1.1938E-010,   9.2902E-011,   3.6540E-009,   2.5526E-006,   6.7060E-012,   1.9585E-011,   8.7133E-012,  
724.454,   3.5818E-008,   2.0395E-006,   8.4770E-012,   1.1591E-010,   8.7803E-011,   3.4562E-009,   2.4002E-006,   7.4202E-012,   1.9207E-011,   8.5956E-012,  
730.500,   3.5292E-008,   2.1106E-006,   2.3344E-011,   1.1148E-010,   8.5579E-011,   3.4860E-009,   2.2238E-006,   3.2870E-012,   1.8409E-011,   8.9924E-012,  
736.532,   3.4949E-008,   2.1924E-006,   2.2824E-011,   1.0531E-010,   8.0016E-011,   3.6694E-009,   2.0270E-006,   7.5130E-012,   1.6266E-011,   8.0266E-012,  
742.594,   3.3743E-008,   2.2908E-006,   2.3634E-011,   9.7579E-011,   7.4242E-011,   3.6640E-009,   1.8265E-006,   7.9794E-012,   1.6323E-011,   6.8986E-012,  
748.641,   3.6911E-008,   2.3728E-006,   2.3576E-011,   9.0873E-011,   6.7565E-011,   3.1364E-009,   1.5941E-006,   6.7184E-012,   1.4169E-011,   7.3543E-012,  
754.672,   3.7417E-008,   2.4435E-006,   2.3778E-011,   7.9700E-011,   6.1836E-011,   3.5131E-009,   1.3774E-006,   1.0219E-012,   1.4972E-011,   8.4707E-012,  
760.704,   3.8443E-008,   2.5393E-006,   2.2903E-011,   7.4240E-011,   5.5915E-011,   3.3478E-009,   1.1640E-006,   1.3697E-012,   1.2013E-011,   8.1247E-012,  
766.735,   3.7217E-008,   2.5904E-006,   6.9476E-012,   6.5171E-011,   5.0188E-011,   3.2809E-009,   9.5346E-007,   9.9252E-013,   1.1514E-011,   7.8947E-012,  
772.797,   3.9120E-008,   2.6700E-006,   6.8246E-012,   5.6606E-011,   4.4815E-011,   3.5537E-009,   7.4311E-007,   1.4598E-012,   9.6710E-012,   7.3409E-012,  
778.829,   3.8234E-008,   2.7314E-006,   2.1685E-011,   4.6075E-011,   3.8424E-011,   3.3415E-009,   5.4378E-007,   7.0983E-013,   8.3744E-012,   7.8233E-012,  
784.907,   4.0345E-008,   2.7547E-006,   2.2546E-011,   4.1105E-011,   2.5440E-011,   3.5926E-009,   3.8018E-007,   6.1887E-013,   7.1634E-012,   7.5264E-012,  
790.985,   3.9305E-008,   2.7819E-006,   2.2419E-011,   3.4455E-011,   2.9968E-011,   3.3062E-009,   2.4341E-007,   2.2918E-013,   6.2084E-012,   5.7331E-012,  
797.016,   3.6259E-008,   2.7644E-006,   6.5178E-012,   2.9613E-011,   2.5600E-011,   3.2078E-009,   1.4648E-007,   1.9083E-013,   8.4368E-012,   6.0942E-012,  
803.094,   3.7556E-008,   2.7785E-006,   1.9964E-011,   2.6065E-011,   2.4166E-011,   3.4634E-009,   8.5263E-008,   3.5938E-013,   6.8326E-012,   7.1607E-013,  
809.141,   3.6571E-008,   2.7811E-006,   5.9747E-012,   2.4199E-011,   2.1788E-011,   3.6902E-009,   5.1322E-008,   5.1365E-013,   8.9915E-012,   1.1958E-012,  
815.204,   3.7238E-008,   2.7770E-006,   2.0329E-011,   2.2393E-011,   2.1793E-011,   3.1156E-009,   3.4252E-008,   3.1033E-013,   8.7284E-012,   5.5467E-013,  
821.219,   3.7042E-008,   2.7778E-006,   6.1959E-012,   2.1293E-011,   2.0781E-011,   3.4363E-009,   2.5584E-008,   2.2650E-013,   7.5888E-012,   4.1110E-013,  
827.250,   3.6648E-008,   2.7798E-006,   2.0571E-011,   1.9768E-011,   2.0175E-011,   3.4219E-009,   1.9833E-008,   6.5009E-013,   6.2512E-012,   7.2945E-013,  
833.329,   3.6915E-008,   2.7856E-006,   2.0987E-011,   2.0476E-011,   2.0785E-011,   3.2918E-009,   1.6229E-008,   1.8459E-013,   8.2201E-012,   7.5264E-013,  
839.391,   3.7883E-008,   2.7640E-006,   1.8809E-011,   2.1065E-011,   1.9891E-011,   3.7100E-009,   1.3734E-008,   3.7186E-013,   8.0516E-012,   2.7377E-013,  
845.391,   3.6226E-008,   2.7554E-006,   1.9067E-011,   2.0990E-011,   1.9375E-011,   3.2836E-009,   1.1790E-008,  -4.4320E-013,   8.3414E-012,   2.4880E-013,  
851.454,   3.5847E-008,   2.7555E-006,   1.7954E-011,   1.9025E-011,   1.9402E-011,   3.1310E-009,   1.0207E-008,   2.3542E-013,   7.4800E-012,   5.0384E-013,  
857.532,   3.8024E-008,   2.7503E-006,   5.5128E-012,   2.0422E-011,   2.0243E-011,   3.3252E-009,   9.3695E-009,   4.2180E-013,   7.1126E-012,   4.6906E-013,  
863.594,   3.7839E-008,   2.7545E-006,   1.9322E-011,   1.9534E-011,   1.9715E-011,   3.2936E-009,   8.3342E-009,   4.2091E-013,   6.5829E-012,   4.4052E-013,  
869.657,   3.7958E-008,   2.7633E-006,   2.0698E-011,   1.9235E-011,   1.9911E-011,   3.6025E-009,   7.5673E-009,   4.3517E-013,   6.8442E-012,   6.1263E-013,  
875.704,   3.8007E-008,   2.7341E-006,   5.3184E-012,   2.0146E-011,   2.0441E-011,   3.5005E-009,   6.8320E-009,   2.0510E-013,   7.4488E-012,   5.2078E-013,  
881.750,   3.6668E-008,   2.7524E-006,   1.9435E-011,   1.9269E-011,   2.0467E-011,   3.5348E-009,   6.2873E-009,   3.4957E-013,   7.3132E-012,   7.7047E-013,  
887.750,   3.4424E-008,   2.7414E-006,   6.3698E-012,   1.9862E-011,   2.0217E-011,   3.1680E-009,   6.1003E-009,   1.5606E-013,   7.1884E-012,   7.0627E-013,  
893.782,   3.6906E-008,   2.7564E-006,   5.6992E-012,   1.9206E-011,   1.9981E-011,   3.4752E-009,   6.1707E-009,   5.1276E-013,   6.8424E-012,   1.0558E-012,  
899.829,   3.5163E-008,   2.7405E-006,   3.1711E-012,   1.9107E-011,   1.9975E-011,   3.4426E-009,   6.3496E-009,   4.7441E-013,   9.1360E-012,   4.4052E-013,  
905.860,   3.5075E-008,   2.7441E-006,   2.0824E-011,   1.9981E-011,   1.9872E-011,   3.4598E-009,   6.3767E-009,   1.5160E-013,   6.7033E-012,   4.3250E-013,  
911.907,   3.5960E-008,   2.7318E-006,   5.1472E-012,   2.2443E-011,   2.0134E-011,   3.0668E-009,   6.8790E-009,   6.4117E-013,   7.9571E-012,   1.0594E-012,  
917.954,   3.4319E-008,   2.7340E-006,   2.1152E-011,   2.4808E-011,   2.0175E-011,   3.2972E-009,   6.7850E-009,   2.4612E-013,   8.9407E-012,   6.9824E-013,  
923.985,   3.6344E-008,   2.7388E-006,   5.9952E-012,   2.9651E-011,   2.0023E-011,   3.3993E-009,   6.9151E-009,   2.5950E-013,   7.0368E-012,   7.3213E-013,  
930.016,   3.7995E-008,   2.7387E-006,   2.0771E-011,   3.6268E-011,   2.0948E-011,   3.8663E-009,   6.7841E-009,   6.7684E-013,   7.4318E-012,   9.8449E-013,  
936.079,   3.4144E-008,   2.7401E-006,   6.3020E-012,   4.3022E-011,   1.9270E-011,   3.3469E-009,   7.0533E-009,   2.4523E-013,   7.7315E-012,   5.0473E-013,  
942.079,   3.3774E-008,   2.7312E-006,   1.9717E-011,   4.7128E-011,   2.0663E-011,   3.4562E-009,   7.1698E-009,   2.0867E-013,   7.5415E-012,   6.0906E-013,  
948.079,   3.4009E-008,   2.7440E-006,   1.9490E-011,   4.9594E-011,   1.9722E-011,   3.3559E-009,   7.1870E-009,   1.7478E-013,   6.2208E-012,   6.4206E-013,  
954.125,   3.7155E-008,   2.7345E-006,   1.9436E-011,   4.5596E-011,   1.9825E-011,   3.4616E-009,   7.2846E-009,   2.1491E-013,   8.0659E-012,   7.7671E-013,  
960.204,   3.7174E-008,   2.7362E-006,   1.8571E-011,   3.3613E-011,   2.0227E-011,   3.4390E-009,   6.8157E-009,   3.0141E-013,   8.3771E-012,   6.9289E-013,  
966.313,   2.2313E-009,   6.1812E-007,   5.4629E-012,   2.9077E-011,   1.6965E-011,   2.8519E-009,   2.5754E-009,   3.1568E-013,   7.4622E-012,   1.7746E-013,  
972.360,   3.7671E-008,   2.9411E-006,   3.4858E-012,   2.5134E-011,   2.0294E-011,   3.0687E-009,   7.0452E-009,   6.3136E-013,   7.2223E-012,   3.7899E-013,  
978.407,   3.7823E-008,   2.9428E-006,   1.9511E-011,   2.4203E-011,   2.1002E-011,   3.2042E-009,   7.1987E-009,   8.1952E-013,   6.6426E-012,   7.3391E-012,  
984.438,   3.8762E-008,   2.9232E-006,   2.0188E-011,   2.5146E-011,   2.0420E-011,   3.2177E-009,   6.9512E-009,   5.3951E-013,   6.4866E-012,   7.8322E-012,  
990.454,   3.8826E-008,   2.9489E-006,   1.8997E-011,   2.2913E-011,   2.0686E-011,   2.8862E-009,   6.9467E-009,   6.8576E-012,   8.6366E-012,   6.5178E-012,  
996.500,   3.6889E-008,   2.9344E-006,   5.4459E-012,   2.1620E-011,   2.0534E-011,   3.4788E-009,   6.7136E-009,   5.2194E-012,   6.3724E-012,   9.2278E-012,  
1002.547,   3.8679E-008,   2.9313E-006,   5.8392E-012,   2.0444E-011,   1.9702E-011,   3.1472E-009,   6.6820E-009,   6.3582E-012,   6.9958E-012,   8.8836E-012,  
1008.579,   4.0100E-008,   2.9474E-006,   4.7637E-012,   2.0304E-011,   2.0734E-011,   3.2746E-009,   6.5528E-009,   7.9294E-012,   8.5082E-012,   1.1332E-011,  
1014.625,   3.9764E-008,   2.9116E-006,   1.9761E-011,   2.1190E-011,   1.9763E-011,   3.5032E-009,   6.6667E-009,   6.5080E-012,   8.1756E-012,   1.6221E-011,  
1020.688,   4.0348E-008,   2.9274E-006,   1.9687E-011,   2.0074E-011,   1.9973E-011,   3.4878E-009,   6.2873E-009,   6.5276E-012,   7.3899E-012,   1.8315E-011,  
1026.688,   4.0504E-008,   2.9134E-006,   5.2595E-012,   1.9705E-011,   1.9899E-011,   3.6007E-009,   6.2014E-009,   6.9637E-012,   8.5225E-012,   2.0134E-011,  
1032.719,   3.9553E-008,   2.9298E-006,   3.0453E-012,   1.8864E-011,   1.9875E-011,   3.4652E-009,   6.3062E-009,   8.5046E-012,   8.1631E-012,   2.0592E-011,  
1038.750,   3.7704E-008,   2.9261E-006,   2.0276E-011,   1.9114E-011,   2.0292E-011,   3.4011E-009,   5.7245E-009,   8.1265E-012,   7.7912E-012,   1.9144E-011,  
1044.782,   3.8913E-008,   2.9270E-006,   1.9372E-011,   1.9233E-011,   1.9813E-011,   3.3740E-009,   5.7082E-009,   7.8634E-012,   8.7481E-012,   1.5607E-011,  
1050.797,   3.9098E-008,   2.9256E-006,   5.2479E-012,   1.9058E-011,   2.0607E-011,   3.1156E-009,   5.7127E-009,   6.4170E-012,   6.4072E-012,   1.2997E-011,  
1056.813,   3.9209E-008,   2.9121E-006,   5.6742E-012,   2.0592E-011,   1.9350E-011,   3.5023E-009,   5.3767E-009,   7.6289E-012,   6.3742E-012,   1.1145E-011,  
1062.813,   3.9036E-008,   2.9180E-006,   5.2854E-012,   1.9006E-011,   1.9855E-011,   3.4128E-009,   5.0939E-009,   8.4217E-012,   7.6084E-012,   9.1725E-012,  
1068.844,   3.6860E-008,   2.9231E-006,   5.2016E-012,   1.9900E-011,   2.0039E-011,   3.5230E-009,   4.8988E-009,   5.6403E-012,   7.8403E-012,   7.1055E-012,  
1074.860,   3.8428E-008,   2.9266E-006,   6.0951E-012,   1.9066E-011,   2.0892E-011,   3.1102E-009,   5.1545E-009,   5.9007E-012,   6.9120E-012,   7.3204E-012,  
1080.938,   3.7159E-008,   2.9024E-006,   4.7450E-012,   1.9355E-011,   2.0208E-011,   3.2927E-009,   4.8844E-009,   5.5922E-012,   7.5701E-012,   8.3182E-012,  
1086.954,   3.9414E-008,   2.9560E-006,   1.8803E-011,   1.9382E-011,   1.9698E-011,   3.3776E-009,   5.0524E-009,   7.0448E-013,   6.0416E-012,   6.9922E-012,  
1093.047,   3.7915E-008,   2.9388E-006,   5.2417E-012,   1.9938E-011,   2.0213E-011,   3.5312E-009,   5.0226E-009,   6.9556E-013,   7.5032E-012,   8.5430E-012,  
1099.094,   3.8182E-008,   2.9133E-006,   2.8268E-013,   2.1281E-011,   2.0221E-011,   3.3812E-009,   4.3252E-009,   3.2906E-013,   7.7582E-012,   7.8857E-012,  
1105.157,   3.9751E-008,   2.9267E-006,   1.9523E-011,   1.6472E-011,   2.0282E-011,   3.3713E-009,   4.3424E-009,   2.7823E-013,   8.3165E-012,   6.2529E-012,  
1111.204,   3.8963E-008,   2.9405E-006,   4.3740E-012,   1.9311E-011,   2.0253E-011,   3.6784E-009,   4.6387E-009,   3.0230E-013,   7.4042E-012,   7.1500E-012,  
1117.266,   3.8708E-008,   2.9243E-006,   6.2244E-012,   1.8940E-011,   1.9534E-011,   3.0235E-009,   4.1481E-009,   6.7416E-013,   6.4500E-012,   1.3046E-012,  
1123.313,   3.7539E-008,   2.9345E-006,   1.9699E-011,   1.9874E-011,   2.0430E-011,   3.3893E-009,   4.5194E-009,   7.7939E-013,   7.9170E-012,   6.7077E-012,  
1129.391,   3.5701E-008,   2.9145E-006,   1.8222E-011,   1.9125E-011,   2.0019E-011,   3.3207E-009,   4.5601E-009,   6.0550E-013,   6.7113E-012,   8.4895E-013,  
1135.469,   3.9647E-008,   2.9005E-006,   1.9491E-011,   1.9139E-011,   1.9430E-011,   3.4155E-009,   4.2249E-009,   6.5276E-013,   7.2321E-012,   6.5098E-013,  
1141.516,   3.6614E-008,   2.9147E-006,   1.9081E-011,   1.9557E-011,   1.9361E-011,   3.1536E-009,   4.1888E-009,   2.7466E-013,   7.3132E-012,   1.1459E-012,  
1147.610,   3.4521E-008,   2.9263E-006,   5.4638E-012,   1.9794E-011,   1.9770E-011,   3.2114E-009,   4.1454E-009,   7.2410E-013,   7.5201E-012,   1.0549E-012,  
1153.610,   3.6466E-008,   2.9176E-006,   1.7927E-011,   1.8915E-011,   2.1012E-011,   3.1021E-009,   4.2421E-009,   1.8370E-013,   8.0017E-012,   8.5875E-013,  
1159.641,   3.7398E-008,   2.9084E-006,   1.9091E-011,   1.9011E-011,   2.0248E-011,   3.1238E-009,   4.0958E-009,   6.4830E-013,   7.2517E-012,   9.0423E-013,  
1165.688,   3.7777E-008,   2.9155E-006,   1.8757E-011,   1.9573E-011,   1.9478E-011,   3.3993E-009,   4.1599E-009,   5.0384E-013,   8.2335E-012,   4.9920E-012,  
1171.719,   3.8438E-008,   2.9130E-006,   1.9053E-011,   1.8377E-011,   1.9689E-011,   3.3126E-009,   4.0542E-009,   2.5237E-013,   6.9869E-012,   8.4181E-013,  
1177.766,   3.5638E-008,   2.9014E-006,   1.9702E-011,   1.8169E-011,   2.0121E-011,   3.4607E-009,   4.1545E-009,   7.1340E-015,   8.1515E-012,   4.5568E-013,  
1183.813,   3.8908E-008,   2.9141E-006,   1.6966E-011,   1.8693E-011,   2.0012E-011,   3.5239E-009,   3.6323E-009,   8.8907E-013,   8.6705E-012,   8.5519E-013,  
1189.844,   3.8025E-008,   2.9184E-006,   4.0022E-012,   1.8612E-011,   2.0497E-011,   3.7805E-009,   3.4986E-009,   3.4065E-013,   6.6765E-012,   5.0473E-013,  
1195.891,   3.6990E-008,   2.9029E-006,   1.8073E-011,   1.9635E-011,   1.7552E-011,   3.5266E-009,   3.6576E-009,   3.1300E-013,   8.9541E-012,   8.4449E-013,  
1201.922,   3.8186E-008,   2.9159E-006,   1.7267E-011,   1.8922E-011,   1.9986E-011,   3.2394E-009,   3.8311E-009,  -1.4179E-013,   7.5567E-012,   7.4283E-013,  
1207.969,   2.5312E-009,   6.7644E-007,   1.9287E-011,   1.8490E-011,   2.0088E-011,   3.0126E-009,   1.9115E-009,   4.4409E-013,   6.7880E-012,   5.2060E-012,  
1214.016,   1.8166E-009,   5.8936E-007,   1.1256E-011,   1.4829E-011,   1.5742E-011,   2.9747E-009,   1.5926E-009,   4.3517E-013,   8.1140E-012,   4.5301E-013,  
