Jul 30, 2026  02:30:01 PM
Residual Gas Analyzer Software 
Software Version, 3.214.004

Analog Scan Setup:

Data Points in Scan, 891 
Units, Torr 
Noise Floor, 2 
CEM Status, ON 
Points Per AMU, 10
Scan Start Mass, 1, amu 
Scan Stop Mass, 90, amu
Focus Voltage, 90, Volts 
Ion Energy, HIGH 
Electron Energy, 70, eV 
CEM Voltage, 1159, Volts
CEM Gain, 1.01E+003 
Sensitivity Factor, 1.11E-004 
Filament Current, 1.00, mAmps


  1.00,   1.81E-012, 
  1.10,  -1.68E-012, 
  1.20,  -7.59E-013, 
  1.30,   2.90E-012, 
  1.40,   3.13E-012, 
  1.50,   9.76E-012, 
  1.60,   2.81E-011, 
  1.70,   4.39E-011, 
  1.80,   5.35E-011, 
  1.90,   6.25E-011, 
  2.00,   7.02E-011, 
  2.10,   7.29E-011, 
  2.20,   6.69E-011, 
  2.30,   4.56E-011, 
  2.40,   1.52E-011, 
  2.50,   3.90E-012, 
  2.60,   1.54E-012, 
  2.70,   1.91E-012, 
  2.80,   9.23E-013, 
  2.90,  -6.60E-013, 
  3.00,  -3.05E-013, 
  3.10,   4.72E-013, 
  3.20,   6.43E-013, 
  3.30,   3.48E-012, 
  3.40,   5.03E-012, 
  3.50,   7.55E-012, 
  3.60,   1.67E-011, 
  3.70,   3.61E-011, 
  3.80,   4.83E-011, 
  3.90,   6.75E-011, 
  4.00,   8.81E-011, 
  4.10,   9.20E-011, 
  4.20,   7.65E-011, 
  4.30,   4.18E-011, 
  4.40,   1.23E-011, 
  4.50,   3.91E-012, 
  4.60,   4.37E-012, 
  4.70,   2.53E-012, 
  4.80,  -1.19E-012, 
  4.90,  -4.95E-013, 
  5.00,  -3.65E-013, 
  5.10,  -2.30E-013, 
  5.20,  -1.85E-013, 
  5.30,   1.44E-013, 
  5.40,   1.63E-013, 
  5.50,  -2.24E-013, 
  5.60,   1.78E-015, 
  5.70,   1.52E-014, 
  5.80,  -1.05E-013, 
  5.90,  -2.75E-013, 
  6.00,   1.16E-014, 
  6.10,  -2.05E-014, 
  6.20,  -2.34E-013, 
  6.30,  -7.22E-014, 
  6.40,  -6.51E-014, 
  6.50,   1.40E-013, 
  6.60,   5.35E-014, 
  6.70,  -2.90E-013, 
  6.80,  -3.95E-013, 
  6.90,  -3.18E-013, 
  7.00,   8.38E-014, 
  7.10,   1.38E-013, 
  7.20,  -1.05E-013, 
  7.30,  -1.08E-013, 
  7.40,   3.30E-014, 
  7.50,   7.76E-014, 
  7.60,  -2.52E-013, 
  7.70,  -3.25E-013, 
  7.80,  -2.13E-013, 
  7.90,   2.10E-013, 
  8.00,   8.03E-014, 
  8.10,  -3.48E-014, 
  8.20,  -1.92E-013, 
  8.30,   3.66E-014, 
  8.40,   1.69E-013, 
  8.50,   2.06E-013, 
  8.60,   1.23E-013, 
  8.70,  -3.08E-013, 
  8.80,  -1.94E-013, 
  8.90,  -2.25E-013, 
  9.00,  -1.73E-013, 
  9.10,  -6.60E-014, 
  9.20,   1.12E-013, 
  9.30,   2.17E-013, 
  9.40,   2.45E-013, 
  9.50,   4.55E-014, 
  9.60,  -3.58E-013, 
  9.70,  -5.33E-013, 
  9.80,  -2.99E-013, 
  9.90,  -3.83E-013, 
 10.00,  -1.47E-013, 
 10.10,  -8.92E-015, 
 10.20,  -1.19E-013, 
 10.30,  -1.64E-013, 
 10.40,  -1.05E-013, 
 10.50,  -1.21E-013, 
 10.60,  -1.40E-013, 
 10.70,  -2.59E-013, 
 10.80,  -1.71E-013, 
 10.90,  -3.04E-013, 
 11.00,  -2.18E-013, 
 11.10,  -4.37E-014, 
 11.20,   2.51E-013, 
 11.30,   3.57E-014, 
 11.40,  -2.17E-013, 
 11.50,   1.85E-013, 
 11.60,   3.95E-013, 
 11.70,   4.86E-013, 
 11.80,   3.54E-012, 
 11.90,   2.83E-012, 
 12.00,   2.36E-012, 
 12.10,   1.93E-012, 
 12.20,  -1.38E-012, 
 12.30,  -6.87E-013, 
 12.40,  -3.40E-013, 
 12.50,  -1.05E-013, 
 12.60,   4.32E-013, 
 12.70,   4.18E-012, 
 12.80,   3.46E-012, 
 12.90,   3.11E-012, 
 13.00,   3.41E-012, 
 13.10,   3.16E-012, 
 13.20,   2.62E-012, 
 13.30,   1.86E-012, 
 13.40,  -1.41E-012, 
 13.50,   2.93E-012, 
 13.60,   8.11E-012, 
 13.70,   1.22E-011, 
 13.80,   1.63E-011, 
 13.90,   1.91E-011, 
 14.00,   2.30E-011, 
 14.10,   2.42E-011, 
 14.20,   2.17E-011, 
 14.30,   1.28E-011, 
 14.40,   6.47E-012, 
 14.50,   6.20E-012, 
 14.60,   1.33E-011, 
 14.70,   2.28E-011, 
 14.80,   3.05E-011, 
 14.90,   4.08E-011, 
 15.00,   4.66E-011, 
 15.10,   4.61E-011, 
 15.20,   3.67E-011, 
 15.30,   2.28E-011, 
 15.40,   9.40E-012, 
 15.50,   5.94E-012, 
 15.60,   1.37E-011, 
 15.70,   2.83E-011, 
 15.80,   3.99E-011, 
 15.90,   5.30E-011, 
 16.00,   6.05E-011, 
 16.10,   5.64E-011, 
 16.20,   4.44E-011, 
 16.30,   2.43E-011, 
 16.40,   7.71E-012, 
 16.50,   3.44E-012, 
 16.60,   3.07E-012, 
 16.70,   3.69E-013, 
 16.80,   8.76E-013, 
 16.90,   8.06E-013, 
 17.00,   2.48E-012, 
 17.10,   1.38E-012, 
 17.20,   7.71E-013, 
 17.30,   6.75E-013, 
 17.40,   7.59E-013, 
 17.50,   3.49E-012, 
 17.60,   4.77E-012, 
 17.70,   3.15E-012, 
 17.80,   4.02E-012, 
 17.90,   2.66E-012, 
 18.00,  -5.79E-013, 
 18.10,   1.64E-013, 
 18.20,   4.28E-014, 
 18.30,  -2.09E-012, 
 18.40,  -7.76E-014, 
 18.50,  -3.66E-014, 
 18.60,  -2.86E-013, 
 18.70,  -3.42E-013, 
 18.80,   7.34E-013, 
 18.90,   2.52E-012, 
 19.00,  -1.41E-012, 
 19.10,  -7.95E-013, 
 19.20,  -4.41E-013, 
 19.30,   4.99E-014, 
 19.40,   9.64E-013, 
 19.50,   5.30E-012, 
 19.60,   6.99E-012, 
 19.70,   9.16E-012, 
 19.80,   1.12E-011, 
 19.90,   1.36E-011, 
 20.00,   1.54E-011, 
 20.10,   1.47E-011, 
 20.20,   1.19E-011, 
 20.30,   5.77E-012, 
 20.40,   2.79E-012, 
 20.50,   1.51E-012, 
 20.60,  -1.60E-012, 
 20.70,  -1.07E-012, 
 20.80,  -3.36E-013, 
 20.90,  -6.51E-014, 
 21.00,   3.21E-014, 
 21.10,  -1.96E-013, 
 21.20,  -2.96E-013, 
 21.30,   3.92E-014, 
 21.40,   7.94E-014, 
 21.50,  -2.41E-014, 
 21.60,   7.49E-014, 
 21.70,   2.41E-014, 
 21.80,   3.57E-014, 
 21.90,   1.58E-013, 
 22.00,  -8.56E-014, 
 22.10,   1.78E-013, 
 22.20,   1.51E-013, 
 22.30,   5.44E-014, 
 22.40,   2.92E-013, 
 22.50,   1.78E-014, 
 22.60,  -1.13E-013, 
 22.70,  -1.16E-013, 
 22.80,   1.03E-013, 
 22.90,  -3.66E-014, 
 23.00,   8.92E-014, 
 23.10,   8.11E-014, 
 23.20,   2.92E-013, 
 23.30,   1.96E-013, 
 23.40,   1.03E-013, 
 23.50,  -2.41E-014, 
 23.60,  -6.96E-014, 
 23.70,   2.39E-013, 
 23.80,   1.87E-013, 
 23.90,  -9.36E-014, 
 24.00,   4.46E-015, 
 24.10,   2.76E-013, 
 24.20,   1.25E-013, 
 24.30,   3.83E-014, 
 24.40,  -1.92E-013, 
 24.50,  -1.28E-013, 
 24.60,  -4.37E-014, 
 24.70,  -4.28E-014, 
 24.80,  -3.01E-013, 
 24.90,  -4.47E-013, 
 25.00,  -1.81E-013, 
 25.10,  -2.32E-014, 
 25.20,   4.94E-013, 
 25.30,   1.49E-013, 
 25.40,  -4.46E-014, 
 25.50,  -2.99E-013, 
 25.60,  -1.44E-013, 
 25.70,   1.66E-013, 
 25.80,   1.09E-013, 
 25.90,  -2.53E-013, 
 26.00,  -1.83E-013, 
 26.10,   2.25E-013, 
 26.20,   3.31E-013, 
 26.30,   2.59E-013, 
 26.40,   1.52E-013, 
 26.50,   1.07E-013, 
 26.60,  -5.35E-014, 
 26.70,   2.89E-013, 
 26.80,   1.39E-013, 
 26.90,   1.85E-013, 
 27.00,   3.94E-013, 
 27.10,   1.67E-012, 
 27.20,   4.14E-012, 
 27.30,   5.15E-012, 
 27.40,   1.07E-011, 
 27.50,   4.26E-011, 
 27.60,   1.21E-010, 
 27.70,   1.60E-010, 
 27.80,   1.93E-010, 
 27.90,   2.22E-010, 
 28.00,   2.32E-010, 
 28.10,   2.14E-010, 
 28.20,   1.52E-010, 
 28.30,   3.69E-011, 
 28.40,   8.17E-012, 
 28.50,   4.21E-012, 
 28.60,   4.50E-012, 
 28.70,   2.86E-012, 
 28.80,   2.10E-012, 
 28.90,   2.09E-012, 
 29.00,   1.91E-012, 
 29.10,   1.95E-012, 
 29.20,   1.66E-012, 
 29.30,  -8.92E-013, 
 29.40,  -1.44E-012, 
 29.50,  -5.64E-013, 
 29.60,   4.10E-014, 
 29.70,   3.79E-012, 
 29.80,   2.93E-012, 
 29.90,   2.44E-012, 
 30.00,   2.27E-013, 
 30.10,   5.26E-014, 
 30.20,   5.87E-013, 
 30.30,   2.88E-012, 
 30.40,  -7.57E-013, 
 30.50,  -2.59E-013, 
 30.60,  -3.48E-014, 
 30.70,   2.18E-013, 
 30.80,   1.28E-013, 
 30.90,   1.38E-013, 
 31.00,  -1.49E-013, 
 31.10,  -1.53E-013, 
 31.20,   2.17E-013, 
 31.30,   1.85E-012, 
 31.40,   6.83E-013, 
 31.50,  -5.31E-013, 
 31.60,   7.34E-013, 
 31.70,   2.48E-012, 
 31.80,   3.54E-012, 
 31.90,   4.79E-012, 
 32.00,   5.00E-012, 
 32.10,   4.73E-012, 
 32.20,   4.08E-012, 
 32.30,   1.56E-012, 
 32.40,   4.39E-013, 
 32.50,   1.36E-012, 
 32.60,  -2.93E-013, 
 32.70,  -6.24E-015, 
 32.80,  -6.60E-014, 
 32.90,  -1.35E-013, 
 33.00,  -9.81E-014, 
 33.10,   1.78E-015, 
 33.20,  -1.82E-013, 
 33.30,   5.35E-014, 
 33.40,   2.23E-013, 
 33.50,  -1.52E-014, 
 33.60,  -2.84E-013, 
 33.70,  -2.05E-013, 
 33.80,  -1.08E-013, 
 33.90,  -1.69E-013, 
 34.00,  -1.85E-013, 
 34.10,  -8.56E-014, 
 34.20,  -3.21E-014, 
 34.30,   2.36E-013, 
 34.40,   1.52E-013, 
 34.50,   2.27E-013, 
 34.60,  -1.28E-013, 
 34.70,   2.05E-014, 
 34.80,   2.53E-013, 
 34.90,   1.58E-013, 
 35.00,   1.98E-013, 
 35.10,   6.15E-014, 
 35.20,  -1.21E-013, 
 35.30,  -2.43E-013, 
 35.40,   1.78E-015, 
 35.50,   5.86E-013, 
 35.60,   5.83E-013, 
 35.70,   3.20E-013, 
 35.80,   3.88E-013, 
 35.90,   2.96E-013, 
 36.00,   2.43E-013, 
 36.10,   1.28E-013, 
 36.20,   1.70E-013, 
 36.30,   1.55E-013, 
 36.40,  -4.19E-014, 
 36.50,  -9.36E-014, 
 36.60,  -1.17E-013, 
 36.70,  -2.76E-014, 
 36.80,   2.12E-013, 
 36.90,   3.39E-014, 
 37.00,  -2.11E-013, 
 37.10,   7.40E-014, 
 37.20,  -6.78E-014, 
 37.30,  -2.59E-014, 
 37.40,  -4.19E-014, 
 37.50,  -2.88E-013, 
 37.60,  -2.24E-013, 
 37.70,   2.85E-014, 
 37.80,   3.17E-013, 
 37.90,   1.01E-013, 
 38.00,   2.27E-013, 
 38.10,   1.61E-013, 
 38.20,   2.50E-013, 
 38.30,   3.83E-013, 
 38.40,   1.20E-013, 
 38.50,   1.54E-013, 
 38.60,   3.94E-013, 
 38.70,   2.45E-012, 
 38.80,   3.58E-012, 
 38.90,   2.15E-012, 
 39.00,   1.85E-012, 
 39.10,   2.94E-012, 
 39.20,   3.78E-012, 
 39.30,   6.23E-012, 
 39.40,   1.47E-011, 
 39.50,   5.09E-011, 
 39.60,   9.00E-011, 
 39.70,   1.15E-010, 
 39.80,   1.40E-010, 
 39.90,   1.59E-010, 
 40.00,   1.68E-010, 
 40.10,   1.41E-010, 
 40.20,   7.18E-011, 
 40.30,   1.98E-011, 
 40.40,   9.93E-012, 
 40.50,   1.03E-011, 
 40.60,   1.42E-011, 
 40.70,   1.79E-011, 
 40.80,   2.42E-011, 
 40.90,   3.21E-011, 
 41.00,   4.08E-011, 
 41.10,   4.49E-011, 
 41.20,   3.81E-011, 
 41.30,   3.44E-011, 
 41.40,   4.85E-011, 
 41.50,   8.39E-011, 
 41.60,   1.08E-010, 
 41.70,   1.09E-010, 
 41.80,   1.26E-010, 
 41.90,   1.42E-010, 
 42.00,   1.48E-010, 
 42.10,   1.20E-010, 
 42.20,   5.70E-011, 
 42.30,   1.66E-011, 
 42.40,   9.74E-012, 
 42.50,   1.41E-011, 
 42.60,   2.06E-011, 
 42.70,   2.59E-011, 
 42.80,   3.41E-011, 
 42.90,   4.05E-011, 
 43.00,   4.36E-011, 
 43.10,   3.80E-011, 
 43.20,   2.25E-011, 
 43.30,   8.97E-012, 
 43.40,   4.05E-012, 
 43.50,   2.71E-012, 
 43.60,   2.32E-012, 
 43.70,   2.06E-012, 
 43.80,   2.66E-012, 
 43.90,   1.05E-012, 
 44.00,   1.00E-012, 
 44.10,   2.16E-012, 
 44.20,   3.91E-012, 
 44.30,   3.17E-012, 
 44.40,  -7.50E-013, 
 44.50,  -1.04E-012, 
 44.60,  -4.81E-013, 
 44.70,   1.24E-013, 
 44.80,   6.24E-014, 
 44.90,   9.45E-014, 
 45.00,   2.28E-013, 
 45.10,  -2.14E-014, 
 45.20,   1.63E-013, 
 45.30,   6.15E-014, 
 45.40,  -1.64E-013, 
 45.50,  -1.43E-013, 
 45.60,  -1.52E-013, 
 45.70,   8.92E-014, 
 45.80,  -3.48E-014, 
 45.90,  -2.42E-013, 
 46.00,  -1.70E-013, 
 46.10,  -2.26E-013, 
 46.20,   1.83E-013, 
 46.30,   5.62E-014, 
 46.40,  -9.90E-014, 
 46.50,   2.29E-013, 
 46.60,   2.69E-013, 
 46.70,   9.90E-014, 
 46.80,  -2.13E-013, 
 46.90,  -1.85E-013, 
 47.00,   7.49E-014, 
 47.10,  -1.25E-013, 
 47.20,  -2.66E-013, 
 47.30,  -7.67E-014, 
 47.40,   1.52E-014, 
 47.50,   2.05E-013, 
 47.60,   9.54E-014, 
 47.70,  -1.61E-014, 
 47.80,  -6.78E-014, 
 47.90,  -1.73E-013, 
 48.00,  -4.00E-013, 
 48.10,  -2.84E-013, 
 48.20,   4.90E-014, 
 48.30,   2.50E-014, 
 48.40,  -2.21E-013, 
 48.50,  -1.74E-013, 
 48.60,  -2.98E-013, 
 48.70,  -3.24E-013, 
 48.80,  -2.57E-013, 
 48.90,  -1.27E-013, 
 49.00,  -6.60E-014, 
 49.10,  -2.20E-013, 
 49.20,  -2.69E-013, 
 49.30,  -2.17E-013, 
 49.40,  -6.33E-014, 
 49.50,  -1.75E-013, 
 49.60,  -3.16E-013, 
 49.70,   7.58E-014, 
 49.80,   2.27E-013, 
 49.90,   4.16E-013, 
 50.00,   9.72E-014, 
 50.10,   6.06E-014, 
 50.20,  -8.20E-014, 
 50.30,  -9.81E-014, 
 50.40,  -1.65E-013, 
 50.50,   2.19E-013, 
 50.60,  -4.55E-014, 
 50.70,  -3.32E-013, 
 50.80,  -2.33E-013, 
 50.90,  -1.83E-013, 
 51.00,   1.84E-013, 
 51.10,  -2.05E-013, 
 51.20,  -2.13E-013, 
 51.30,  -1.78E-013, 
 51.40,  -2.71E-013, 
 51.50,  -9.81E-014, 
 51.60,  -1.65E-013, 
 51.70,  -3.34E-013, 
 51.80,  -4.30E-013, 
 51.90,  -3.25E-013, 
 52.00,  -1.55E-013, 
 52.10,  -1.60E-013, 
 52.20,  -3.75E-014, 
 52.30,  -9.36E-014, 
 52.40,   1.57E-013, 
 52.50,   8.47E-014, 
 52.60,   1.37E-013, 
 52.70,  -1.04E-013, 
 52.80,  -1.18E-013, 
 52.90,   2.28E-013, 
 53.00,   4.17E-013, 
 53.10,   5.71E-014, 
 53.20,  -2.99E-013, 
 53.30,  -3.01E-013, 
 53.40,  -1.50E-013, 
 53.50,   3.48E-014, 
 53.60,   1.75E-013, 
 53.70,   4.55E-014, 
 53.80,   5.17E-014, 
 53.90,   1.13E-013, 
 54.00,   3.57E-014, 
 54.10,   3.75E-013, 
 54.20,   2.10E-013, 
 54.30,  -6.24E-015, 
 54.40,   6.15E-014, 
 54.50,   6.15E-014, 
 54.60,  -1.07E-013, 
 54.70,  -2.14E-013, 
 54.80,  -3.89E-013, 
 54.90,  -1.18E-013, 
 55.00,  -1.02E-013, 
 55.10,  -1.16E-014, 
 55.20,  -1.29E-013, 
 55.30,   1.36E-013, 
 55.40,   8.92E-014, 
 55.50,   1.78E-015, 
 55.60,  -1.16E-014, 
 55.70,   2.75E-013, 
 55.80,  -1.68E-013, 
 55.90,  -5.35E-015, 
 56.00,   1.87E-013, 
 56.10,   2.48E-013, 
 56.20,   3.17E-013, 
 56.30,   3.19E-013, 
 56.40,   6.60E-014, 
 56.50,  -1.72E-013, 
 56.60,   2.85E-014, 
 56.70,  -1.14E-013, 
 56.80,  -2.17E-013, 
 56.90,  -2.29E-013, 
 57.00,  -9.81E-014, 
 57.10,   6.96E-014, 
 57.20,  -5.44E-014, 
 57.30,  -1.82E-013, 
 57.40,  -2.75E-013, 
 57.50,  -2.51E-013, 
 57.60,  -3.05E-013, 
 57.70,  -1.89E-013, 
 57.80,  -4.46E-015, 
 57.90,  -1.39E-013, 
 58.00,  -1.06E-013, 
 58.10,   1.87E-014, 
 58.20,   2.48E-013, 
 58.30,   1.13E-013, 
 58.40,   6.78E-014, 
 58.50,  -1.87E-014, 
 58.60,  -2.13E-013, 
 58.70,  -1.16E-014, 
 58.80,  -2.23E-013, 
 58.90,  -4.99E-014, 
 59.00,  -1.03E-013, 
 59.10,  -1.64E-013, 
 59.20,  -1.35E-013, 
 59.30,  -2.14E-013, 
 59.40,  -1.13E-013, 
 59.50,  -3.12E-014, 
 59.60,  -2.43E-013, 
 59.70,  -1.53E-013, 
 59.80,   1.19E-013, 
 59.90,  -2.32E-014, 
 60.00,  -8.29E-014, 
 60.10,  -1.50E-013, 
 60.20,  -2.99E-013, 
 60.30,  -1.03E-013, 
 60.40,   5.71E-014, 
 60.50,   1.78E-014, 
 60.60,  -1.06E-013, 
 60.70,  -1.07E-014, 
 60.80,   1.75E-013, 
 60.90,   1.39E-013, 
 61.00,   7.94E-014, 
 61.10,   8.03E-015, 
 61.20,  -1.78E-015, 
 61.30,   2.43E-013, 
 61.40,   2.05E-014, 
 61.50,  -4.73E-014, 
 61.60,  -1.60E-013, 
 61.70,  -4.63E-013, 
 61.80,  -1.31E-013, 
 61.90,  -1.24E-013, 
 62.00,  -2.98E-013, 
 62.10,  -2.80E-013, 
 62.20,  -8.47E-014, 
 62.30,  -1.71E-013, 
 62.40,  -2.41E-014, 
 62.50,  -1.83E-013, 
 62.60,  -2.41E-013, 
 62.70,  -9.19E-014, 
 62.80,   1.05E-013, 
 62.90,   2.68E-015, 
 63.00,   1.03E-013, 
 63.10,   1.86E-013, 
 63.20,   7.22E-014, 
 63.30,   1.03E-013, 
 63.40,   1.85E-013, 
 63.50,  -1.18E-013, 
 63.60,  -2.66E-013, 
 63.70,  -2.50E-013, 
 63.80,  -3.67E-013, 
 63.90,  -1.37E-013, 
 64.00,  -4.10E-014, 
 64.10,  -1.57E-013, 
 64.20,   3.21E-014, 
 64.30,   3.86E-013, 
 64.40,   3.39E-014, 
 64.50,  -1.27E-013, 
 64.60,  -4.23E-013, 
 64.70,  -2.55E-013, 
 64.80,  -3.15E-013, 
 64.90,  -2.39E-013, 
 65.00,  -2.76E-014, 
 65.10,   9.27E-014, 
 65.20,   6.51E-014, 
 65.30,  -3.39E-013, 
 65.40,  -4.77E-013, 
 65.50,  -5.80E-014, 
 65.60,  -6.06E-014, 
 65.70,   6.06E-014, 
 65.80,  -9.63E-014, 
 65.90,  -1.21E-013, 
 66.00,  -4.37E-014, 
 66.10,   6.42E-014, 
 66.20,  -1.89E-013, 
 66.30,  -2.05E-014, 
 66.40,   1.37E-013, 
 66.50,  -8.11E-014, 
 66.60,   1.25E-013, 
 66.70,  -2.41E-014, 
 66.80,  -8.92E-015, 
 66.90,   1.16E-013, 
 67.00,  -1.35E-013, 
 67.10,  -8.38E-014, 
 67.20,  -2.68E-015, 
 67.30,  -8.11E-014, 
 67.40,   4.73E-014, 
 67.50,   1.39E-013, 
 67.60,   2.26E-013, 
 67.70,  -1.06E-013, 
 67.80,  -9.81E-014, 
 67.90,  -2.43E-013, 
 68.00,  -1.04E-013, 
 68.10,  -1.01E-013, 
 68.20,   1.13E-013, 
 68.30,   2.87E-013, 
 68.40,   2.18E-013, 
 68.50,   2.61E-013, 
 68.60,   2.14E-012, 
 68.70,   2.48E-012, 
 68.80,  -1.50E-012, 
 68.90,  -9.27E-013, 
 69.00,  -5.22E-013, 
 69.10,  -2.58E-013, 
 69.20,   5.17E-014, 
 69.30,   1.66E-013, 
 69.40,  -4.82E-014, 
 69.50,   4.82E-014, 
 69.60,  -1.10E-013, 
 69.70,   1.67E-013, 
 69.80,   1.83E-013, 
 69.90,   1.56E-013, 
 70.00,  -2.37E-013, 
 70.10,   1.87E-013, 
 70.20,  -5.17E-014, 
 70.30,  -1.90E-013, 
 70.40,  -3.57E-015, 
 70.50,  -1.78E-014, 
 70.60,   6.33E-014, 
 70.70,   6.42E-014, 
 70.80,   2.32E-014, 
 70.90,  -5.71E-014, 
 71.00,  -1.48E-013, 
 71.10,  -1.31E-013, 
 71.20,  -1.43E-013, 
 71.30,  -2.39E-013, 
 71.40,  -1.35E-013, 
 71.50,  -2.24E-013, 
 71.60,  -7.49E-014, 
 71.70,  -3.57E-015, 
 71.80,   5.71E-014, 
 71.90,   3.21E-014, 
 72.00,  -1.98E-013, 
 72.10,  -1.66E-013, 
 72.20,   1.29E-013, 
 72.30,   5.17E-014, 
 72.40,  -7.85E-014, 
 72.50,   1.76E-013, 
 72.60,  -6.78E-014, 
 72.70,  -9.72E-014, 
 72.80,   5.53E-014, 
 72.90,   1.97E-013, 
 73.00,   1.30E-013, 
 73.10,   2.62E-013, 
 73.20,   1.16E-014, 
 73.30,   1.94E-013, 
 73.40,   1.09E-013, 
 73.50,   3.75E-014, 
 73.60,   5.89E-014, 
 73.70,  -1.64E-013, 
 73.80,  -7.67E-014, 
 73.90,  -8.20E-014, 
 74.00,   2.14E-014, 
 74.10,   2.13E-013, 
 74.20,  -3.92E-014, 
 74.30,  -1.77E-013, 
 74.40,  -2.26E-013, 
 74.50,  -3.01E-013, 
 74.60,  -6.06E-014, 
 74.70,   7.49E-014, 
 74.80,   2.71E-013, 
 74.90,  -6.96E-014, 
 75.00,  -2.23E-014, 
 75.10,   2.51E-013, 
 75.20,   2.91E-013, 
 75.30,   1.81E-013, 
 75.40,   2.17E-013, 
 75.50,   2.72E-013, 
 75.60,   1.58E-013, 
 75.70,  -1.52E-014, 
 75.80,  -1.25E-014, 
 75.90,  -4.90E-013, 
 76.00,  -1.46E-013, 
 76.10,   1.54E-013, 
 76.20,   2.32E-014, 
 76.30,  -2.16E-013, 
 76.40,  -1.42E-013, 
 76.50,   8.11E-014, 
 76.60,   2.14E-014, 
 76.70,   3.76E-013, 
 76.80,   3.63E-013, 
 76.90,  -7.04E-014, 
 77.00,   8.47E-014, 
 77.10,   2.84E-013, 
 77.20,   1.67E-013, 
 77.30,   3.07E-013, 
 77.40,   2.20E-013, 
 77.50,   2.51E-012, 
 77.60,   3.68E-012, 
 77.70,   3.17E-012, 
 77.80,   3.48E-012, 
 77.90,   4.20E-012, 
 78.00,   5.02E-012, 
 78.10,   4.60E-012, 
 78.20,   3.04E-012, 
 78.30,   2.02E-012, 
 78.40,  -1.06E-012, 
 78.50,  -1.35E-012, 
 78.60,  -5.14E-013, 
 78.70,  -4.01E-014, 
 78.80,   3.79E-013, 
 78.90,   4.89E-013, 
 79.00,   6.88E-013, 
 79.10,   3.81E-012, 
 79.20,   2.11E-012, 
 79.30,   1.58E-012, 
 79.40,   2.72E-012, 
 79.50,   6.74E-012, 
 79.60,   1.27E-011, 
 79.70,   1.64E-011, 
 79.80,   2.27E-011, 
 79.90,   3.17E-011, 
 80.00,   3.59E-011, 
 80.10,   2.78E-011, 
 80.20,   1.49E-011, 
 80.30,   6.76E-012, 
 80.40,   3.49E-012, 
 80.50,   2.62E-012, 
 80.60,   2.57E-012, 
 80.70,   2.91E-012, 
 80.80,   3.04E-012, 
 80.90,   3.14E-012, 
 81.00,   3.40E-012, 
 81.10,   4.18E-012, 
 81.20,   5.05E-012, 
 81.30,   7.49E-012, 
 81.40,   1.51E-011, 
 81.50,   5.05E-011, 
 81.60,   8.23E-011, 
 81.70,   9.82E-011, 
 81.80,   1.40E-010, 
 81.90,   1.84E-010, 
 82.00,   1.92E-010, 
 82.10,   1.19E-010, 
 82.20,   5.28E-011, 
 82.30,   2.22E-011, 
 82.40,   2.30E-011, 
 82.50,   5.70E-011, 
 82.60,   9.05E-011, 
 82.70,   1.06E-010, 
 82.80,   1.47E-010, 
 82.90,   1.92E-010, 
 83.00,   1.99E-010, 
 83.10,   1.40E-010, 
 83.20,   6.81E-011, 
 83.30,   4.33E-011, 
 83.40,   8.93E-011, 
 83.50,   3.18E-010, 
 83.60,   4.19E-010, 
 83.70,   5.02E-010, 
 83.80,   7.15E-010, 
 83.90,   9.16E-010, 
 84.00,   9.12E-010, 
 84.10,   5.24E-010, 
 84.20,   1.51E-010, 
 84.30,   2.21E-011, 
 84.40,   8.54E-012, 
 84.50,   5.66E-012, 
 84.60,   4.60E-012, 
 84.70,   4.41E-012, 
 84.80,   4.59E-012, 
 84.90,   4.70E-012, 
 85.00,   4.79E-012, 
 85.10,   5.54E-012, 
 85.20,   6.80E-012, 
 85.30,   9.59E-012, 
 85.40,   1.97E-011, 
 85.50,   7.45E-011, 
 85.60,   1.16E-010, 
 85.70,   1.34E-010, 
 85.80,   1.99E-010, 
 85.90,   2.56E-010, 
 86.00,   2.66E-010, 
 86.10,   1.58E-010, 
 86.20,   6.08E-011, 
 86.30,   1.58E-011, 
 86.40,   5.99E-012, 
 86.50,   3.12E-012, 
 86.60,   1.49E-012, 
 86.70,  -1.84E-012, 
 86.80,  -1.23E-012, 
 86.90,  -5.69E-013, 
 87.00,  -1.31E-013, 
 87.10,   1.09E-013, 
 87.20,   1.32E-013, 
 87.30,   1.78E-013, 
 87.40,   1.11E-013, 
 87.50,  -1.33E-013, 
 87.60,   1.97E-013, 
 87.70,   3.48E-014, 
 87.80,   1.73E-013, 
 87.90,  -1.57E-013, 
 88.00,   1.34E-013, 
 88.10,   1.27E-013, 
 88.20,   2.23E-014, 
 88.30,  -2.71E-013, 
 88.40,  -2.08E-013, 
 88.50,   7.40E-014, 
 88.60,   1.89E-013, 
 88.70,   1.04E-013, 
 88.80,   6.78E-014, 
 88.90,  -1.32E-013, 
 89.00,  -2.42E-013, 
 89.10,  -1.36E-013, 
 89.20,   1.56E-013, 
 89.30,   1.55E-013, 
 89.40,   3.89E-013, 
 89.50,  -4.73E-014, 
 89.60,  -3.92E-014, 
 89.70,   1.07E-014, 
 89.80,   1.85E-013, 
 89.90,  -1.96E-014, 
 90.00,   1.50E-013, 
