Jul 16, 2026  01:59:57 PM
Residual Gas Analyzer Software 
RGA Software Version, 3.214.004

Pressure vs Time Scan Setup:

Active channels in Scan, 8 
Units, Torr
Sample Period, 1.00, sec
Focus Voltage, 90, Volts 
Ion Energy, HIGH 
Electron Energy, 70, eV 
CEM Voltage, 1159, Volts
CEM Gain, 1.01E+003 
Sensitivity Factor, 1.11E-004 
Filament Current, 1.00, mAmps
Start time, Jul 16, 2026  01:59:57 PM 
Channel,  Mass(amu),     Name,                 Cal Factor,  Noise Floor, CEM Status

1         2.00           Hydrogen              1.00         3            OFF
2         4.00           Helium                1.00         3            OFF
3         26.00          Dummy-26              1.00         3            ON
4         28.00          Nitrogen              1.00         3            ON
5         32.00          Oxygen                1.00         3            ON
6         40.00          Argon                 1.00         3            ON
7         44.00          Carbon dioxide        1.00         3            ON
8         84.00          Krypton               1.00         3            ON


Time(s)      Channel#1   Channel#2   Channel#3   Channel#4   Channel#5   Channel#6   Channel#7   Channel#8   

0.000,   3.5933E-008,   2.6195E-006,   4.6228E-012,   2.7439E-011,   1.8982E-011,   1.1521E-012,   8.2344E-012,   3.3351E-013,  
5.578,   3.5531E-008,   2.6344E-006,   2.2098E-011,   2.9183E-011,   1.9437E-011,   6.9432E-012,   8.5465E-012,   4.4766E-013,  
10.593,   3.6728E-008,   2.6167E-006,   2.2934E-011,   2.8483E-011,   1.9647E-011,   6.2093E-012,   8.8943E-012,   3.6383E-013,  
15.593,   3.5734E-008,   2.6252E-006,   2.1427E-011,   2.8954E-011,   1.9318E-011,   7.3427E-012,   9.7673E-012,   7.0270E-013,  
20.593,   3.4986E-008,   2.6346E-006,   2.2245E-011,   2.9626E-011,   1.9211E-011,   7.7547E-012,   9.4784E-012,   2.7020E-013,  
25.609,   3.5380E-008,   2.6214E-006,   2.3067E-011,   3.0550E-011,   1.9120E-011,   6.0407E-012,   8.9772E-012,   4.2893E-013,  
31.609,   3.4383E-008,   2.6150E-006,   2.2020E-011,   3.1163E-011,   1.8312E-011,   5.9542E-012,   8.8970E-012,   2.3453E-013,  
37.578,   3.2889E-008,   2.6341E-006,   5.4700E-012,   3.0407E-011,   1.9371E-011,   7.0805E-012,   9.3678E-012,   2.6752E-013,  
42.593,   3.4224E-008,   2.6398E-006,   6.2958E-012,   3.0894E-011,   1.9054E-011,   6.7291E-012,   8.9121E-012,   1.6230E-013,  
47.593,   3.5476E-008,   2.6296E-006,   2.1703E-011,   3.0579E-011,   1.8524E-011,   8.3129E-012,   9.4436E-012,   8.0257E-014,  
52.593,   3.3709E-008,   2.6394E-006,   2.3557E-011,   3.0378E-011,   1.8894E-011,   7.8296E-012,   9.1520E-012,   3.0587E-013,  
57.609,   3.6858E-008,   2.6526E-006,   5.2069E-012,   3.0240E-011,   1.8999E-011,   6.7693E-012,   9.5114E-012,   1.2752E-013,  
63.593,   3.5552E-008,   2.6324E-006,   5.1534E-012,   3.0527E-011,   1.9295E-011,   8.3940E-012,   9.0736E-012,   3.3797E-013,  
68.578,   3.5995E-008,   2.6279E-006,   2.3016E-011,   3.0829E-011,   1.8706E-011,   6.4625E-012,   9.2885E-012,   2.5326E-013,  
73.593,   3.2901E-008,   2.6219E-006,   2.2817E-011,   2.6652E-011,   1.8464E-011,   6.5428E-012,   9.4802E-012,   7.3480E-013,  
78.578,   3.5623E-008,   2.6412E-006,   2.3327E-011,   3.0903E-011,   1.4803E-011,   7.1777E-012,   9.1645E-012,   3.0319E-013,  
83.609,   3.4848E-008,   2.6251E-006,   5.1677E-012,   3.0888E-011,   1.8468E-011,   7.5825E-012,   9.2688E-012,   5.7875E-013,  
89.578,   3.3635E-008,   2.6485E-006,   2.4022E-011,   3.0907E-011,   1.8895E-011,   7.6048E-012,   9.4811E-012,   6.3314E-013,  
94.593,   3.6297E-008,   2.6249E-006,   5.6778E-012,   3.1918E-011,   1.8397E-011,   5.9738E-012,   9.0227E-012,   6.2690E-013,  
99.578,   3.4285E-008,   2.6320E-006,   7.2722E-012,   3.0500E-011,   1.8613E-011,   7.4301E-012,   8.9986E-012,   3.8345E-013,  
104.593,   3.5222E-008,   2.6251E-006,   2.3190E-011,   3.1166E-011,   1.9789E-011,   5.9489E-012,   9.5266E-012,   4.8154E-013,  
109.593,   3.5205E-008,   2.6430E-006,   2.1214E-011,   3.1931E-011,   2.1281E-011,   7.2401E-012,   9.0307E-012,   6.8576E-013,  
114.578,   3.6321E-008,   2.6265E-006,   2.3241E-011,   3.0589E-011,   2.2254E-011,   7.0359E-012,   8.9318E-012,   8.3289E-013,  
119.593,   3.5771E-008,   2.6176E-006,   3.8167E-013,   3.0680E-011,   2.0656E-011,   6.2280E-012,   8.8818E-012,   5.3416E-013,  
124.593,   3.7332E-008,   2.6374E-006,   7.7876E-012,   3.0896E-011,   1.9370E-011,   7.6904E-012,   8.8292E-012,   2.7733E-013,  
129.593,   3.6894E-008,   2.6155E-006,   6.8834E-012,   3.1650E-011,   1.9487E-011,   6.0327E-012,   9.7629E-012,   4.1377E-013,  
134.593,   3.3578E-008,   2.6454E-006,   5.0830E-012,   3.0919E-011,   1.8349E-011,   7.2517E-012,   1.0087E-011,   2.0243E-013,  
139.593,   3.6494E-008,   2.6101E-006,   2.2146E-011,   3.1659E-011,   1.9536E-011,   6.1816E-012,   9.5168E-012,   5.0116E-013,  
144.578,   3.3366E-008,   2.6237E-006,   2.1667E-011,   3.1463E-011,   1.8539E-011,   6.3983E-012,   9.1315E-012,   4.3785E-013,  
149.593,   3.5509E-008,   2.6207E-006,   6.8326E-012,   3.0534E-011,   1.9857E-011,   1.4321E-012,   9.6398E-012,   5.2970E-013,  
155.578,   3.6643E-008,   2.6190E-006,   2.1434E-011,   3.0737E-011,   1.8828E-011,   8.4796E-012,   9.5373E-012,   2.5326E-013,  
160.609,   3.5443E-008,   2.6208E-006,   2.1481E-011,   2.6357E-011,   1.9099E-011,   7.3685E-012,   9.4454E-012,  -1.8727E-014,  
166.593,   3.5279E-008,   2.6166E-006,   5.3371E-012,   3.1179E-011,   1.9514E-011,   8.1158E-012,   9.7388E-012,   5.8320E-013,  
171.593,   3.6282E-008,   2.6102E-006,   2.2596E-011,   3.0371E-011,   1.8513E-011,   6.9423E-012,   9.0218E-012,   2.9517E-013,  
176.593,   3.6743E-008,   2.6091E-006,   2.2493E-011,   3.1243E-011,   1.8697E-011,   7.1545E-012,   9.6033E-012,   6.8576E-013,  
181.578,   3.6965E-008,   2.6373E-006,   2.2429E-011,   3.0701E-011,   1.9462E-011,   7.0894E-012,   9.0753E-012,   3.6383E-013,  
186.593,   3.7407E-008,   2.6332E-006,   7.9508E-012,   2.9913E-011,   1.8324E-011,   5.5877E-012,   8.7276E-012,   3.7721E-013,  
192.593,   3.6140E-008,   2.6360E-006,   4.7218E-012,   3.1069E-011,   1.8397E-011,   7.2624E-012,   8.6821E-012,   5.3594E-013,  
198.593,   3.5396E-008,   2.6218E-006,   2.2139E-011,   3.1082E-011,   1.8555E-011,   5.6715E-012,   9.2448E-012,   1.5249E-013,  
203.578,   3.3155E-008,   2.6306E-006,   6.5383E-012,   3.1142E-011,   1.8249E-011,   7.8759E-012,   9.4294E-012,   4.4944E-013,  
208.593,   3.7284E-008,   2.6254E-006,   2.0743E-011,   3.1077E-011,   1.8476E-011,   6.8576E-012,   1.0083E-011,   7.7136E-013,  
214.593,   3.6528E-008,   2.6202E-006,   6.3011E-012,   3.0590E-011,   1.8064E-011,   9.3545E-013,   8.7177E-012,   4.1734E-013,  
219.593,   3.7167E-008,   2.6212E-006,   2.0957E-011,   3.1035E-011,   1.9054E-011,   7.5264E-012,   9.6987E-012,  -9.6220E-013,  
225.593,   3.6739E-008,   2.6294E-006,  -2.9695E-013,   3.0858E-011,   1.8864E-011,   7.6976E-012,   9.0174E-012,   2.4880E-013,  
230.593,   3.7660E-008,   2.6171E-006,   2.2748E-011,   3.1135E-011,   1.8107E-011,   8.1256E-012,   9.6701E-012,   2.4077E-013,  
235.593,   3.7250E-008,   2.6283E-006,   5.1088E-012,   3.1445E-011,   1.9234E-011,   1.2975E-012,   8.8899E-012,   4.3874E-013,  
240.593,   3.7231E-008,   2.6069E-006,   2.1702E-011,   3.0171E-011,   1.8797E-011,   7.6815E-012,   9.1137E-012,  -1.8727E-014,  
245.593,   3.4391E-008,   2.6049E-006,   2.2098E-011,   3.1131E-011,   1.8639E-011,   1.0674E-012,   9.0004E-012,   7.2232E-014,  
250.578,   3.4345E-008,   2.5974E-006,   1.7567E-013,   3.0583E-011,   1.9174E-011,   6.8558E-012,   8.8060E-012,   2.3185E-013,  
255.593,   3.3943E-008,   2.6058E-006,   7.8420E-012,   3.1119E-011,   1.9110E-011,   7.0520E-012,   8.8702E-012,   4.7976E-013,  
260.593,   3.5799E-008,   2.6001E-006,   6.2717E-012,   3.1164E-011,   1.9377E-011,   5.9908E-012,   9.3955E-012,   3.3173E-013,  
265.578,   3.4134E-008,   2.6046E-006,   2.1012E-011,   3.1002E-011,   1.9585E-011,   7.9972E-012,   9.0432E-012,   3.1390E-013,  
270.593,   3.3858E-008,   2.6166E-006,   5.3059E-012,   3.1494E-011,   1.7806E-011,   5.5378E-012,   8.9104E-012,   1.3109E-013,  
275.593,   3.6446E-008,   2.6108E-006,   2.2850E-011,   3.1202E-011,   1.8352E-011,   7.5531E-012,   9.2929E-012,   3.7275E-013,  
280.593,   3.4963E-008,   2.6082E-006,   2.1818E-011,   3.2575E-011,   1.3730E-011,   6.6854E-012,   8.5537E-012,   3.7543E-013,  
286.593,   3.5445E-008,   2.6065E-006,   7.8608E-012,   3.5699E-011,   1.9280E-011,   6.3814E-012,   9.4579E-012,  -3.8345E-014,  
292.578,   3.5820E-008,   2.5929E-006,   5.1097E-013,   3.4557E-011,   1.8836E-011,   6.7595E-012,   9.1734E-012,   4.0040E-013,  
297.593,   3.4074E-008,   2.6045E-006,   6.3965E-012,   3.4359E-011,   1.8081E-011,   6.3653E-012,   9.0548E-012,   5.0919E-013,  
302.593,   3.5696E-008,   2.5858E-006,   5.6162E-012,   3.2464E-011,   1.8881E-011,   7.0974E-012,   9.0432E-012,   3.3708E-013,  
307.593,   3.4351E-008,   2.5889E-006,   6.1664E-012,   3.2379E-011,   1.8788E-011,   7.4033E-012,   9.4641E-012,   7.0894E-013,  
312.593,   3.3505E-008,   2.5974E-006,   2.0949E-011,   3.1009E-011,   1.9101E-011,   5.8766E-012,   8.8533E-012,   3.2192E-013,  
317.593,   3.3700E-008,   2.5980E-006,   2.1728E-011,   3.0702E-011,   1.8971E-011,   8.0614E-013,   9.1021E-012,   2.9963E-013,  
322.578,   3.6077E-008,   2.5996E-006,   2.0235E-011,   3.0888E-011,   1.8032E-011,   7.5219E-012,   9.0477E-012,   3.0409E-013,  
327.593,   3.3639E-008,   2.5943E-006,   5.7429E-012,   3.0233E-011,   1.9317E-011,   6.4732E-012,   9.6692E-012,   3.1211E-014,  
332.609,   3.4584E-008,   2.5849E-006,   3.0569E-012,   3.0415E-011,   1.8542E-011,   7.6815E-012,   9.3001E-012,   5.9569E-013,  
338.593,   3.4667E-008,   2.5940E-006,   2.1554E-011,   3.0436E-011,   1.8585E-011,   9.1672E-013,   9.7495E-012,   2.3453E-013,  
343.593,   3.8408E-008,   2.5915E-006,   2.1579E-011,   2.9855E-011,   1.8000E-011,   6.6373E-012,   8.4065E-012,   3.5135E-013,  
348.578,   3.5196E-008,   2.5932E-006,   1.9256E-011,   3.0863E-011,   1.8621E-011,   5.8463E-012,   8.6107E-012,   6.6881E-014,  
353.593,   3.4754E-008,   2.5921E-006,   2.2115E-013,   3.0252E-011,   1.8781E-011,   7.9330E-012,   8.9844E-012,   2.6128E-013,  
359.593,   3.5749E-008,   2.6019E-006,   2.0023E-011,   3.0445E-011,   1.9547E-011,   8.3735E-012,   9.1369E-012,   5.3327E-013,  
364.593,   3.5879E-008,   2.5956E-006,   2.1370E-011,   3.0480E-011,   1.6017E-011,   6.3938E-012,   8.8783E-012,   6.2422E-013,  
369.593,   3.5855E-008,   2.5769E-006,   2.1891E-011,   3.0270E-011,   1.8362E-011,   6.1290E-012,   8.8114E-012,   4.7174E-013,  
374.578,   3.6230E-008,   2.5917E-006,   1.0353E-011,   3.0071E-011,   1.8837E-011,   5.6207E-012,   8.9772E-012,   7.6690E-014,  
379.609,   3.3139E-008,   2.5748E-006,   2.1405E-011,   3.0242E-011,   1.8636E-011,   9.7290E-013,   8.8756E-012,   4.6906E-013,  
384.609,   3.4740E-008,   2.5860E-006,   2.0324E-011,   2.5442E-011,   1.8762E-011,   7.9687E-012,   9.2118E-012,   1.7657E-013,  
389.609,   3.5020E-008,   2.5837E-006,   8.4092E-012,   3.0005E-011,   1.8423E-011,   5.8740E-012,   9.6550E-012,   8.0793E-013,  
394.609,   3.4799E-008,   2.5721E-006,   2.0337E-011,   2.9758E-011,   1.7678E-011,   7.1964E-012,   9.1690E-012,   2.5861E-013,  
399.625,   3.2650E-008,   2.5876E-006,   2.1821E-011,   2.9926E-011,   1.8490E-011,   7.5317E-012,   8.7383E-012,   2.2918E-013,  
405.625,   3.6258E-008,   2.5780E-006,   1.9586E-011,   2.7303E-011,   1.8622E-011,   7.0377E-012,   8.8292E-012,   3.8702E-013,  
410.625,   3.4766E-008,   2.5715E-006,   2.0757E-011,   3.0534E-011,   1.8939E-011,   7.0181E-012,   9.4517E-012,   1.4892E-013,  
416.625,   3.4379E-008,   2.5648E-006,   2.1041E-011,   3.0127E-011,   1.8626E-011,   1.1298E-012,   9.0058E-012,   4.9403E-013,  
422.625,   3.4999E-008,   2.5900E-006,   5.1721E-012,   3.0499E-011,   1.8845E-011,   8.3165E-012,   9.2662E-012,   4.6639E-013,  
427.625,   3.5911E-008,   2.5754E-006,   2.1797E-011,   3.0299E-011,   1.8935E-011,   9.5596E-013,   8.9255E-012,   2.1402E-013,  
432.625,   3.4469E-008,   2.5779E-006,   3.7899E-013,   2.9790E-011,   1.8753E-011,   6.7416E-012,   8.9184E-012,   9.7201E-014,  
437.609,   3.2350E-008,   2.5725E-006,   5.2212E-012,   3.1155E-011,   1.8525E-011,   6.9744E-012,   9.0976E-012,   6.0639E-013,  
442.640,   3.5375E-008,   2.5738E-006,   2.1579E-011,   2.6836E-011,   1.8026E-011,   7.3578E-012,   8.8346E-012,   5.9836E-013,  
448.609,   3.3920E-008,   2.5654E-006,   5.4147E-012,   3.0947E-011,   1.8960E-011,   5.7661E-012,   8.7552E-012,   1.1236E-012,  
453.625,   3.5059E-008,   2.5661E-006,   2.0792E-011,   2.9074E-011,   1.8103E-011,   6.2396E-012,   8.7302E-012,   3.1835E-013,  
458.609,   3.4810E-008,   2.5771E-006,   5.7161E-012,   2.8887E-011,   1.8659E-011,   6.5231E-012,   8.8934E-012,   3.1925E-013,  
463.625,   3.2621E-008,   2.5572E-006,   5.0366E-012,   3.0287E-011,   1.8246E-011,   7.5825E-012,   8.3923E-012,   3.5759E-013,  
468.609,   3.1257E-008,   2.5552E-006,  -3.0319E-014,   3.0576E-011,   1.8819E-011,   7.4524E-012,   8.3477E-012,  -5.6180E-014,  
473.625,   3.3733E-008,   2.5550E-006,   6.7666E-012,   3.0103E-011,   1.8539E-011,   7.2339E-012,   8.8533E-012,   6.4206E-013,  
478.625,   3.5263E-008,   2.5604E-006,   3.6080E-012,   3.1209E-011,   1.8239E-011,   6.8754E-012,   8.6963E-012,   4.8422E-013,  
483.625,   3.3752E-008,   2.5741E-006,   2.0747E-011,   3.0583E-011,   1.9284E-011,   6.8816E-012,   8.6687E-012,  -4.1020E-014,  
488.625,   3.3137E-008,   2.5586E-006,   2.0943E-011,   3.0702E-011,   1.8569E-011,   7.0207E-012,   8.9532E-012,   2.8001E-013,  
493.609,   3.3182E-008,   2.5603E-006,   2.0708E-011,   2.9701E-011,   1.8432E-011,   6.9913E-012,   8.9327E-012,   4.7887E-013,  
498.625,   3.4561E-008,   2.5540E-006,   5.9248E-012,   3.0228E-011,   1.9505E-011,   6.9235E-012,   9.6362E-012,   4.4231E-013,  
504.625,   3.3565E-008,   2.5615E-006,   5.9658E-012,   2.9397E-011,   1.8876E-011,   7.1447E-012,   9.0646E-012,   2.5504E-013,  
509.625,   3.3142E-008,   2.5500E-006,   5.8641E-012,   2.9194E-011,   1.7896E-011,   6.5231E-012,   9.2189E-012,   4.7887E-013,  
514.609,   3.3542E-008,   2.5492E-006,   1.9865E-011,   2.9150E-011,   1.8540E-011,   6.6088E-012,   8.8283E-012,   1.7746E-013,  
519.640,   3.2962E-008,   2.5347E-006,   2.0360E-011,   3.0179E-011,   1.8952E-011,   5.9426E-012,   9.0869E-012,   4.5212E-013,  
525.609,   3.2002E-008,   2.5539E-006,   2.1228E-011,   2.9254E-011,   1.8742E-011,   6.9824E-012,   9.3464E-012,   5.1721E-013,  
530.625,   3.3528E-008,   2.5542E-006,   2.0683E-011,   3.0492E-011,   1.8708E-011,   8.0864E-012,   8.3958E-012,   1.9262E-013,  
535.625,   3.3882E-008,   2.5466E-006,   2.8358E-013,   3.6143E-011,   2.1537E-011,   8.1452E-012,   8.6616E-012,   2.7733E-013,  
540.625,   3.1925E-008,   2.5517E-006,   5.6617E-012,   3.1004E-011,   1.9071E-011,   6.7871E-012,   8.6464E-012,   3.6383E-013,  
545.625,   3.1646E-008,   2.5729E-006,   2.0414E-011,   2.8385E-011,   1.8751E-011,   7.6619E-012,   8.1898E-012,   4.0931E-013,  
551.625,   3.3016E-008,   2.5489E-006,   2.1103E-011,   2.9235E-011,   1.8732E-011,   5.7883E-012,   8.8051E-012,   3.4243E-013,  
556.625,   3.1498E-008,   2.5596E-006,   4.5979E-012,   2.9782E-011,   1.8619E-011,   7.6066E-012,   8.3976E-012,   2.2294E-014,  
561.609,   3.1285E-008,   2.5456E-006,  -9.7201E-014,   3.0003E-011,   1.8678E-011,   5.9052E-012,   8.1078E-012,   1.3109E-013,  
566.625,   3.4141E-008,   2.5490E-006,   5.1721E-012,   2.9317E-011,   1.8763E-011,   5.7919E-012,   8.6740E-012,   2.7109E-013,  
572.625,   3.3364E-008,   2.5574E-006,   7.2419E-012,   2.8938E-011,   1.8926E-011,   7.2588E-012,   8.8381E-012,   7.0983E-013,  
577.625,   3.0940E-008,   2.5560E-006,   2.0126E-011,   3.0450E-011,   1.8194E-011,   7.3230E-012,   8.3379E-012,   5.8142E-013,  
582.625,   3.4084E-008,   2.5403E-006,   6.0371E-012,   2.9712E-011,   1.8089E-011,   7.0814E-012,   8.4627E-012,   1.4981E-013,  
587.609,   3.2864E-008,   2.5372E-006,   4.3767E-012,   2.9111E-011,   1.9180E-011,   7.9018E-012,   8.6411E-012,   2.4523E-013,  
592.625,   3.3435E-008,   2.5458E-006,   1.9816E-011,   2.9152E-011,   1.8728E-011,   8.1889E-012,   8.7463E-012,   8.5608E-014,  
597.625,   3.1603E-008,   2.5526E-006,   6.2280E-012,   2.9894E-011,   1.9260E-011,   5.9212E-012,   8.6732E-012,   3.2371E-013,  
602.625,   3.4100E-008,   2.5529E-006,   2.1795E-011,   2.8729E-011,   1.8325E-011,   7.5344E-012,   8.8194E-012,   3.9950E-013,  
608.609,   3.3325E-008,   2.4734E-006,   5.6528E-012,   2.9664E-011,   1.7922E-011,   8.2621E-012,   8.6259E-012,   4.7798E-013,  
613.625,   3.1414E-008,   2.4680E-006,   1.9888E-011,   2.8887E-011,   1.7911E-011,   7.7226E-012,   8.8069E-012,   6.3582E-013,  
619.625,   3.1322E-008,   2.5086E-006,   6.3510E-012,   2.9067E-011,   1.8956E-011,   7.6369E-012,   8.7213E-012,   1.3020E-013,  
625.625,   3.3818E-008,   2.5099E-006,   2.0189E-011,   2.9680E-011,   1.7993E-011,   1.1539E-012,   8.3628E-012,   2.1402E-013,  
630.609,   3.3123E-008,   2.5266E-006,   2.0739E-011,   2.9657E-011,   1.8849E-011,   5.8936E-012,   6.9708E-012,   3.8880E-013,  
635.625,   3.0767E-008,   2.5325E-006,   2.5005E-012,   2.9796E-011,   1.8468E-011,   6.0523E-012,   9.0388E-012,   3.1390E-013,  
641.625,   3.0893E-008,   2.5178E-006,   2.0590E-011,   2.2087E-011,   1.9016E-011,   6.1228E-012,   8.2210E-012,   5.4040E-013,  
646.625,   3.0845E-008,   2.5197E-006,   1.9506E-011,   2.8560E-011,   1.9227E-011,   6.0987E-012,   8.3593E-012,   3.3351E-013,  
651.609,   3.2302E-008,   2.5062E-006,   2.0567E-011,   2.9431E-011,   1.8176E-011,   6.0915E-012,   8.6455E-012,   2.1580E-013,  
656.625,   3.3530E-008,   2.5030E-006,   6.2538E-012,   2.8484E-011,   1.8167E-011,   7.5487E-012,   8.0204E-012,   4.1466E-013,  
662.625,   3.4051E-008,   2.5275E-006,   2.0227E-011,   2.8831E-011,   1.8515E-011,   5.9533E-012,   8.5688E-012,   3.7008E-013,  
667.625,   3.2914E-008,   2.5340E-006,   1.9770E-011,   2.8246E-011,   1.9419E-011,   7.5959E-012,   8.5162E-012,   3.3886E-013,  
672.625,   3.2494E-008,   2.5274E-006,   2.0778E-011,   2.8914E-011,   1.7859E-011,   5.8891E-012,   8.2799E-012,   3.6740E-013,  
677.625,   3.1439E-008,   2.5329E-006,   2.1670E-011,   2.8478E-011,   1.5483E-011,   1.3305E-012,   8.4244E-012,   3.6027E-013,  
683.625,   3.2091E-008,   2.5288E-006,   2.0238E-011,   2.5055E-011,   1.7383E-011,   8.4823E-012,   8.5751E-012,   4.8154E-014,  
688.625,   3.2046E-008,   2.5297E-006,   1.9132E-011,   2.9996E-011,   1.7877E-011,   5.7482E-012,   8.2772E-012,   1.5427E-013,  
693.640,   3.2414E-008,   2.5264E-006,   2.0334E-011,   2.9461E-011,   1.9221E-011,  -2.7644E-014,   8.6304E-012,   4.2982E-013,  
699.625,   3.3113E-008,   2.5316E-006,   1.9879E-011,   2.6151E-011,   1.8258E-011,   7.7493E-012,   8.9674E-012,   6.5900E-013,  
704.625,   3.1893E-008,   2.5261E-006,   1.8893E-011,   2.9367E-011,   1.8061E-011,   2.6583E-012,   8.3298E-012,   3.8256E-013,  
709.609,   3.1065E-008,   2.5055E-006,   1.9586E-011,   2.4529E-011,   1.8120E-011,   7.5522E-012,   9.2929E-012,   1.7032E-013,  
714.625,   3.2657E-008,   2.5094E-006,   1.8370E-011,   2.8527E-011,   1.9099E-011,   6.2797E-012,   8.2558E-012,   1.9351E-013,  
719.609,   3.2164E-008,   2.5202E-006,   5.8071E-012,   2.9128E-011,   1.8578E-011,   7.5888E-012,   8.5332E-012,   9.8984E-014,  
724.640,   3.1592E-008,   2.5076E-006,   1.8960E-011,   2.9733E-011,   1.8175E-011,   6.8986E-012,   9.5096E-012,   4.0396E-013,  
730.609,   3.2465E-008,   2.5204E-006,   2.1184E-011,   2.8321E-011,   1.7154E-011,   5.2729E-012,   8.5528E-012,   3.4867E-013,  
735.625,   3.1097E-008,   2.5238E-006,   5.4129E-013,   2.8853E-011,   1.8642E-011,   6.7818E-012,   8.8346E-012,   4.1734E-013,  
741.609,   3.3610E-008,   2.5140E-006,   1.9370E-011,   2.1441E-011,   1.8383E-011,   7.8447E-012,   8.4966E-012,   5.0384E-013,  
746.625,   3.2256E-008,   2.4990E-006,   1.9766E-011,   2.8740E-011,   1.9246E-011,   7.4738E-012,   8.4110E-012,   1.3109E-013,  
751.625,   3.3340E-008,   2.5016E-006,   1.8869E-011,   2.8268E-011,   1.8452E-011,   7.8082E-012,   8.5394E-012,   8.4805E-013,  
757.609,   3.2728E-008,   2.5051E-006,   2.0281E-011,   2.8771E-011,   1.8496E-011,   7.7894E-012,   8.5537E-012,   1.6497E-013,  
762.609,   3.1078E-008,   2.5073E-006,   5.3148E-012,   2.8070E-011,   1.8210E-011,   5.8713E-012,   9.1360E-012,   3.1211E-013,  
767.625,   3.3500E-008,   2.5135E-006,   2.0716E-011,   2.8537E-011,   1.7855E-011,   6.1031E-012,   8.2094E-012,   1.5962E-013,  
772.625,   3.4383E-008,   2.4885E-006,   1.9961E-011,   3.0993E-011,   1.9502E-011,   7.8572E-012,   8.7989E-012,   9.3723E-013,  
777.609,   3.5736E-008,   2.5076E-006,   1.8914E-011,   2.8664E-011,   1.8778E-011,   8.0284E-012,   8.5875E-012,   3.2995E-013,  
782.625,   3.4153E-008,   2.5035E-006,   1.8893E-011,   2.8318E-011,   1.7837E-011,   7.2036E-012,   8.3129E-012,   7.5799E-014,  
787.625,   3.3186E-008,   2.4920E-006,   1.9738E-011,   2.9290E-011,   1.8197E-011,   8.2317E-012,   8.1426E-012,   1.0255E-013,  
792.625,   3.4013E-008,   2.5098E-006,   6.3314E-014,   2.8220E-011,   1.8439E-011,   1.1691E-012,   7.8028E-012,   3.3262E-013,  
797.625,   3.2875E-008,   2.5217E-006,   1.7965E-011,   2.8137E-011,   1.8204E-011,   6.6988E-012,   8.4502E-012,   1.6854E-013,  
803.625,   3.1681E-008,   2.5110E-006,   5.7018E-012,   2.8790E-011,   1.8331E-011,   5.9827E-012,   8.5225E-012,   1.8727E-013,  
808.625,   3.3526E-008,   2.5075E-006,   5.4745E-012,   2.7861E-011,   1.8195E-011,   7.8617E-012,   8.0115E-012,   4.7976E-013,  
813.609,   3.2151E-008,   2.4932E-006,   1.8425E-011,   2.9430E-011,   1.8571E-011,   7.2214E-012,   8.2112E-012,   8.8283E-014,  
818.625,   3.4057E-008,   2.5077E-006,   4.6005E-012,   2.8285E-011,   1.7254E-011,   1.2913E-012,   8.2737E-012,   3.2460E-013,  
823.625,   3.2403E-008,   2.4996E-006,   1.9357E-011,   2.8376E-011,   1.8482E-011,   7.0261E-012,   8.5554E-012,   3.8167E-013,  
828.609,   3.1817E-008,   2.5023E-006,   1.7689E-011,   2.7555E-011,   1.8549E-011,   5.7545E-012,   8.6963E-012,   2.8625E-013,  
833.625,   3.1307E-008,   2.4926E-006,   5.7589E-012,   2.8256E-011,   1.7715E-011,   6.4063E-012,   8.1916E-012,   2.2561E-013,  
838.609,   3.1935E-008,   2.4874E-006,   5.4138E-012,   2.8422E-011,   1.9042E-011,   5.7268E-012,   8.6402E-012,   4.1466E-013,  
843.625,   3.2830E-008,   2.5137E-006,   5.1186E-012,   2.7727E-011,   1.7868E-011,   6.7372E-012,   8.5376E-012,   4.1556E-013,  
848.625,   3.1816E-008,   2.4910E-006,   1.8233E-011,   2.8071E-011,   1.7908E-011,   7.7538E-012,   8.4921E-012,   6.0550E-013,  
853.625,   3.3501E-008,   2.5023E-006,   6.1647E-012,   2.8127E-011,   1.8457E-011,   1.3109E-012,   7.5817E-012,   1.5249E-013,  
858.625,   3.2407E-008,   2.4843E-006,   1.9339E-011,   2.8117E-011,   1.8877E-011,   5.7616E-012,   7.5888E-012,   3.3619E-013,  
864.625,   3.0567E-008,   2.5015E-006,   1.9529E-011,   2.5852E-011,   1.7885E-011,   6.9128E-012,   8.3682E-012,   1.9797E-013,  
869.625,   3.2548E-008,   2.4914E-006,   1.9771E-011,   2.7543E-011,   1.8300E-011,   6.6756E-012,   8.0017E-012,   5.7875E-013,  
875.625,   3.2659E-008,   2.5055E-006,   1.9314E-011,   2.7484E-011,   1.8805E-011,   8.5786E-013,   7.9526E-012,   2.9784E-013,  
880.625,   3.3870E-008,   2.4968E-006,   5.3648E-012,   2.7796E-011,   1.8512E-011,   6.4099E-012,   7.7511E-012,   3.6205E-013,  
885.625,   3.3763E-008,   2.4869E-006,   1.8862E-011,   2.8041E-011,   1.8957E-011,   5.4539E-012,   8.4422E-012,   3.8702E-013,  
891.609,   3.3166E-008,   2.4851E-006,   1.9985E-011,   2.8510E-011,   1.7871E-011,   6.7800E-012,   7.5986E-012,   3.5492E-013,  
896.625,   3.2303E-008,   2.4806E-006,   4.0485E-013,   2.8300E-011,   1.8181E-011,   1.2975E-012,   8.0391E-012,   4.4320E-013,  
902.625,   3.3808E-008,   2.4950E-006,   2.0108E-011,   2.7972E-011,   1.7930E-011,   7.6913E-012,   8.1176E-012,   3.8524E-013,  
907.625,   3.1965E-008,   2.5062E-006,   1.8401E-011,   2.9198E-011,   1.7618E-011,   1.0853E-012,   8.1827E-012,   5.1543E-013,  
912.625,   3.3205E-008,   2.4944E-006,   1.8420E-011,   3.6093E-011,   1.7815E-011,   5.7063E-012,   8.2130E-012,  -1.0701E-013,  
917.609,   3.2547E-008,   2.4831E-006,   1.9036E-011,   4.5170E-011,   1.8418E-011,   7.7315E-012,   8.2014E-012,   7.4907E-014,  
922.625,   3.3145E-008,   2.5079E-006,   4.8886E-012,   4.8303E-011,   1.8226E-011,   6.7577E-012,   7.7092E-012,   5.4486E-013,  
927.625,   3.1922E-008,   2.5003E-006,   1.9100E-011,   4.9162E-011,   1.8165E-011,   7.8055E-012,   8.3370E-012,  -1.7122E-013,  
932.625,   3.4545E-008,   2.4892E-006,   1.9610E-011,   4.3857E-011,   1.8208E-011,   1.1834E-012,   7.5585E-012,   2.1402E-013,  
937.640,   3.7778E-009,   7.1001E-007,   1.8451E-011,   3.7676E-011,   1.7930E-011,   6.8148E-012,   8.2032E-012,   5.7072E-013,  
943.609,   3.7678E-008,   2.8655E-006,   1.9108E-011,   2.8830E-011,   1.8075E-011,   7.0359E-012,   8.0471E-012,   9.0958E-014,  
948.625,   3.8972E-008,   2.8819E-006,   1.8778E-011,   3.3997E-011,   1.9479E-011,   6.1343E-012,   8.0962E-012,   3.3797E-013,  
953.625,   3.9814E-008,   2.8842E-006,  -4.1466E-013,   3.0107E-011,   1.9684E-011,   7.8483E-012,   8.3254E-012,   6.8040E-013,  
958.625,   3.8211E-008,   2.8762E-006,   4.8190E-012,   3.2838E-011,   1.9464E-011,   5.7527E-012,   8.0891E-012,  -1.7924E-013,  
963.625,   3.9045E-008,   2.8923E-006,   1.9083E-011,   3.1086E-011,   1.9201E-011,   1.4429E-012,   8.4119E-012,   4.2358E-013,  
969.625,   3.8570E-008,   2.8815E-006,   6.5401E-012,   3.0790E-011,   1.8493E-011,   1.4143E-012,   8.5661E-012,   5.8945E-013,  
974.609,   3.6875E-008,   2.8779E-006,   1.9708E-011,   3.0169E-011,   1.8647E-011,   5.8454E-012,   7.1741E-012,   2.7020E-013,  
979.609,   3.6726E-008,   2.8678E-006,   1.9978E-011,   3.0811E-011,   1.8703E-011,   5.0562E-013,   8.6036E-012,   6.2958E-013,  
984.625,   3.8454E-008,   2.8787E-006,   1.9286E-011,   2.9377E-011,   1.9361E-011,   7.7591E-012,   8.4154E-012,   3.1033E-013,  
990.609,   3.7407E-008,   2.8809E-006,  -3.1568E-013,   2.9852E-011,   1.8768E-011,   7.5228E-012,   8.7320E-012,   3.8256E-013,  
995.625,   3.8172E-008,   2.8701E-006,   1.9496E-011,   2.9651E-011,   1.8603E-011,   6.9235E-012,   8.3646E-012,   1.6408E-013,  
1001.609,   3.6246E-008,   2.8684E-006,   2.0253E-011,   3.0336E-011,   1.9563E-011,   7.9134E-012,   8.5688E-012,   2.9606E-013,  
1006.625,   3.6292E-008,   2.8676E-006,   1.9497E-011,   2.9502E-011,   1.9094E-011,   7.6129E-012,   8.8613E-012,   5.2346E-013,  
1012.625,   3.7790E-008,   2.8835E-006,   5.7678E-012,   2.8758E-011,   1.9129E-011,   7.3560E-012,   9.1021E-012,   1.1058E-013,  
1017.625,   3.8402E-008,   2.8810E-006,   3.4796E-012,   2.9776E-011,   1.9904E-011,   7.1465E-012,   8.1863E-012,   3.2192E-013,  
1022.625,   3.8674E-008,   2.8776E-006,   4.0129E-012,   2.9531E-011,   1.9396E-011,   7.2936E-012,   8.3744E-012,   2.3275E-013,  
1027.609,   3.8206E-008,   2.8757E-006,   1.8980E-011,   2.9531E-011,   1.8598E-011,   1.2877E-012,   8.3236E-012,   2.4434E-013,  
1032.625,   3.9318E-008,   2.8514E-006,   5.1044E-012,   2.9641E-011,   1.8984E-011,   6.2824E-012,   8.4181E-012,   4.9225E-013,  
1037.625,   3.7343E-008,   2.8745E-006,   5.2640E-012,   2.9433E-011,   1.8657E-011,   1.3474E-012,   8.6535E-012,   2.8893E-013,  
1042.609,   3.9068E-008,   2.8736E-006,   1.8605E-011,   2.7194E-011,   1.9263E-011,   5.9605E-012,   8.3512E-012,   6.6881E-014,  
1047.625,   3.9614E-008,   2.8496E-006,   2.4434E-013,   2.9899E-011,   1.8530E-011,   6.8567E-012,   8.7641E-012,   4.8600E-013,  
1053.625,   3.6997E-008,   2.8734E-006,   1.9718E-011,   2.8009E-011,   1.9216E-011,   8.3058E-012,   8.5055E-012,   5.7161E-013,  
1058.625,   3.6521E-008,   2.8777E-006,   1.8978E-011,   2.9071E-011,   1.8681E-011,   7.3471E-012,   8.1880E-012,   2.5950E-013,  
1063.609,   3.8359E-008,   2.8718E-006,   1.8775E-011,   2.8983E-011,   1.8687E-011,   7.6940E-012,   9.8592E-012,   4.5123E-013,  
1068.625,   3.7922E-008,   2.8563E-006,   1.9582E-011,   2.9645E-011,   1.8522E-011,   7.3266E-012,   8.7231E-012,   6.1442E-013,  
1073.625,   3.7755E-008,   2.8541E-006,   1.8234E-011,   2.9633E-011,   1.9010E-011,   1.2342E-012,   8.2086E-012,   1.8905E-013,  
1078.625,   3.7164E-008,   2.8596E-006,   1.8839E-011,   2.8790E-011,   1.9268E-011,   7.9312E-012,   7.2597E-012,   3.3976E-013,  
1083.625,   3.6201E-008,   2.8507E-006,   5.2069E-012,   2.8482E-011,   1.9182E-011,   6.4875E-012,   8.8256E-012,   3.3262E-013,  
1088.625,   3.4556E-008,   2.8510E-006,   1.9536E-011,   2.9183E-011,   1.9295E-011,   7.7243E-012,   8.6455E-012,  -7.3569E-013,  
1093.625,   3.9435E-008,   2.8510E-006,   1.9706E-011,   2.8805E-011,   1.8682E-011,   8.0873E-012,   8.8622E-012,  -6.3849E-013,  
1098.609,   3.5493E-008,   2.8602E-006,   1.9363E-011,   2.8302E-011,   1.9402E-011,   7.2018E-012,   8.5251E-012,   7.8474E-014,  
1103.625,   3.8268E-008,   2.8482E-006,   1.9485E-011,   2.9100E-011,   1.8199E-011,   7.0903E-012,   8.0686E-012,   2.1224E-013,  
1108.625,   3.7158E-008,   2.8489E-006,   1.7547E-011,   2.8977E-011,   1.8383E-011,   6.1575E-012,   8.7151E-012,   2.6039E-013,  
1114.625,   3.5646E-008,   2.8552E-006,   1.9607E-011,   2.7819E-011,   1.8874E-011,   7.4318E-012,   8.4288E-012,   2.3810E-013,  
1119.609,   3.8552E-008,   2.8445E-006,   1.9711E-011,   2.9811E-011,   1.9136E-011,   5.9551E-012,   7.9098E-012,  -2.1402E-014,  
1124.625,   3.6883E-008,   2.8577E-006,   1.8297E-011,   2.9858E-011,   1.8833E-011,   6.0309E-012,   8.1800E-012,   5.3148E-013,  
1129.609,   3.7628E-008,   2.8572E-006,   1.8126E-011,   2.9569E-011,   1.9227E-011,   6.3484E-012,   8.5893E-012,   3.9861E-013,  
1134.625,   3.7669E-008,   2.8561E-006,   1.7619E-011,   2.8343E-011,   1.8832E-011,   6.2672E-012,   8.2523E-012,   2.7198E-013,  
1139.625,   3.7322E-008,   2.8545E-006,   7.3123E-014,   2.9392E-011,   1.8393E-011,   6.5321E-012,   8.1247E-012,   1.4803E-013,  
1144.640,   3.6763E-008,   2.8461E-006,   1.8654E-011,   2.8589E-011,   1.9183E-011,   6.7033E-012,   8.1675E-012,  -6.5098E-013,  
1149.640,   3.8070E-008,   2.8570E-006,   1.8547E-011,   2.7840E-011,   1.8153E-011,   8.2380E-012,   8.3780E-012,   2.0064E-013,  
1155.640,   3.7581E-008,   2.8587E-006,   1.8088E-011,   2.9911E-011,   1.8387E-011,   6.0746E-012,   7.9571E-012,   3.4778E-014,  
1161.625,   3.6937E-008,   2.8645E-006,   1.9121E-011,   2.8770E-011,   1.9156E-011,   7.4461E-012,   6.2414E-012,   3.1925E-013,  
1166.640,   1.7823E-009,   5.8435E-007,   1.5623E-011,   2.1045E-011,   1.4279E-011,   1.1459E-012,   6.4625E-012,   2.5504E-013,  
1172.625,   1.8031E-009,   5.6279E-007,   1.0006E-011,   1.9588E-011,   1.2841E-011,   4.9938E-013,   6.2752E-012,   2.1313E-013,  
