Jul 29, 2026  09:41:02 AM
Residual Gas Analyzer Software 
Software Version, 3.214.004

Analog Scan Setup:

Data Points in Scan, 891 
Units, Torr 
Noise Floor, 2 
CEM Status, OFF 
Points Per AMU, 10
Scan Start Mass, 1, amu 
Scan Stop Mass, 90, amu
Focus Voltage, 90, Volts 
Ion Energy, HIGH 
Electron Energy, 70, eV 
CEM Voltage, 1159, Volts
CEM Gain, 1.01E+003 
Sensitivity Factor, 1.11E-004 
Filament Current, 1.00, mAmps


  1.00,  -4.40E-013, 
  1.10,  -1.16E-012, 
  1.20,  -8.41E-012, 
  1.30,  -1.40E-010, 
  1.40,  -1.65E-010, 
  1.50,  -7.08E-012, 
  1.60,   8.33E-011, 
  1.70,   1.42E-010, 
  1.80,   1.99E-010, 
  1.90,   2.27E-010, 
  2.00,   2.64E-010, 
  2.10,   2.78E-010, 
  2.20,   2.74E-010, 
  2.30,   2.28E-010, 
  2.40,   1.29E-010, 
  2.50,   1.60E-011, 
  2.60,   2.52E-012, 
  2.70,   7.08E-013, 
  2.80,   4.13E-013, 
  2.90,   2.19E-012, 
  3.00,  -8.05E-013, 
  3.10,  -4.01E-013, 
  3.20,  -3.74E-013, 
  3.30,  -3.30E-014, 
  3.40,   3.01E-013, 
  3.50,   3.20E-012, 
  3.60,   4.76E-012, 
  3.70,   8.22E-012, 
  3.80,   1.35E-011, 
  3.90,   1.79E-011, 
  4.00,   2.35E-011, 
  4.10,   2.66E-011, 
  4.20,   2.86E-011, 
  4.30,   2.53E-011, 
  4.40,   1.62E-011, 
  4.50,   9.61E-012, 
  4.60,   4.43E-012, 
  4.70,   1.95E-012, 
  4.80,  -1.60E-012, 
  4.90,  -1.24E-012, 
  5.00,  -9.52E-013, 
  5.10,  -6.00E-013, 
  5.20,  -5.89E-013, 
  5.30,  -3.80E-013, 
  5.40,  -4.39E-013, 
  5.50,  -3.19E-013, 
  5.60,  -3.47E-013, 
  5.70,  -1.93E-013, 
  5.80,  -2.72E-013, 
  5.90,  -1.53E-013, 
  6.00,  -6.51E-014, 
  6.10,   1.46E-013, 
  6.20,  -7.76E-014, 
  6.30,  -3.46E-013, 
  6.40,  -2.62E-013, 
  6.50,   3.39E-014, 
  6.60,   2.45E-013, 
  6.70,   2.27E-013, 
  6.80,  -4.46E-014, 
  6.90,  -1.94E-013, 
  7.00,  -1.28E-013, 
  7.10,  -1.69E-013, 
  7.20,  -3.13E-013, 
  7.30,  -4.81E-013, 
  7.40,  -5.48E-013, 
  7.50,  -3.84E-013, 
  7.60,  -2.09E-013, 
  7.70,  -2.94E-013, 
  7.80,  -9.63E-014, 
  7.90,   1.85E-013, 
  8.00,   2.00E-013, 
  8.10,  -1.29E-013, 
  8.20,  -3.02E-013, 
  8.30,  -9.63E-014, 
  8.40,  -3.30E-014, 
  8.50,  -2.77E-013, 
  8.60,  -3.51E-013, 
  8.70,  -5.23E-013, 
  8.80,  -2.68E-013, 
  8.90,   9.63E-014, 
  9.00,   1.35E-013, 
  9.10,   2.57E-013, 
  9.20,   5.80E-014, 
  9.30,   4.99E-014, 
  9.40,   1.66E-013, 
  9.50,  -9.63E-014, 
  9.60,  -2.31E-013, 
  9.70,  -1.27E-013, 
  9.80,  -3.21E-014, 
  9.90,  -1.85E-013, 
 10.00,  -1.03E-013, 
 10.10,  -9.72E-014, 
 10.20,   8.29E-014, 
 10.30,  -2.80E-013, 
 10.40,  -5.49E-013, 
 10.50,  -5.35E-013, 
 10.60,  -3.63E-013, 
 10.70,  -5.37E-013, 
 10.80,  -6.00E-013, 
 10.90,  -5.54E-013, 
 11.00,  -5.58E-013, 
 11.10,  -3.11E-013, 
 11.20,  -1.37E-013, 
 11.30,   9.01E-014, 
 11.40,   3.57E-015, 
 11.50,  -4.26E-013, 
 11.60,  -4.17E-013, 
 11.70,  -2.84E-013, 
 11.80,  -3.71E-012, 
 11.90,  -2.44E-012, 
 12.00,   1.47E-012, 
 12.10,  -3.55E-013, 
 12.20,  -8.31E-013, 
 12.30,  -1.11E-012, 
 12.40,  -2.31E-012, 
 12.50,  -3.34E-013, 
 12.60,   4.51E-013, 
 12.70,   5.97E-014, 
 12.80,   3.12E-014, 
 12.90,   1.24E-013, 
 13.00,   2.98E-012, 
 13.10,   2.94E-012, 
 13.20,   2.04E-012, 
 13.30,   1.09E-012, 
 13.40,  -1.86E-012, 
 13.50,  -5.71E-013, 
 13.60,   2.95E-012, 
 13.70,   4.21E-012, 
 13.80,   5.59E-012, 
 13.90,   9.93E-012, 
 14.00,   1.35E-011, 
 14.10,   1.61E-011, 
 14.20,   1.55E-011, 
 14.30,   1.28E-011, 
 14.40,   7.47E-012, 
 14.50,   3.18E-012, 
 14.60,   5.14E-012, 
 14.70,   5.48E-012, 
 14.80,   5.91E-012, 
 14.90,   8.63E-012, 
 15.00,   1.24E-011, 
 15.10,   1.54E-011, 
 15.20,   1.57E-011, 
 15.30,   1.32E-011, 
 15.40,   8.58E-012, 
 15.50,   3.86E-012, 
 15.60,   2.74E-012, 
 15.70,   5.31E-012, 
 15.80,   1.23E-011, 
 15.90,   1.41E-011, 
 16.00,   1.73E-011, 
 16.10,   1.91E-011, 
 16.20,   1.98E-011, 
 16.30,   1.42E-011, 
 16.40,   6.06E-012, 
 16.50,  -2.85E-012, 
 16.60,  -2.28E-011, 
 16.70,  -8.01E-011, 
 16.80,  -1.29E-010, 
 16.90,  -1.48E-010, 
 17.00,  -2.01E-010, 
 17.10,  -2.16E-010, 
 17.20,  -2.04E-010, 
 17.30,  -1.66E-010, 
 17.40,  -7.09E-011, 
 17.50,  -2.14E-011, 
 17.60,  -9.15E-011, 
 17.70,  -3.09E-010, 
 17.80,  -4.66E-010, 
 17.90,  -5.71E-010, 
 18.00,  -7.55E-010, 
 18.10,  -8.59E-010, 
 18.20,  -8.23E-010, 
 18.30,  -6.47E-010, 
 18.40,  -3.17E-010, 
 18.50,  -1.25E-011, 
 18.60,  -2.29E-012, 
 18.70,  -1.47E-012, 
 18.80,  -1.47E-012, 
 18.90,  -1.34E-012, 
 19.00,  -1.62E-012, 
 19.10,  -1.71E-012, 
 19.20,  -2.19E-012, 
 19.30,  -2.17E-012, 
 19.40,  -1.74E-012, 
 19.50,  -3.48E-012, 
 19.60,  -4.08E-013, 
 19.70,   8.56E-013, 
 19.80,   2.26E-012, 
 19.90,   7.58E-013, 
 20.00,  -8.50E-013, 
 20.10,  -1.75E-013, 
 20.20,  -3.96E-013, 
 20.30,  -4.30E-013, 
 20.40,  -6.38E-013, 
 20.50,  -3.21E-012, 
 20.60,   7.67E-013, 
 20.70,   5.13E-013, 
 20.80,   3.75E-013, 
 20.90,   1.61E-013, 
 21.00,  -9.45E-014, 
 21.10,  -3.74E-013, 
 21.20,  -2.21E-013, 
 21.30,   1.38E-013, 
 21.40,   1.80E-013, 
 21.50,   1.52E-013, 
 21.60,   1.82E-013, 
 21.70,  -1.58E-013, 
 21.80,  -7.76E-014, 
 21.90,   5.35E-015, 
 22.00,  -1.12E-013, 
 22.10,  -1.10E-013, 
 22.20,  -2.14E-014, 
 22.30,  -1.43E-013, 
 22.40,  -2.50E-013, 
 22.50,  -1.14E-013, 
 22.60,   1.03E-013, 
 22.70,   3.56E-013, 
 22.80,   4.10E-013, 
 22.90,   1.73E-013, 
 23.00,   2.05E-014, 
 23.10,   1.43E-014, 
 23.20,  -6.78E-014, 
 23.30,  -4.19E-014, 
 23.40,  -3.57E-015, 
 23.50,  -2.06E-013, 
 23.60,  -3.77E-013, 
 23.70,  -8.29E-014, 
 23.80,  -7.76E-014, 
 23.90,   1.04E-013, 
 24.00,  -4.13E-013, 
 24.10,  -3.78E-013, 
 24.20,  -3.41E-013, 
 24.30,  -3.54E-013, 
 24.40,  -4.57E-013, 
 24.50,  -2.67E-013, 
 24.60,  -1.07E-014, 
 24.70,   2.19E-013, 
 24.80,   1.01E-013, 
 24.90,  -2.81E-013, 
 25.00,   1.19E-013, 
 25.10,  -2.46E-013, 
 25.20,  -4.55E-014, 
 25.30,  -7.13E-015, 
 25.40,   1.52E-013, 
 25.50,   9.81E-014, 
 25.60,  -1.47E-013, 
 25.70,  -2.04E-013, 
 25.80,  -3.97E-013, 
 25.90,  -6.81E-013, 
 26.00,  -2.46E-012, 
 26.10,  -3.26E-012, 
 26.20,  -2.14E-012, 
 26.30,  -1.63E-012, 
 26.40,   5.55E-013, 
 26.50,   1.45E-012, 
 26.60,   9.10E-013, 
 26.70,   2.59E-013, 
 26.80,   2.60E-013, 
 26.90,  -1.68E-013, 
 27.00,  -1.74E-013, 
 27.10,   4.91E-013, 
 27.20,  -1.47E-013, 
 27.30,   1.52E-013, 
 27.40,   8.31E-013, 
 27.50,   4.44E-012, 
 27.60,   1.08E-011, 
 27.70,   4.02E-011, 
 27.80,   9.64E-011, 
 27.90,   1.20E-010, 
 28.00,   1.46E-010, 
 28.10,   1.65E-010, 
 28.20,   1.69E-010, 
 28.30,   1.47E-010, 
 28.40,   7.25E-011, 
 28.50,   1.12E-011, 
 28.60,   2.92E-012, 
 28.70,   1.78E-012, 
 28.80,   1.16E-012, 
 28.90,   7.97E-013, 
 29.00,   7.62E-013, 
 29.10,   7.82E-013, 
 29.20,   9.74E-013, 
 29.30,   8.43E-013, 
 29.40,   5.08E-013, 
 29.50,  -2.32E-014, 
 29.60,  -2.53E-013, 
 29.70,  -5.72E-013, 
 29.80,  -2.89E-012, 
 29.90,  -4.61E-012, 
 30.00,  -5.09E-012, 
 30.10,  -6.00E-012, 
 30.20,  -6.94E-012, 
 30.30,  -6.25E-012, 
 30.40,  -5.85E-012, 
 30.50,  -2.22E-012, 
 30.60,  -1.30E-012, 
 30.70,  -6.81E-013, 
 30.80,  -1.53E-012, 
 30.90,   5.54E-013, 
 31.00,   1.80E-013, 
 31.10,   6.33E-014, 
 31.20,  -1.32E-013, 
 31.30,   1.07E-014, 
 31.40,   3.92E-013, 
 31.50,   1.63E-012, 
 31.60,   1.57E-012, 
 31.70,   8.48E-012, 
 31.80,   2.07E-011, 
 31.90,   2.79E-011, 
 32.00,   3.27E-011, 
 32.10,   3.48E-011, 
 32.20,   3.57E-011, 
 32.30,   2.95E-011, 
 32.40,   1.33E-011, 
 32.50,   1.53E-012, 
 32.60,   2.64E-013, 
 32.70,   2.92E-013, 
 32.80,   1.51E-012, 
 32.90,  -7.10E-013, 
 33.00,  -4.49E-013, 
 33.10,  -3.13E-013, 
 33.20,  -7.31E-014, 
 33.30,   9.81E-015, 
 33.40,  -5.44E-014, 
 33.50,  -8.20E-014, 
 33.60,  -2.31E-013, 
 33.70,  -3.03E-014, 
 33.80,   2.03E-013, 
 33.90,  -2.17E-013, 
 34.00,  -3.12E-013, 
 34.10,   8.11E-014, 
 34.20,   1.21E-013, 
 34.30,  -7.31E-014, 
 34.40,  -2.68E-015, 
 34.50,  -6.15E-014, 
 34.60,  -1.08E-013, 
 34.70,  -1.40E-013, 
 34.80,  -2.35E-013, 
 34.90,   0.00E+000, 
 35.00,  -9.27E-014, 
 35.10,   4.46E-015, 
 35.20,   6.51E-014, 
 35.30,  -7.85E-014, 
 35.40,  -6.24E-014, 
 35.50,   1.08E-013, 
 35.60,   7.40E-014, 
 35.70,   2.50E-013, 
 35.80,  -3.30E-014, 
 35.90,  -9.72E-014, 
 36.00,  -6.69E-014, 
 36.10,   1.43E-014, 
 36.20,   1.62E-013, 
 36.30,   3.57E-014, 
 36.40,  -7.22E-014, 
 36.50,   1.17E-013, 
 36.60,   3.86E-013, 
 36.70,   2.64E-013, 
 36.80,   1.68E-013, 
 36.90,  -4.16E-013, 
 37.00,  -5.53E-013, 
 37.10,  -2.96E-013, 
 37.20,  -2.50E-013, 
 37.30,  -1.98E-013, 
 37.40,   5.08E-014, 
 37.50,   1.59E-013, 
 37.60,   1.79E-013, 
 37.70,   8.11E-014, 
 37.80,   1.78E-015, 
 37.90,  -1.25E-013, 
 38.00,  -3.36E-013, 
 38.10,  -5.61E-013, 
 38.20,  -5.45E-013, 
 38.30,  -7.31E-014, 
 38.40,  -3.03E-014, 
 38.50,  -3.71E-013, 
 38.60,  -2.64E-013, 
 38.70,  -8.20E-014, 
 38.80,  -1.35E-013, 
 38.90,  -7.67E-014, 
 39.00,  -2.84E-013, 
 39.10,  -3.18E-013, 
 39.20,  -1.81E-013, 
 39.30,  -2.41E-012, 
 39.40,  -2.52E-012, 
 39.50,  -1.27E-012, 
 39.60,   2.73E-012, 
 39.70,   6.32E-012, 
 39.80,   6.48E-012, 
 39.90,   7.37E-012, 
 40.00,   9.10E-012, 
 40.10,   9.26E-012, 
 40.20,   1.20E-011, 
 40.30,   1.21E-011, 
 40.40,   1.07E-011, 
 40.50,   4.82E-012, 
 40.60,   2.41E-012, 
 40.70,   1.95E-012, 
 40.80,   2.15E-012, 
 40.90,   2.54E-012, 
 41.00,   3.08E-012, 
 41.10,   3.42E-012, 
 41.20,   2.03E-012, 
 41.30,   4.56E-012, 
 41.40,   4.75E-012, 
 41.50,   4.51E-012, 
 41.60,   7.99E-012, 
 41.70,   1.03E-011, 
 41.80,   1.55E-011, 
 41.90,   1.73E-011, 
 42.00,   1.89E-011, 
 42.10,   2.20E-011, 
 42.20,   2.54E-011, 
 42.30,   2.08E-011, 
 42.40,   1.30E-011, 
 42.50,   6.57E-012, 
 42.60,   5.31E-012, 
 42.70,   3.46E-012, 
 42.80,   3.37E-012, 
 42.90,   4.19E-012, 
 43.00,   5.12E-012, 
 43.10,   6.39E-012, 
 43.20,   6.78E-012, 
 43.30,   3.91E-012, 
 43.40,   3.40E-012, 
 43.50,   1.64E-012, 
 43.60,   2.05E-012, 
 43.70,   2.10E-012, 
 43.80,  -4.56E-012, 
 43.90,  -6.53E-012, 
 44.00,  -8.02E-012, 
 44.10,  -9.37E-012, 
 44.20,  -1.09E-011, 
 44.30,  -1.25E-011, 
 44.40,  -1.05E-011, 
 44.50,  -5.04E-012, 
 44.60,  -2.11E-012, 
 44.70,  -3.96E-012, 
 44.80,  -1.47E-012, 
 44.90,   1.26E-012, 
 45.00,   5.35E-013, 
 45.10,   4.21E-013, 
 45.20,   1.87E-014, 
 45.30,  -6.51E-014, 
 45.40,  -6.33E-014, 
 45.50,   1.34E-014, 
 45.60,  -2.71E-013, 
 45.70,  -2.89E-013, 
 45.80,  -4.90E-014, 
 45.90,  -8.92E-014, 
 46.00,  -1.85E-013, 
 46.10,  -1.23E-013, 
 46.20,  -1.49E-013, 
 46.30,  -1.78E-013, 
 46.40,   4.55E-014, 
 46.50,   7.94E-014, 
 46.60,   1.49E-013, 
 46.70,   1.39E-013, 
 46.80,  -3.83E-014, 
 46.90,   3.57E-014, 
 47.00,   1.82E-013, 
 47.10,   1.68E-013, 
 47.20,   2.10E-013, 
 47.30,   1.41E-013, 
 47.40,  -3.92E-014, 
 47.50,   1.16E-014, 
 47.60,   2.38E-013, 
 47.70,   1.44E-013, 
 47.80,   1.50E-013, 
 47.90,   4.27E-013, 
 48.00,   2.69E-013, 
 48.10,   1.16E-013, 
 48.20,   5.43E-013, 
 48.30,   1.42E-013, 
 48.40,  -3.67E-013, 
 48.50,  -2.45E-013, 
 48.60,  -8.18E-013, 
 48.70,  -1.94E-013, 
 48.80,  -1.43E-014, 
 48.90,   2.03E-013, 
 49.00,   1.26E-013, 
 49.10,   3.67E-013, 
 49.20,   3.09E-013, 
 49.30,   1.26E-013, 
 49.40,  -2.40E-013, 
 49.50,  -4.62E-013, 
 49.60,  -1.84E-013, 
 49.70,  -2.75E-013, 
 49.80,   1.52E-014, 
 49.90,   2.85E-014, 
 50.00,  -1.27E-013, 
 50.10,  -1.56E-013, 
 50.20,   1.66E-013, 
 50.30,   8.83E-014, 
 50.40,   3.39E-014, 
 50.50,  -1.16E-014, 
 50.60,  -1.89E-013, 
 50.70,  -2.77E-013, 
 50.80,  -1.84E-013, 
 50.90,   8.92E-016, 
 51.00,  -1.98E-013, 
 51.10,  -3.26E-013, 
 51.20,  -3.40E-013, 
 51.30,  -2.13E-013, 
 51.40,   1.58E-013, 
 51.50,  -5.17E-014, 
 51.60,  -6.87E-014, 
 51.70,   4.99E-014, 
 51.80,  -7.94E-014, 
 51.90,  -1.40E-013, 
 52.00,  -2.23E-013, 
 52.10,  -3.94E-013, 
 52.20,  -2.61E-013, 
 52.30,   7.67E-014, 
 52.40,  -1.03E-013, 
 52.50,  -2.47E-013, 
 52.60,  -2.38E-013, 
 52.70,  -9.54E-014, 
 52.80,  -4.73E-014, 
 52.90,  -1.78E-015, 
 53.00,   2.50E-014, 
 53.10,  -3.30E-014, 
 53.20,  -1.06E-013, 
 53.30,  -2.51E-013, 
 53.40,  -5.89E-014, 
 53.50,  -3.14E-013, 
 53.60,  -1.69E-013, 
 53.70,  -1.85E-013, 
 53.80,  -3.84E-013, 
 53.90,  -3.50E-013, 
 54.00,  -3.42E-013, 
 54.10,  -2.06E-013, 
 54.20,   1.78E-015, 
 54.30,  -4.27E-013, 
 54.40,  -2.71E-013, 
 54.50,  -6.60E-014, 
 54.60,  -4.18E-013, 
 54.70,  -4.41E-013, 
 54.80,  -1.95E-013, 
 54.90,  -1.87E-014, 
 55.00,  -5.04E-013, 
 55.10,  -4.20E-013, 
 55.20,  -6.60E-014, 
 55.30,   1.22E-013, 
 55.40,   4.10E-014, 
 55.50,   1.42E-013, 
 55.60,  -1.61E-013, 
 55.70,  -2.13E-013, 
 55.80,  -1.29E-013, 
 55.90,  -2.79E-013, 
 56.00,  -2.30E-013, 
 56.10,  -9.10E-014, 
 56.20,  -3.21E-014, 
 56.30,   6.24E-015, 
 56.40,   1.31E-013, 
 56.50,  -2.14E-014, 
 56.60,  -4.77E-013, 
 56.70,  -3.80E-013, 
 56.80,  -4.21E-013, 
 56.90,  -3.33E-013, 
 57.00,  -2.38E-013, 
 57.10,  -3.66E-014, 
 57.20,  -9.10E-014, 
 57.30,  -2.68E-015, 
 57.40,  -3.48E-014, 
 57.50,  -2.23E-014, 
 57.60,  -3.05E-013, 
 57.70,  -1.51E-013, 
 57.80,  -1.57E-013, 
 57.90,  -1.48E-013, 
 58.00,  -4.26E-013, 
 58.10,  -3.12E-013, 
 58.20,  -1.79E-013, 
 58.30,  -3.55E-013, 
 58.40,  -5.23E-013, 
 58.50,  -6.57E-013, 
 58.60,  -5.97E-013, 
 58.70,  -4.23E-013, 
 58.80,  -4.87E-013, 
 58.90,  -2.13E-013, 
 59.00,  -2.30E-013, 
 59.10,   3.57E-015, 
 59.20,  -3.48E-014, 
 59.30,  -2.09E-013, 
 59.40,  -5.14E-013, 
 59.50,  -3.76E-012, 
 59.60,  -2.12E-012, 
 59.70,   5.71E-013, 
 59.80,   1.43E-012, 
 59.90,   5.81E-013, 
 60.00,   1.80E-013, 
 60.10,  -1.39E-013, 
 60.20,  -2.72E-013, 
 60.30,  -8.47E-014, 
 60.40,  -4.73E-014, 
 60.50,  -1.96E-014, 
 60.60,  -1.86E-013, 
 60.70,  -3.59E-013, 
 60.80,  -2.98E-013, 
 60.90,  -8.29E-014, 
 61.00,  -1.73E-013, 
 61.10,  -2.50E-014, 
 61.20,   8.29E-014, 
 61.30,  -4.82E-014, 
 61.40,  -2.89E-013, 
 61.50,  -1.41E-013, 
 61.60,  -1.98E-013, 
 61.70,  -1.81E-013, 
 61.80,   1.06E-013, 
 61.90,  -8.47E-014, 
 62.00,  -3.58E-013, 
 62.10,  -1.91E-013, 
 62.20,  -2.00E-013, 
 62.30,   8.03E-015, 
 62.40,   6.24E-015, 
 62.50,   1.84E-013, 
 62.60,   1.78E-015, 
 62.70,   1.50E-013, 
 62.80,  -2.34E-013, 
 62.90,  -1.33E-013, 
 63.00,  -4.37E-013, 
 63.10,  -4.91E-013, 
 63.20,  -2.94E-013, 
 63.30,  -2.53E-013, 
 63.40,  -1.03E-013, 
 63.50,  -7.04E-014, 
 63.60,  -3.25E-013, 
 63.70,  -3.42E-013, 
 63.80,  -1.61E-013, 
 63.90,  -2.90E-013, 
 64.00,  -1.58E-013, 
 64.10,  -1.02E-013, 
 64.20,   1.82E-013, 
 64.30,  -2.29E-013, 
 64.40,  -2.32E-014, 
 64.50,  -3.92E-014, 
 64.60,  -9.27E-014, 
 64.70,  -9.10E-014, 
 64.80,  -9.90E-014, 
 64.90,  -2.93E-013, 
 65.00,  -2.29E-013, 
 65.10,  -1.33E-013, 
 65.20,  -1.10E-013, 
 65.30,  -1.16E-014, 
 65.40,   5.97E-014, 
 65.50,  -1.11E-013, 
 65.60,  -2.44E-013, 
 65.70,  -4.39E-013, 
 65.80,  -9.19E-014, 
 65.90,   5.26E-014, 
 66.00,  -1.36E-013, 
 66.10,   1.25E-013, 
 66.20,   1.13E-013, 
 66.30,   1.45E-013, 
 66.40,  -1.06E-013, 
 66.50,  -1.16E-013, 
 66.60,  -4.19E-014, 
 66.70,   4.46E-014, 
 66.80,   2.75E-013, 
 66.90,   2.05E-013, 
 67.00,  -4.55E-014, 
 67.10,  -1.19E-013, 
 67.20,  -2.01E-013, 
 67.30,  -2.31E-013, 
 67.40,  -3.59E-013, 
 67.50,  -3.34E-013, 
 67.60,  -2.27E-013, 
 67.70,   8.92E-016, 
 67.80,  -1.20E-013, 
 67.90,   7.31E-014, 
 68.00,  -5.26E-014, 
 68.10,  -7.40E-014, 
 68.20,  -7.13E-014, 
 68.30,  -6.87E-014, 
 68.40,   4.37E-014, 
 68.50,  -2.52E-013, 
 68.60,  -1.03E-013, 
 68.70,  -1.59E-013, 
 68.80,  -1.77E-013, 
 68.90,   3.39E-014, 
 69.00,  -2.14E-013, 
 69.10,  -1.45E-013, 
 69.20,  -2.36E-013, 
 69.30,  -2.13E-013, 
 69.40,  -8.83E-014, 
 69.50,  -1.88E-013, 
 69.60,   5.89E-014, 
 69.70,   1.08E-013, 
 69.80,  -5.71E-014, 
 69.90,  -1.28E-013, 
 70.00,  -1.42E-013, 
 70.10,  -2.89E-013, 
 70.20,  -4.29E-013, 
 70.30,  -4.70E-013, 
 70.40,  -2.64E-013, 
 70.50,  -1.29E-013, 
 70.60,  -3.30E-014, 
 70.70,  -2.87E-013, 
 70.80,  -2.73E-013, 
 70.90,  -2.59E-013, 
 71.00,  -3.23E-013, 
 71.10,  -3.59E-013, 
 71.20,  -1.72E-013, 
 71.30,  -2.10E-013, 
 71.40,  -1.69E-013, 
 71.50,  -5.80E-014, 
 71.60,   6.51E-014, 
 71.70,  -5.35E-015, 
 71.80,  -2.41E-014, 
 71.90,   3.39E-014, 
 72.00,   1.18E-013, 
 72.10,   1.19E-013, 
 72.20,   3.57E-014, 
 72.30,  -1.78E-014, 
 72.40,  -3.43E-013, 
 72.50,   2.68E-015, 
 72.60,  -8.20E-014, 
 72.70,   2.85E-014, 
 72.80,  -1.61E-013, 
 72.90,   2.22E-013, 
 73.00,   1.76E-013, 
 73.10,  -9.54E-014, 
 73.20,  -8.11E-014, 
 73.30,   4.46E-014, 
 73.40,   3.57E-015, 
 73.50,   1.64E-013, 
 73.60,  -1.28E-013, 
 73.70,  -2.24E-013, 
 73.80,  -1.32E-013, 
 73.90,   2.85E-014, 
 74.00,  -1.36E-013, 
 74.10,  -1.46E-013, 
 74.20,  -3.59E-013, 
 74.30,  -2.12E-013, 
 74.40,  -1.99E-013, 
 74.50,  -2.69E-013, 
 74.60,  -3.51E-013, 
 74.70,  -3.15E-013, 
 74.80,  -1.36E-013, 
 74.90,  -1.08E-013, 
 75.00,  -4.10E-014, 
 75.10,   1.55E-013, 
 75.20,   2.85E-013, 
 75.30,   4.66E-013, 
 75.40,   2.96E-013, 
 75.50,   4.31E-013, 
 75.60,   2.64E-013, 
 75.70,   1.82E-013, 
 75.80,  -3.85E-013, 
 75.90,  -1.73E-013, 
 76.00,   6.60E-014, 
 76.10,   1.30E-013, 
 76.20,  -7.13E-014, 
 76.30,  -2.02E-013, 
 76.40,  -2.07E-013, 
 76.50,  -4.79E-013, 
 76.60,  -5.28E-013, 
 76.70,  -2.12E-013, 
 76.80,  -1.28E-013, 
 76.90,  -3.17E-013, 
 77.00,  -2.92E-013, 
 77.10,  -2.15E-013, 
 77.20,  -2.31E-013, 
 77.30,  -2.02E-013, 
 77.40,   3.66E-014, 
 77.50,   6.42E-014, 
 77.60,  -2.41E-014, 
 77.70,  -2.38E-013, 
 77.80,  -2.04E-013, 
 77.90,  -1.31E-013, 
 78.00,  -4.28E-014, 
 78.10,  -3.83E-014, 
 78.20,  -1.20E-013, 
 78.30,   2.10E-013, 
 78.40,   1.52E-013, 
 78.50,   8.92E-015, 
 78.60,  -1.78E-015, 
 78.70,  -1.27E-013, 
 78.80,  -1.98E-013, 
 78.90,  -3.95E-013, 
 79.00,  -2.86E-013, 
 79.10,  -1.64E-013, 
 79.20,  -2.72E-013, 
 79.30,  -2.12E-013, 
 79.40,  -6.96E-014, 
 79.50,  -3.60E-013, 
 79.60,  -4.70E-013, 
 79.70,  -4.25E-013, 
 79.80,  -2.28E-013, 
 79.90,   1.91E-012, 
 80.00,   3.72E-012, 
 80.10,   2.90E-012, 
 80.20,   3.24E-012, 
 80.30,   3.97E-012, 
 80.40,   3.81E-012, 
 80.50,   2.69E-012, 
 80.60,   2.93E-013, 
 80.70,  -2.01E-012, 
 80.80,  -1.21E-012, 
 80.90,  -5.10E-013, 
 81.00,  -2.38E-013, 
 81.10,  -4.10E-013, 
 81.20,  -1.30E-013, 
 81.30,   1.10E-013, 
 81.40,   1.03E-013, 
 81.50,   8.29E-014, 
 81.60,   1.51E-013, 
 81.70,   3.39E-012, 
 81.80,   2.80E-012, 
 81.90,   4.05E-012, 
 82.00,   7.94E-012, 
 82.10,   1.12E-011, 
 82.20,   1.58E-011, 
 82.30,   2.07E-011, 
 82.40,   1.96E-011, 
 82.50,   1.27E-011, 
 82.60,   6.68E-012, 
 82.70,   3.46E-012, 
 82.80,   2.53E-012, 
 82.90,   4.14E-012, 
 83.00,   7.93E-012, 
 83.10,   1.07E-011, 
 83.20,   1.55E-011, 
 83.30,   2.15E-011, 
 83.40,   2.04E-011, 
 83.50,   1.43E-011, 
 83.60,   8.30E-012, 
 83.70,   5.38E-012, 
 83.80,   5.64E-012, 
 83.90,   1.72E-011, 
 84.00,   4.37E-011, 
 84.10,   5.64E-011, 
 84.20,   8.28E-011, 
 84.30,   1.10E-010, 
 84.40,   8.69E-011, 
 84.50,   4.46E-011, 
 84.60,   1.94E-011, 
 84.70,   7.36E-012, 
 84.80,   3.35E-012, 
 84.90,   2.06E-012, 
 85.00,  -2.58E-013, 
 85.10,  -1.40E-012, 
 85.20,  -6.36E-013, 
 85.30,   4.10E-014, 
 85.40,   2.11E-013, 
 85.50,  -4.73E-014, 
 85.60,  -2.23E-014, 
 85.70,   7.04E-014, 
 85.80,   3.48E-012, 
 85.90,   5.05E-012, 
 86.00,   1.01E-011, 
 86.10,   1.39E-011, 
 86.20,   2.00E-011, 
 86.30,   2.83E-011, 
 86.40,   2.70E-011, 
 86.50,   1.70E-011, 
 86.60,   8.78E-012, 
 86.70,   3.95E-012, 
 86.80,   2.02E-012, 
 86.90,  -1.42E-012, 
 87.00,  -1.06E-012, 
 87.10,  -5.89E-013, 
 87.20,  -1.33E-013, 
 87.30,  -3.37E-013, 
 87.40,  -2.34E-013, 
 87.50,  -1.03E-013, 
 87.60,   1.29E-013, 
 87.70,   7.94E-014, 
 87.80,   5.80E-014, 
 87.90,  -4.55E-014, 
 88.00,  -2.44E-013, 
 88.10,  -1.20E-013, 
 88.20,   1.08E-013, 
 88.30,   9.54E-014, 
 88.40,  -4.37E-014, 
 88.50,   4.46E-014, 
 88.60,  -2.34E-013, 
 88.70,  -3.14E-013, 
 88.80,   7.40E-014, 
 88.90,   1.19E-013, 
 89.00,  -1.05E-013, 
 89.10,  -1.32E-013, 
 89.20,  -2.54E-013, 
 89.30,  -4.20E-013, 
 89.40,  -2.63E-013, 
 89.50,  -5.67E-013, 
 89.60,  -1.25E-013, 
 89.70,  -2.58E-013, 
 89.80,  -2.48E-013, 
 89.90,  -5.62E-014, 
 90.00,  -6.33E-014, 
