Jul 29, 2026  10:04:27 AM
Residual Gas Analyzer Software 
Software Version, 3.214.004

Analog Scan Setup:

Data Points in Scan, 891 
Units, Torr 
Noise Floor, 2 
CEM Status, OFF 
Points Per AMU, 10
Scan Start Mass, 1, amu 
Scan Stop Mass, 90, amu
Focus Voltage, 90, Volts 
Ion Energy, HIGH 
Electron Energy, 70, eV 
CEM Voltage, 1159, Volts
CEM Gain, 1.01E+003 
Sensitivity Factor, 1.11E-004 
Filament Current, 1.00, mAmps


  1.00,   7.83E-009, 
  1.10,   8.80E-009, 
  1.20,   1.08E-008, 
  1.30,   1.33E-008, 
  1.40,   1.73E-008, 
  1.50,   2.19E-008, 
  1.60,   1.93E-008, 
  1.70,   1.45E-008, 
  1.80,   1.12E-008, 
  1.90,   8.93E-009, 
  2.00,   7.36E-009, 
  2.10,   6.73E-009, 
  2.20,   6.52E-009, 
  2.30,   5.95E-009, 
  2.40,   4.93E-009, 
  2.50,   2.87E-009, 
  2.60,   1.45E-009, 
  2.70,   7.73E-010, 
  2.80,   3.86E-010, 
  2.90,   7.73E-011, 
  3.00,   1.24E-011, 
  3.10,  -1.69E-010, 
  3.20,  -5.05E-010, 
  3.30,  -9.88E-011, 
  3.40,   1.15E-010, 
  3.50,   3.59E-011, 
  3.60,   7.37E-011, 
  3.70,   4.78E-010, 
  3.80,   1.21E-009, 
  3.90,   1.78E-009, 
  4.00,   2.37E-009, 
  4.10,   3.35E-009, 
  4.20,   4.12E-009, 
  4.30,   4.06E-009, 
  4.40,   3.04E-009, 
  4.50,   1.59E-009, 
  4.60,   7.35E-010, 
  4.70,   1.23E-010, 
  4.80,  -1.66E-010, 
  4.90,  -6.07E-010, 
  5.00,   1.30E-010, 
  5.10,  -5.57E-010, 
  5.20,  -5.57E-010, 
  5.30,   9.89E-011, 
  5.40,  -2.24E-010, 
  5.50,  -5.70E-010, 
  5.60,   1.06E-010, 
  5.70,  -2.46E-011, 
  5.80,  -4.85E-010, 
  5.90,  -1.71E-010, 
  6.00,  -1.58E-010, 
  6.10,  -5.71E-010, 
  6.20,  -4.15E-010, 
  6.30,  -1.06E-010, 
  6.40,   1.24E-010, 
  6.50,  -4.03E-010, 
  6.60,  -5.39E-010, 
  6.70,  -4.96E-010, 
  6.80,  -5.23E-010, 
  6.90,  -4.33E-010, 
  7.00,  -8.70E-011, 
  7.10,   5.48E-011, 
  7.20,  -2.07E-010, 
  7.30,  -6.14E-010, 
  7.40,  -4.09E-010, 
  7.50,  -2.47E-011, 
  7.60,  -8.00E-010, 
  7.70,  -5.32E-010, 
  7.80,  -4.43E-010, 
  7.90,   1.69E-010, 
  8.00,  -1.53E-010, 
  8.10,  -5.65E-010, 
  8.20,  -1.30E-010, 
  8.30,   5.66E-011, 
  8.40,  -3.64E-010, 
  8.50,  -4.94E-010, 
  8.60,   2.39E-010, 
  8.70,   6.38E-011, 
  8.80,  -8.32E-012, 
  8.90,  -4.39E-010, 
  9.00,  -4.78E-010, 
  9.10,  -4.54E-010, 
  9.20,  -2.16E-010, 
  9.30,   8.56E-011, 
  9.40,  -4.35E-010, 
  9.50,  -2.48E-010, 
  9.60,   1.24E-010, 
  9.70,  -1.82E-010, 
  9.80,  -5.96E-010, 
  9.90,  -1.80E-010, 
 10.00,   3.37E-012, 
 10.10,  -5.04E-010, 
 10.20,  -5.31E-010, 
 10.30,  -1.15E-010, 
 10.40,   1.35E-010, 
 10.50,  -1.90E-010, 
 10.60,  -5.23E-010, 
 10.70,  -4.44E-010, 
 10.80,   2.15E-010, 
 10.90,  -1.80E-010, 
 11.00,  -6.79E-010, 
 11.10,  -5.29E-010, 
 11.20,   2.15E-010, 
 11.30,   1.13E-010, 
 11.40,  -5.05E-010, 
 11.50,  -5.35E-010, 
 11.60,   1.29E-010, 
 11.70,   5.71E-011, 
 11.80,   1.12E-010, 
 11.90,   5.98E-011, 
 12.00,  -3.49E-010, 
 12.10,  -2.05E-010, 
 12.20,   2.11E-010, 
 12.30,   1.36E-010, 
 12.40,  -2.78E-010, 
 12.50,  -5.28E-010, 
 12.60,   1.76E-010, 
 12.70,  -1.11E-010, 
 12.80,  -5.76E-010, 
 12.90,   1.95E-010, 
 13.00,   2.29E-011, 
 13.10,  -1.40E-010, 
 13.20,  -5.95E-010, 
 13.30,  -2.25E-010, 
 13.40,   6.72E-011, 
 13.50,   1.49E-011, 
 13.60,  -3.76E-010, 
 13.70,   5.22E-010, 
 13.80,   1.10E-009, 
 13.90,   1.53E-009, 
 14.00,   2.19E-009, 
 14.10,   2.67E-009, 
 14.20,   3.09E-009, 
 14.30,   2.92E-009, 
 14.40,   2.03E-009, 
 14.50,   8.92E-010, 
 14.60,   3.56E-010, 
 14.70,   7.49E-011, 
 14.80,  -1.54E-011, 
 14.90,  -5.52E-011, 
 15.00,  -2.66E-011, 
 15.10,   1.99E-010, 
 15.20,   2.53E-010, 
 15.30,   2.35E-010, 
 15.40,  -4.48E-010, 
 15.50,  -5.05E-010, 
 15.60,   1.88E-010, 
 15.70,   4.39E-010, 
 15.80,   6.60E-010, 
 15.90,   9.02E-010, 
 16.00,   1.42E-009, 
 16.10,   1.79E-009, 
 16.20,   2.12E-009, 
 16.30,   2.19E-009, 
 16.40,   1.56E-009, 
 16.50,   6.88E-010, 
 16.60,   3.67E-010, 
 16.70,   6.72E-010, 
 16.80,   1.30E-009, 
 16.90,   1.83E-009, 
 17.00,   2.50E-009, 
 17.10,   3.35E-009, 
 17.20,   3.96E-009, 
 17.30,   4.03E-009, 
 17.40,   3.23E-009, 
 17.50,   1.83E-009, 
 17.60,   1.61E-009, 
 17.70,   4.63E-009, 
 17.80,   9.51E-009, 
 17.90,   1.26E-008, 
 18.00,   1.73E-008, 
 18.10,   2.20E-008, 
 18.20,   2.41E-008, 
 18.30,   2.17E-008, 
 18.40,   1.42E-008, 
 18.50,   6.06E-009, 
 18.60,   2.84E-009, 
 18.70,   1.74E-009, 
 18.80,   1.42E-009, 
 18.90,   1.48E-009, 
 19.00,   1.98E-009, 
 19.10,   2.81E-009, 
 19.20,   4.46E-009, 
 19.30,   8.22E-009, 
 19.40,   1.89E-008, 
 19.50,   6.04E-008, 
 19.60,   4.24E-007, 
 19.70,   1.18E-006, 
 19.80,   1.31E-006, 
 19.90,   1.64E-006, 
 20.00,   1.86E-006, 
 20.10,   2.16E-006, 
 20.20,   1.93E-006, 
 20.30,   1.56E-006, 
 20.40,   2.33E-007, 
 20.50,   2.04E-008, 
 20.60,   7.95E-009, 
 20.70,   4.20E-009, 
 20.80,   2.39E-009, 
 20.90,   1.46E-009, 
 21.00,   8.85E-010, 
 21.10,   6.99E-010, 
 21.20,   5.21E-010, 
 21.30,   1.86E-010, 
 21.40,   1.01E-010, 
 21.50,   2.61E-011, 
 21.60,   2.07E-011, 
 21.70,   7.48E-011, 
 21.80,  -4.29E-010, 
 21.90,  -3.66E-010, 
 22.00,   8.29E-011, 
 22.10,   2.12E-011, 
 22.20,  -5.23E-010, 
 22.30,  -4.87E-010, 
 22.40,  -4.54E-010, 
 22.50,   1.73E-010, 
 22.60,   1.80E-011, 
 22.70,  -3.96E-010, 
 22.80,  -5.04E-010, 
 22.90,  -1.57E-010, 
 23.00,  -3.45E-011, 
 23.10,  -6.23E-010, 
 23.20,  -4.68E-010, 
 23.30,  -4.20E-010, 
 23.40,  -2.15E-010, 
 23.50,   4.22E-011, 
 23.60,  -4.70E-010, 
 23.70,  -5.67E-010, 
 23.80,  -4.04E-010, 
 23.90,   1.64E-010, 
 24.00,  -3.91E-010, 
 24.10,  -5.76E-010, 
 24.20,  -1.96E-010, 
 24.30,   1.28E-010, 
 24.40,  -1.06E-010, 
 24.50,  -5.66E-010, 
 24.60,  -5.33E-010, 
 24.70,   1.61E-011, 
 24.80,  -5.28E-010, 
 24.90,  -5.31E-010, 
 25.00,  -2.21E-010, 
 25.10,   1.53E-010, 
 25.20,  -2.19E-010, 
 25.30,  -6.12E-010, 
 25.40,  -2.70E-010, 
 25.50,  -5.58E-012, 
 25.60,  -5.88E-010, 
 25.70,  -1.99E-010, 
 25.80,   1.07E-010, 
 25.90,  -3.45E-010, 
 26.00,  -5.83E-010, 
 26.10,  -1.43E-010, 
 26.20,   2.39E-010, 
 26.30,  -4.95E-010, 
 26.40,  -5.18E-010, 
 26.50,   1.29E-010, 
 26.60,   7.11E-011, 
 26.70,  -4.79E-011, 
 26.80,  -5.65E-010, 
 26.90,  -1.51E-010, 
 27.00,   2.31E-010, 
 27.10,  -1.00E-010, 
 27.20,  -5.36E-010, 
 27.30,   3.91E-010, 
 27.40,   3.69E-010, 
 27.50,   6.36E-010, 
 27.60,   2.04E-009, 
 27.70,   9.35E-009, 
 27.80,   2.48E-008, 
 27.90,   3.66E-008, 
 28.00,   4.80E-008, 
 28.10,   5.17E-008, 
 28.20,   5.63E-008, 
 28.30,   5.38E-008, 
 28.40,   3.76E-008, 
 28.50,   1.20E-008, 
 28.60,   4.79E-009, 
 28.70,   2.44E-009, 
 28.80,   1.32E-009, 
 28.90,   8.62E-010, 
 29.00,   6.94E-010, 
 29.10,   6.46E-010, 
 29.20,   4.67E-010, 
 29.30,   4.93E-010, 
 29.40,   2.80E-010, 
 29.50,   2.23E-010, 
 29.60,   5.05E-010, 
 29.70,   2.98E-009, 
 29.80,   7.74E-009, 
 29.90,   1.15E-008, 
 30.00,   1.52E-008, 
 30.10,   1.74E-008, 
 30.20,   1.91E-008, 
 30.30,   1.92E-008, 
 30.40,   1.38E-008, 
 30.50,   5.49E-009, 
 30.60,   2.46E-009, 
 30.70,   1.24E-009, 
 30.80,   6.54E-010, 
 30.90,   3.01E-010, 
 31.00,   1.73E-010, 
 31.10,  -1.19E-010, 
 31.20,  -5.71E-010, 
 31.30,  -1.22E-010, 
 31.40,   2.10E-010, 
 31.50,   3.22E-010, 
 31.60,   7.44E-010, 
 31.70,   3.18E-009, 
 31.80,   7.52E-009, 
 31.90,   1.09E-008, 
 32.00,   1.49E-008, 
 32.10,   1.72E-008, 
 32.20,   1.87E-008, 
 32.30,   1.86E-008, 
 32.40,   1.35E-008, 
 32.50,   5.88E-009, 
 32.60,   2.61E-009, 
 32.70,   1.29E-009, 
 32.80,   5.91E-010, 
 32.90,   2.59E-010, 
 33.00,   9.52E-011, 
 33.10,   1.26E-010, 
 33.20,   2.16E-011, 
 33.30,  -6.61E-010, 
 33.40,  -5.14E-010, 
 33.50,  -4.75E-010, 
 33.60,  -5.08E-010, 
 33.70,  -3.27E-010, 
 33.80,   1.75E-010, 
 33.90,  -5.92E-011, 
 34.00,  -6.52E-010, 
 34.10,   4.13E-011, 
 34.20,   1.73E-010, 
 34.30,   3.04E-011, 
 34.40,  -8.37E-012, 
 34.50,  -9.86E-011, 
 34.60,  -5.94E-010, 
 34.70,   5.94E-011, 
 34.80,  -2.50E-010, 
 34.90,  -5.77E-010, 
 35.00,  -1.50E-010, 
 35.10,   2.16E-010, 
 35.20,  -3.04E-010, 
 35.30,   8.75E-011, 
 35.40,   5.13E-010, 
 35.50,   1.03E-009, 
 35.60,   2.77E-009, 
 35.70,   1.15E-008, 
 35.80,   2.68E-008, 
 35.90,   3.81E-008, 
 36.00,   5.03E-008, 
 36.10,   5.54E-008, 
 36.20,   5.86E-008, 
 36.30,   5.50E-008, 
 36.40,   2.82E-008, 
 36.50,   9.41E-009, 
 36.60,   4.11E-009, 
 36.70,   2.21E-009, 
 36.80,   1.27E-009, 
 36.90,   7.46E-010, 
 37.00,   4.02E-010, 
 37.10,   2.67E-010, 
 37.20,   3.35E-010, 
 37.30,   3.87E-010, 
 37.40,   4.24E-010, 
 37.50,   6.25E-010, 
 37.60,   8.97E-010, 
 37.70,   2.25E-009, 
 37.80,   4.48E-009, 
 37.90,   6.37E-009, 
 38.00,   8.50E-009, 
 38.10,   1.02E-008, 
 38.20,   1.16E-008, 
 38.30,   1.21E-008, 
 38.40,   9.73E-009, 
 38.50,   6.46E-009, 
 38.60,   5.89E-009, 
 38.70,   6.70E-009, 
 38.80,   8.82E-009, 
 38.90,   1.31E-008, 
 39.00,   2.22E-008, 
 39.10,   3.85E-008, 
 39.20,   7.20E-008, 
 39.30,   1.63E-007, 
 39.40,   3.25E-007, 
 39.50,   6.67E-007, 
 39.60,   1.76E-006, 
 39.70,   6.90E-006, 
 39.80,   1.10E-005, 
 39.90,   1.30E-005, 
 40.00,   1.61E-005, 
 40.10,   1.74E-005, 
 40.20,   1.76E-005, 
 40.30,   1.62E-005, 
 40.40,   3.56E-006, 
 40.50,   9.00E-008, 
 40.60,   1.98E-008, 
 40.70,   8.63E-009, 
 40.80,   4.51E-009, 
 40.90,   2.64E-009, 
 41.00,   1.83E-009, 
 41.10,   1.24E-009, 
 41.20,   8.11E-010, 
 41.30,   4.45E-010, 
 41.40,   1.41E-010, 
 41.50,  -4.00E-010, 
 41.60,  -1.20E-010, 
 41.70,   7.22E-011, 
 41.80,  -3.56E-010, 
 41.90,  -2.39E-010, 
 42.00,   2.34E-010, 
 42.10,   7.97E-011, 
 42.20,   1.41E-010, 
 42.30,   8.59E-011, 
 42.40,  -3.96E-010, 
 42.50,  -6.03E-010, 
 42.60,  -4.65E-010, 
 42.70,  -4.67E-010, 
 42.80,  -4.67E-010, 
 42.90,  -3.06E-010, 
 43.00,   1.94E-010, 
 43.10,   1.11E-011, 
 43.20,  -3.28E-010, 
 43.30,  -5.01E-010, 
 43.40,  -4.41E-010, 
 43.50,   9.75E-011, 
 43.60,   1.77E-010, 
 43.70,   2.04E-010, 
 43.80,   7.85E-010, 
 43.90,   1.58E-009, 
 44.00,   2.36E-009, 
 44.10,   3.11E-009, 
 44.20,   3.63E-009, 
 44.30,   3.84E-009, 
 44.40,   3.41E-009, 
 44.50,   1.75E-009, 
 44.60,   6.91E-010, 
 44.70,   5.45E-010, 
 44.80,   3.10E-010, 
 44.90,   3.21E-011, 
 45.00,  -5.71E-010, 
 45.10,  -3.72E-010, 
 45.20,   8.19E-011, 
 45.30,  -6.23E-010, 
 45.40,   1.41E-010, 
 45.50,  -3.76E-010, 
 45.60,  -7.07E-010, 
 45.70,  -5.45E-010, 
 45.80,  -4.87E-010, 
 45.90,  -4.31E-010, 
 46.00,  -4.36E-010, 
 46.10,   6.40E-011, 
 46.20,  -2.20E-011, 
 46.30,  -5.82E-011, 
 46.40,  -6.39E-010, 
 46.50,  -4.84E-010, 
 46.60,   2.14E-011, 
 46.70,   3.40E-011, 
 46.80,  -3.74E-010, 
 46.90,  -6.01E-010, 
 47.00,  -5.38E-010, 
 47.10,  -5.19E-010, 
 47.20,  -5.37E-010, 
 47.30,  -5.75E-010, 
 47.40,  -5.07E-010, 
 47.50,  -2.58E-010, 
 47.60,   1.66E-010, 
 47.70,  -3.34E-011, 
 47.80,  -2.80E-010, 
 47.90,  -6.74E-010, 
 48.00,  -5.46E-010, 
 48.10,  -4.62E-010, 
 48.20,   5.71E-011, 
 48.30,  -1.53E-010, 
 48.40,  -5.23E-010, 
 48.50,  -4.79E-010, 
 48.60,  -4.65E-010, 
 48.70,   6.49E-011, 
 48.80,  -2.71E-011, 
 48.90,  -6.39E-010, 
 49.00,  -5.84E-010, 
 49.10,  -4.56E-010, 
 49.20,   9.41E-011, 
 49.30,   1.71E-011, 
 49.40,  -6.71E-010, 
 49.50,  -6.63E-010, 
 49.60,  -4.14E-010, 
 49.70,   1.37E-010, 
 49.80,  -4.33E-010, 
 49.90,  -6.50E-010, 
 50.00,  -4.47E-010, 
 50.10,   8.17E-011, 
 50.20,   1.38E-010, 
 50.30,  -5.88E-011, 
 50.40,  -5.73E-010, 
 50.50,   3.60E-011, 
 50.60,   1.52E-010, 
 50.70,  -2.72E-011, 
 50.80,  -2.58E-010, 
 50.90,  -7.86E-010, 
 51.00,  -5.35E-010, 
 51.10,  -5.70E-010, 
 51.20,  -5.59E-010, 
 51.30,  -2.85E-010, 
 51.40,   1.15E-010, 
 51.50,  -5.66E-010, 
 51.60,   1.43E-010, 
 51.70,  -3.27E-010, 
 51.80,  -2.93E-010, 
 51.90,   1.18E-010, 
 52.00,  -3.71E-010, 
 52.10,  -5.32E-010, 
 52.20,  -4.97E-010, 
 52.30,  -3.17E-010, 
 52.40,   1.34E-010, 
 52.50,  -2.65E-011, 
 52.60,  -6.83E-010, 
 52.70,  -4.48E-010, 
 52.80,   2.88E-011, 
 52.90,  -7.02E-010, 
 53.00,  -5.00E-010, 
 53.10,  -3.25E-010, 
 53.20,  -2.87E-010, 
 53.30,  -4.51E-010, 
 53.40,   9.11E-011, 
 53.50,  -3.85E-010, 
 53.60,  -3.65E-010, 
 53.70,   1.18E-010, 
 53.80,  -6.13E-010, 
 53.90,  -5.29E-010, 
 54.00,  -5.45E-010, 
 54.10,  -4.45E-010, 
 54.20,  -2.96E-010, 
 54.30,   1.60E-010, 
 54.40,  -4.71E-010, 
 54.50,  -9.04E-011, 
 54.60,  -6.02E-010, 
 54.70,  -4.61E-010, 
 54.80,   7.92E-011, 
 54.90,   1.91E-010, 
 55.00,  -2.58E-010, 
 55.10,  -6.17E-010, 
 55.20,  -8.68E-011, 
 55.30,  -3.26E-010, 
 55.40,  -6.98E-010, 
 55.50,  -6.49E-010, 
 55.60,  -5.09E-010, 
 55.70,  -5.45E-011, 
 55.80,   8.64E-011, 
 55.90,   8.62E-012, 
 56.00,  -2.15E-012, 
 56.10,  -6.70E-010, 
 56.20,  -6.04E-010, 
 56.30,  -4.99E-010, 
 56.40,   6.40E-011, 
 56.50,  -3.45E-011, 
 56.60,  -8.54E-011, 
 56.70,  -1.24E-010, 
 56.80,  -8.13E-010, 
 56.90,  -6.07E-010, 
 57.00,  -2.86E-013, 
 57.10,  -8.79E-011, 
 57.20,  -5.32E-010, 
 57.30,  -1.63E-010, 
 57.40,   5.13E-011, 
 57.50,  -2.27E-011, 
 57.60,  -3.45E-010, 
 57.70,  -3.95E-010, 
 57.80,  -1.11E-010, 
 57.90,  -6.60E-010, 
 58.00,  -5.40E-010, 
 58.10,   1.18E-010, 
 58.20,  -3.90E-011, 
 58.30,  -6.94E-010, 
 58.40,  -5.90E-010, 
 58.50,  -1.68E-011, 
 58.60,  -6.58E-010, 
 58.70,  -6.12E-010, 
 58.80,  -3.56E-010, 
 58.90,   1.07E-010, 
 59.00,  -5.20E-010, 
 59.10,  -6.07E-010, 
 59.20,  -4.65E-010, 
 59.30,   6.10E-012, 
 59.40,   1.13E-010, 
 59.50,  -3.52E-010, 
 59.60,  -5.38E-010, 
 59.70,  -1.48E-010, 
 59.80,  -2.64E-010, 
 59.90,  -5.88E-010, 
 60.00,  -5.29E-010, 
 60.10,   1.51E-010, 
 60.20,  -3.26E-010, 
 60.30,  -5.71E-010, 
 60.40,  -5.69E-010, 
 60.50,  -4.43E-011, 
 60.60,  -3.20E-010, 
 60.70,  -5.51E-010, 
 60.80,  -1.29E-011, 
 60.90,  -3.09E-010, 
 61.00,  -4.78E-010, 
 61.10,  -1.91E-011, 
 61.20,   6.59E-011, 
 61.30,  -1.92E-011, 
 61.40,  -6.57E-010, 
 61.50,  -2.91E-010, 
 61.60,   2.55E-010, 
 61.70,   8.56E-011, 
 61.80,  -6.24E-011, 
 61.90,  -5.81E-010, 
 62.00,  -5.77E-010, 
 62.10,  -4.66E-010, 
 62.20,   1.47E-010, 
 62.30,  -3.28E-010, 
 62.40,  -5.75E-010, 
 62.50,   3.26E-011, 
 62.60,   1.23E-010, 
 62.70,   2.60E-011, 
 62.80,  -4.56E-010, 
 62.90,   3.59E-011, 
 63.00,   5.83E-011, 
 63.10,  -1.32E-011, 
 63.20,   5.47E-011, 
 63.30,   5.58E-011, 
 63.40,  -4.06E-010, 
 63.50,  -6.72E-010, 
 63.60,  -3.30E-010, 
 63.70,   2.95E-011, 
 63.80,  -3.91E-011, 
 63.90,  -5.87E-010, 
 64.00,  -5.40E-010, 
 64.10,  -4.66E-010, 
 64.20,   3.52E-011, 
 64.30,   1.59E-010, 
 64.40,   1.34E-011, 
 64.50,  -5.81E-011, 
 64.60,  -5.28E-010, 
 64.70,  -5.42E-010, 
 64.80,  -4.77E-010, 
 64.90,  -2.76E-010, 
 65.00,   1.68E-010, 
 65.10,   1.89E-011, 
 65.20,   3.86E-011, 
 65.30,  -5.33E-010, 
 65.40,  -1.22E-010, 
 65.50,   4.28E-012, 
 65.60,  -5.83E-010, 
 65.70,  -7.09E-010, 
 65.80,  -4.11E-010, 
 65.90,   9.39E-011, 
 66.00,  -3.18E-010, 
 66.10,  -5.45E-010, 
 66.20,   5.14E-011, 
 66.30,   6.31E-011, 
 66.40,  -3.12E-012, 
 66.50,  -5.30E-010, 
 66.60,  -6.87E-011, 
 66.70,   7.67E-011, 
 66.80,   5.13E-011, 
 66.90,   4.33E-012, 
 67.00,  -3.42E-010, 
 67.10,  -6.62E-010, 
 67.20,  -5.43E-010, 
 67.30,  -5.00E-011, 
 67.40,  -1.89E-010, 
 67.50,  -5.88E-010, 
 67.60,  -2.10E-011, 
 67.70,   7.85E-011, 
 67.80,  -3.04E-010, 
 67.90,  -3.76E-010, 
 68.00,   1.06E-010, 
 68.10,  -3.29E-010, 
 68.20,  -5.44E-010, 
 68.30,  -4.81E-010, 
 68.40,  -4.36E-010, 
 68.50,   1.08E-010, 
 68.60,  -4.77E-010, 
 68.70,  -4.04E-010, 
 68.80,   7.48E-011, 
 68.90,  -4.76E-010, 
 69.00,  -5.33E-010, 
 69.10,   1.44E-010, 
 69.20,  -4.66E-010, 
 69.30,  -3.20E-010, 
 69.40,   1.22E-010, 
 69.50,  -8.43E-011, 
 69.60,  -6.52E-010, 
 69.70,  -3.80E-010, 
 69.80,   2.35E-011, 
 69.90,  -6.24E-010, 
 70.00,  -5.27E-010, 
 70.10,  -4.57E-010, 
 70.20,  -4.69E-010, 
 70.30,   8.34E-011, 
 70.40,  -2.39E-011, 
 70.50,  -4.49E-010, 
 70.60,  -6.43E-010, 
 70.70,  -6.06E-010, 
 70.80,  -5.41E-010, 
 70.90,  -6.63E-011, 
 71.00,   2.77E-011, 
 71.10,  -6.35E-010, 
 71.20,  -6.64E-010, 
 71.30,  -6.17E-010, 
 71.40,  -5.32E-010, 
 71.50,  -6.36E-011, 
 71.60,   8.28E-011, 
 71.70,   2.05E-011, 
 71.80,  -6.00E-010, 
 71.90,  -3.11E-010, 
 72.00,   1.34E-010, 
 72.10,  -3.44E-010, 
 72.20,  -5.55E-010, 
 72.30,   6.55E-013, 
 72.40,   1.28E-010, 
 72.50,  -7.42E-012, 
 72.60,  -3.19E-010, 
 72.70,  -4.52E-010, 
 72.80,   1.42E-010, 
 72.90,  -5.90E-010, 
 73.00,  -4.15E-010, 
 73.10,   1.54E-010, 
 73.20,  -1.13E-010, 
 73.30,  -4.42E-010, 
 73.40,   1.40E-010, 
 73.50,  -2.70E-010, 
 73.60,  -5.51E-010, 
 73.70,  -3.43E-010, 
 73.80,   1.23E-010, 
 73.90,  -1.84E-010, 
 74.00,  -4.92E-010, 
 74.10,   2.51E-011, 
 74.20,   1.69E-010, 
 74.30,   1.94E-010, 
 74.40,   9.63E-011, 
 74.50,  -6.41E-010, 
 74.60,  -3.14E-010, 
 74.70,   2.16E-010, 
 74.80,  -2.45E-010, 
 74.90,  -4.49E-010, 
 75.00,   2.01E-010, 
 75.10,   7.75E-011, 
 75.20,  -2.65E-010, 
 75.30,  -6.45E-010, 
 75.40,  -9.76E-011, 
 75.50,  -6.26E-012, 
 75.60,  -5.78E-010, 
 75.70,  -4.79E-011, 
 75.80,   1.26E-010, 
 75.90,  -1.48E-011, 
 76.00,  -5.43E-011, 
 76.10,  -2.84E-010, 
 76.20,  -7.60E-011, 
 76.30,  -1.17E-012, 
 76.40,  -3.43E-010, 
 76.50,  -5.99E-010, 
 76.60,  -3.59E-010, 
 76.70,   1.90E-010, 
 76.80,   6.12E-011, 
 76.90,  -5.77E-012, 
 77.00,  -6.53E-010, 
 77.10,  -3.41E-010, 
 77.20,  -1.14E-010, 
 77.30,  -3.31E-010, 
 77.40,   2.44E-010, 
 77.50,  -1.76E-010, 
 77.60,  -3.66E-010, 
 77.70,   2.02E-010, 
 77.80,  -5.95E-010, 
 77.90,  -4.37E-010, 
 78.00,   2.05E-010, 
 78.10,  -3.32E-010, 
 78.20,  -7.86E-010, 
 78.30,  -5.37E-010, 
 78.40,  -4.12E-010, 
 78.50,   1.33E-010, 
 78.60,   1.28E-010, 
 78.70,   2.07E-010, 
 78.80,  -2.94E-010, 
 78.90,  -4.69E-010, 
 79.00,   1.18E-010, 
 79.10,  -5.81E-010, 
 79.20,  -3.73E-010, 
 79.30,   8.47E-011, 
 79.40,  -2.09E-011, 
 79.50,  -6.29E-010, 
 79.60,  -4.72E-010, 
 79.70,   2.06E-010, 
 79.80,   7.37E-011, 
 79.90,  -5.17E-010, 
 80.00,   1.93E-011, 
 80.10,   1.38E-010, 
 80.20,  -1.49E-011, 
 80.30,  -7.30E-010, 
 80.40,  -5.70E-010, 
 80.50,  -4.45E-011, 
 80.60,   8.73E-011, 
 80.70,  -1.27E-010, 
 80.80,  -5.52E-010, 
 80.90,  -3.17E-010, 
 81.00,   2.04E-010, 
 81.10,  -1.89E-010, 
 81.20,  -4.81E-010, 
 81.30,   2.74E-010, 
 81.40,   1.46E-010, 
 81.50,  -1.99E-010, 
 81.60,  -5.68E-010, 
 81.70,  -5.02E-010, 
 81.80,   1.18E-010, 
 81.90,   9.84E-012, 
 82.00,   8.00E-013, 
 82.10,  -3.09E-011, 
 82.20,  -6.16E-010, 
 82.30,  -4.28E-010, 
 82.40,   1.01E-010, 
 82.50,  -2.94E-010, 
 82.60,  -4.75E-010, 
 82.70,   1.76E-010, 
 82.80,   8.73E-011, 
 82.90,   1.62E-012, 
 83.00,  -4.30E-010, 
 83.10,  -4.45E-010, 
 83.20,   1.54E-010, 
 83.30,   6.22E-011, 
 83.40,   2.78E-011, 
 83.50,   3.43E-011, 
 83.60,  -3.42E-010, 
 83.70,  -6.27E-010, 
 83.80,  -3.40E-010, 
 83.90,   2.59E-010, 
 84.00,   1.50E-010, 
 84.10,   1.78E-010, 
 84.20,   3.62E-010, 
 84.30,   3.09E-010, 
 84.40,   3.52E-010, 
 84.50,   1.53E-010, 
 84.60,   1.92E-010, 
 84.70,  -3.01E-012, 
 84.80,   3.67E-011, 
 84.90,   4.50E-011, 
 85.00,   2.50E-011, 
 85.10,  -2.63E-010, 
 85.20,  -4.70E-010, 
 85.30,   1.39E-010, 
 85.40,  -5.30E-010, 
 85.50,  -1.82E-010, 
 85.60,   8.17E-011, 
 85.70,   6.10E-011, 
 85.80,  -2.00E-010, 
 85.90,  -4.79E-010, 
 86.00,   1.89E-010, 
 86.10,   1.08E-010, 
 86.20,   7.83E-011, 
 86.30,   1.35E-010, 
 86.40,  -3.17E-012, 
 86.50,  -1.93E-011, 
 86.60,  -4.65E-010, 
 86.70,   8.55E-011, 
 86.80,   1.85E-010, 
 86.90,   4.43E-011, 
 87.00,  -5.07E-010, 
 87.10,  -4.29E-010, 
 87.20,   1.26E-010, 
 87.30,  -1.08E-010, 
 87.40,  -5.52E-010, 
 87.50,   2.40E-010, 
 87.60,   7.50E-011, 
 87.70,   5.51E-011, 
 87.80,  -2.99E-011, 
 87.90,  -3.63E-011, 
 88.00,  -5.46E-010, 
 88.10,  -2.64E-010, 
 88.20,  -8.36E-012, 
 88.30,  -5.36E-010, 
 88.40,   1.80E-010, 
 88.50,   2.47E-012, 
 88.60,  -4.45E-010, 
 88.70,  -1.21E-011, 
 88.80,   2.00E-010, 
 88.90,  -2.67E-010, 
 89.00,  -5.95E-010, 
 89.10,  -2.25E-010, 
 89.20,   1.58E-010, 
 89.30,   5.75E-011, 
 89.40,   4.39E-012, 
 89.50,  -5.24E-010, 
 89.60,  -4.38E-010, 
 89.70,  -6.90E-011, 
 89.80,   1.66E-010, 
 89.90,   1.41E-011, 
 90.00,  -1.66E-010, 
