Jul 29, 2026  01:57:20 PM
Residual Gas Analyzer Software 
RGA Software Version, 3.214.004

Pressure vs Time Scan Setup:

Active channels in Scan, 8 
Units, Torr
Sample Period, 1.00, sec
Focus Voltage, 90, Volts 
Ion Energy, HIGH 
Electron Energy, 70, eV 
CEM Voltage, 1159, Volts
CEM Gain, 1.01E+003 
Sensitivity Factor, 1.11E-004 
Filament Current, 1.00, mAmps
Start time, Jul 29, 2026  01:57:20 PM 
Channel,  Mass(amu),     Name,                 Cal Factor,  Noise Floor, CEM Status

1         2.00           Hydrogen              1.00         3            OFF
2         4.00           Helium                1.00         3            OFF
3         26.00          Dummy-26              1.00         3            ON
4         28.00          Nitrogen              1.00         3            ON
5         32.00          Oxygen                1.00         3            ON
6         40.00          Argon                 1.00         3            ON
7         44.00          Carbon dioxide        1.00         3            ON
8         84.00          Krypton               1.00         3            ON


Time(s)      Channel#1   Channel#2   Channel#3   Channel#4   Channel#5   Channel#6   Channel#7   Channel#8   

0.000,   4.0790E-008,   2.9891E-006,   1.6224E-011,   3.1654E-011,   2.3047E-011,   1.1022E-011,   5.5877E-012,   1.1013E-012,  
5.656,   4.1186E-008,   3.0882E-006,   2.1853E-011,   2.1365E-011,   2.1797E-011,   1.1994E-011,   5.3987E-012,   6.1352E-013,  
10.719,   4.1364E-008,   3.1075E-006,   4.6951E-012,   1.9665E-011,   2.0859E-011,   1.2781E-011,   8.8622E-012,   4.9046E-013,  
15.781,   4.5528E-008,   3.1193E-006,   5.4629E-012,   2.0631E-011,   1.9799E-011,   1.3093E-011,   9.4650E-012,   1.0326E-012,  
20.813,   4.5603E-008,   3.1174E-006,   1.6465E-011,   2.0444E-011,   2.1063E-011,   1.2894E-011,   7.0635E-012,   8.0614E-013,  
25.860,   4.2349E-008,   3.0920E-006,   2.3722E-011,   2.0310E-011,   2.0067E-011,   1.3170E-011,   8.1675E-012,   6.7773E-013,  
30.906,   4.2043E-008,   3.1064E-006,   2.5477E-011,   1.9669E-011,   2.0260E-011,   1.2643E-011,   8.9211E-012,   4.0396E-013,  
35.953,   4.2517E-008,   3.1110E-006,   2.3723E-011,   2.0282E-011,   1.9863E-011,   1.3313E-011,   6.5936E-012,   9.1583E-013,  
41.000,   4.5632E-008,   3.1150E-006,   2.2476E-011,   2.0157E-011,   2.0183E-011,   1.3215E-011,   8.9344E-012,   7.1786E-013,  
46.016,   4.2676E-008,   3.0933E-006,   5.4691E-012,   1.9960E-011,   2.0116E-011,   1.3214E-011,   6.6694E-012,   9.5596E-013,  
51.078,   4.6367E-008,   3.1101E-006,   5.1115E-012,   2.0062E-011,   2.0830E-011,   1.3642E-011,   5.6162E-012,   6.6792E-013,  
56.110,   4.4824E-008,   3.0958E-006,   2.4575E-011,   1.9783E-011,   2.0362E-011,   1.3043E-011,   8.3789E-012,   5.2970E-013,  
61.110,   4.0986E-008,   3.1095E-006,   2.2580E-011,   2.0277E-011,   2.0669E-011,   1.3157E-011,   8.7356E-012,   6.5900E-013,  
66.188,   4.3731E-008,   3.0950E-006,   2.3194E-011,   2.0674E-011,   1.9866E-011,   1.3442E-011,   8.6045E-012,   4.5123E-013,  
72.172,   4.4986E-008,   3.1090E-006,   5.5360E-012,   2.0542E-011,   2.2067E-011,   1.3949E-011,   7.9910E-012,   4.8690E-013,  
77.188,   4.2065E-008,   3.0813E-006,   2.4939E-011,   2.0039E-011,   2.3637E-011,   1.4074E-011,   7.8510E-012,   7.0983E-013,  
82.219,   4.0467E-008,   3.0782E-006,   2.4808E-011,   1.9411E-011,   2.2312E-011,   1.3470E-011,   9.1859E-012,   1.0425E-012,  
87.250,   4.3524E-008,   3.0778E-006,   2.3281E-011,   1.9773E-011,   2.1152E-011,   1.3380E-011,   5.2863E-012,   9.2653E-013,  
92.266,   4.3979E-008,   3.0677E-006,   2.4056E-011,   1.9478E-011,   2.0691E-011,   1.4112E-011,   7.3106E-012,   5.9391E-013,  
97.313,   4.1888E-008,   3.0713E-006,   2.3326E-011,   1.9706E-011,   2.0145E-011,   1.3028E-011,   7.6227E-012,   4.8690E-013,  
102.313,   4.2882E-008,   3.0907E-006,   4.9011E-012,   2.0421E-011,   2.0242E-011,   1.4117E-011,   7.9785E-012,   7.9187E-013,  
107.360,   4.3602E-008,   3.0678E-006,   5.8258E-012,   1.9669E-011,   2.0558E-011,   1.3833E-011,   8.2772E-012,   1.1343E-012,  
112.422,   4.3667E-008,   3.0549E-006,   5.7001E-012,   1.8835E-011,   1.9364E-011,   1.2726E-011,   4.8172E-012,   3.9629E-012,  
117.453,   4.2932E-008,   3.0792E-006,   2.3644E-011,   2.0745E-011,   2.0068E-011,   1.3325E-011,   7.6423E-012,  -3.5848E-013,  
122.500,   4.3581E-008,   3.0791E-006,   2.4181E-011,   2.0058E-011,   1.9349E-011,   1.2805E-011,   7.6601E-012,   4.4766E-013,  
127.516,   4.4046E-008,   3.0641E-006,   2.3526E-011,   2.0694E-011,   2.0707E-011,   1.2296E-011,   4.4088E-012,   2.5237E-013,  
132.563,   4.3366E-008,   3.0775E-006,   2.4100E-011,   1.9204E-011,   1.8685E-011,   1.3111E-011,   7.8403E-012,   5.4575E-013,  
137.563,   4.1305E-008,   3.0542E-006,   2.5154E-011,   2.0237E-011,   1.9477E-011,   1.2700E-011,   7.5192E-012,   4.3874E-013,  
142.641,   4.1152E-008,   3.0764E-006,   4.9483E-012,   2.0206E-011,   1.9699E-011,   1.2477E-011,   9.2332E-012,   6.8843E-013,  
147.672,   4.2778E-008,   3.0563E-006,   2.3892E-011,   1.9448E-011,   1.9997E-011,   1.3339E-011,   7.2999E-012,   6.6881E-013,  
152.703,   4.3134E-008,   3.0818E-006,   2.2508E-011,   1.9089E-011,   1.9341E-011,   1.3244E-011,   7.8108E-012,   6.0996E-013,  
157.735,   4.3606E-008,   3.0681E-006,   2.2713E-011,   1.9883E-011,   1.9850E-011,   1.3088E-011,   8.9692E-012,   7.1697E-013,  
162.797,   4.2569E-008,   3.0497E-006,   2.2512E-011,   1.9280E-011,   2.0207E-011,   1.3049E-011,   6.5918E-012,   6.1620E-013,  
167.813,   4.4238E-008,   3.0687E-006,   2.2190E-011,   2.0346E-011,   1.9976E-011,   1.2638E-011,   5.5190E-012,   5.4129E-013,  
172.828,   4.2999E-008,   3.0843E-006,   2.4619E-011,   1.6612E-011,   1.9684E-011,   1.2794E-011,   7.0314E-012,   6.6792E-013,  
177.875,   4.3234E-008,   3.0809E-006,   4.2091E-013,   1.9227E-011,   1.9989E-011,   1.2765E-011,   7.7208E-012,   6.9646E-013,  
182.953,   4.3374E-008,   3.0609E-006,   2.0956E-013,   2.0262E-011,   1.9610E-011,   1.3117E-011,   9.0085E-012,   6.7149E-013,  
187.985,   4.1493E-008,   3.0570E-006,   2.2442E-011,   1.9314E-011,   1.9072E-011,   1.2420E-011,   7.4604E-012,   7.0270E-013,  
193.031,   4.2046E-008,   3.0665E-006,   2.2836E-011,   1.9498E-011,   1.9124E-011,   1.2835E-011,   7.5808E-012,   4.7976E-013,  
198.094,   4.1624E-008,   3.0706E-006,   2.1545E-011,   1.9341E-011,   1.9991E-011,   1.2644E-011,   7.0448E-012,   6.9021E-013,  
203.156,   4.2225E-008,   3.0663E-006,   5.7750E-012,   1.9372E-011,   1.9068E-011,   1.2827E-011,   6.9574E-012,   7.2410E-013,  
208.188,   4.4507E-008,   3.0708E-006,   2.2266E-011,   2.0204E-011,   2.0171E-011,   1.2260E-011,   8.8248E-012,   9.7825E-013,  
213.235,   4.2164E-008,   3.0523E-006,   3.8087E-012,   1.9174E-011,   1.8705E-011,   1.2615E-011,   8.6696E-012,   6.7595E-013,  
218.266,   4.5832E-008,   3.0637E-006,   5.3683E-012,   1.8966E-011,   1.9350E-011,   1.2223E-011,   8.2915E-012,   7.5442E-013,  
223.250,   4.2325E-008,   3.0553E-006,   2.3197E-011,   1.8806E-011,   1.9490E-011,   1.2318E-011,   6.5508E-012,   8.8105E-013,  
228.297,   4.3108E-008,   3.0468E-006,   5.2899E-012,   1.8981E-011,   1.9055E-011,   1.2203E-011,   8.4903E-012,   5.2257E-013,  
233.313,   4.1970E-008,   3.0803E-006,   7.1474E-012,   1.9810E-011,   1.8941E-011,   1.2420E-011,   3.9255E-012,   4.7976E-013,  
238.375,   4.2543E-008,   3.0714E-006,   8.2844E-013,   2.0040E-011,   1.8972E-011,   1.2695E-011,   5.0687E-012,   6.1843E-012,  
243.391,   4.2072E-008,   3.0568E-006,   5.5021E-012,   2.0858E-011,   2.0435E-011,   1.2777E-011,   5.3773E-012,   6.2066E-013,  
248.438,   4.1049E-008,   3.0551E-006,   2.3819E-011,   2.5395E-011,   2.0083E-011,   1.2675E-011,   5.6448E-012,   9.2831E-013,  
253.500,   4.0743E-008,   3.0572E-006,   2.4077E-013,   2.7648E-011,   1.9283E-011,   1.1908E-011,   8.6696E-012,   7.9455E-013,  
258.563,   4.2489E-008,   3.0678E-006,   2.2921E-011,   2.7363E-011,   1.9141E-011,   1.2346E-011,   6.8754E-012,   9.8003E-013,  
263.625,   4.3659E-008,   3.0401E-006,   2.3036E-011,   2.5647E-011,   1.9330E-011,   1.2922E-011,   7.3418E-012,   4.8690E-013,  
268.672,   4.0492E-008,   3.0343E-006,   4.9991E-012,   2.3633E-011,   1.9263E-011,   1.2695E-011,   7.5032E-012,   5.5556E-013,  
273.688,   4.4398E-008,   3.0699E-006,   6.0550E-012,   2.1467E-011,   1.8245E-011,   1.1842E-011,   5.1507E-012,   4.7976E-013,  
278.735,   4.1780E-008,   3.0583E-006,   5.4227E-012,   1.9898E-011,   1.8786E-011,   1.1953E-011,   8.4903E-012,   6.4652E-013,  
283.797,   4.2425E-008,   3.0411E-006,   2.2847E-011,   2.0001E-011,   1.4968E-011,   1.1662E-011,   8.3361E-012,   5.9391E-013,  
288.844,   4.0590E-008,   3.0686E-006,   2.2774E-011,   1.9790E-011,   1.9482E-011,   1.1743E-011,   6.4955E-012,   4.0753E-013,  
293.891,   4.1583E-008,   3.0539E-006,   5.7143E-012,   1.9016E-011,   2.0161E-011,   1.2349E-011,   7.9553E-012,   5.2702E-013,  
298.938,   4.1234E-008,   3.0691E-006,   2.1513E-011,   1.8462E-011,   2.0665E-011,   1.1766E-011,   7.5201E-012,   4.4231E-013,  
303.985,   4.2574E-008,   3.0577E-006,   2.1681E-011,   1.8852E-011,   1.9794E-011,   1.1904E-011,   8.3298E-012,   6.2155E-013,  
309.016,   4.1773E-008,   3.0637E-006,   2.2697E-011,   1.9207E-011,   1.9083E-011,   1.1834E-011,   7.9785E-012,   2.3631E-013,  
314.047,   4.1588E-008,   3.0569E-006,   2.1489E-011,   1.8621E-011,   1.9469E-011,   1.1852E-011,   8.9407E-012,   6.5454E-013,  
319.094,   4.4091E-008,   3.0673E-006,   2.2535E-011,   1.8576E-011,   1.9231E-011,   1.2141E-011,   8.2184E-012,   2.4701E-013,  
324.125,   3.9491E-008,   3.0636E-006,   2.1850E-011,   1.8563E-011,   1.9050E-011,   1.1702E-011,   7.3935E-012,  -3.5759E-013,  
329.188,   4.1946E-008,   3.0482E-006,   5.0277E-012,   1.8489E-011,   1.9045E-011,   1.1746E-011,   5.8561E-012,   4.5658E-013,  
334.219,   4.3183E-008,   3.0328E-006,   2.0096E-011,   1.8142E-011,   1.9992E-011,   1.1797E-011,   7.5174E-012,   7.2856E-013,  
339.266,   4.0684E-008,   3.0376E-006,   2.2666E-011,   1.7518E-011,   1.9822E-011,   1.2310E-011,   6.9120E-012,   6.7488E-012,  
344.313,   3.9724E-008,   3.0476E-006,   2.1578E-011,   1.8441E-011,   1.9053E-011,   1.1994E-011,   7.6726E-012,   6.5365E-013,  
350.313,   4.2462E-008,   3.0421E-006,   2.1152E-011,   1.8027E-011,   1.9290E-011,   1.1743E-011,   7.9633E-012,   6.1531E-013,  
355.360,   3.9686E-008,   3.0413E-006,   5.2426E-012,   1.8539E-011,   1.9619E-011,   1.1636E-011,   7.2267E-012,   7.3391E-013,  
360.391,   4.2751E-008,   3.0485E-006,   2.1751E-011,   1.8300E-011,   1.8656E-011,   1.1536E-011,   8.7811E-012,   6.1085E-013,  
365.422,   4.2908E-008,   3.0302E-006,   3.4172E-012,   1.8184E-011,   1.8655E-011,   1.1673E-011,   7.1500E-012,   7.8385E-013,  
370.453,   4.2868E-008,   3.0534E-006,   2.1250E-011,   1.9239E-011,   1.9186E-011,   1.1447E-011,   6.9699E-012,  -1.0433E-013,  
375.485,   4.1724E-008,   3.0323E-006,   2.1402E-011,   1.8280E-011,   1.7822E-011,   1.1490E-011,   8.9398E-012,   4.9581E-013,  
380.516,   4.2724E-008,   3.0518E-006,   2.0970E-011,   1.9193E-011,   2.0227E-011,   1.1990E-011,   8.2389E-012,   5.2435E-013,  
385.578,   3.9001E-008,   3.0352E-006,   2.1520E-011,   1.8166E-011,   1.9099E-011,   1.2331E-011,   8.5323E-012,   4.4409E-013,  
390.641,   4.1668E-008,   3.0539E-006,   6.9396E-012,   1.8043E-011,   1.8513E-011,   1.1694E-011,   5.2515E-012,   4.5836E-013,  
395.688,   3.9474E-008,   3.0481E-006,   5.4486E-012,   1.8145E-011,   1.9726E-011,   1.1578E-011,   6.7532E-012,   3.4332E-013,  
400.703,   4.0577E-008,   3.0432E-006,   2.1589E-011,   1.8935E-011,   1.9155E-011,   1.1857E-011,   8.4823E-012,   2.6574E-013,  
405.735,   4.3486E-008,   3.0522E-006,   2.1388E-011,   1.8461E-011,   1.9477E-011,   1.1379E-011,   6.7425E-012,   8.8016E-013,  
410.797,   3.9678E-008,   3.0351E-006,   4.9448E-012,   1.8282E-011,   1.8722E-011,   1.1852E-011,   8.9657E-012,   1.0121E-012,  
415.860,   4.0568E-008,   3.0312E-006,   2.1217E-011,   1.9544E-011,   1.9989E-011,   1.1770E-011,   7.8215E-012,   6.9735E-013,  
420.891,   3.9890E-008,   3.0262E-006,   2.1352E-011,   1.8256E-011,   1.9379E-011,   1.1815E-011,   5.2729E-012,   4.3696E-013,  
425.953,   4.1500E-008,   3.0428E-006,   1.5240E-012,   1.8244E-011,   1.9499E-011,   1.1224E-011,   8.2968E-012,   4.9760E-013,  
430.969,   4.2108E-008,   3.0402E-006,   2.0185E-011,   1.9126E-011,   1.8436E-011,   1.1746E-011,   7.6530E-012,   2.9517E-013,  
436.031,   4.0164E-008,   3.0329E-006,   5.1989E-012,   1.8741E-011,   1.8942E-011,   1.0892E-011,   5.9515E-012,   3.9861E-013,  
441.047,   3.9884E-008,   3.0406E-006,   1.9966E-011,   1.8217E-011,   1.6450E-011,   1.0985E-011,   6.7407E-012,   5.4932E-013,  
446.078,   4.1256E-008,   3.0420E-006,   2.0154E-011,   1.8598E-011,   1.8756E-011,   1.1468E-011,   7.5879E-012,   3.6918E-013,  
451.141,   4.1545E-008,   3.0463E-006,   5.0990E-012,   1.8537E-011,   1.9225E-011,   1.2270E-011,   7.0983E-012,   6.5722E-013,  
456.141,   4.0363E-008,   3.0363E-006,   1.0969E-013,   1.9017E-011,   1.9076E-011,   1.0783E-011,   8.1069E-012,   7.7047E-013,  
461.203,   3.9425E-008,   3.0297E-006,   1.9625E-011,   1.7784E-011,   1.8481E-011,   9.9038E-012,   6.8308E-012,   5.0295E-013,  
466.219,   4.0619E-008,   3.0380E-006,   4.5889E-012,   1.8098E-011,   1.9203E-011,   1.0936E-011,   7.4836E-012,   5.5645E-013,  
471.266,   3.7963E-008,   3.0396E-006,   2.0902E-011,   1.8110E-011,   1.8564E-011,   1.0810E-011,   6.7077E-012,   3.2549E-013,  
476.266,   4.0359E-008,   3.0531E-006,   1.9769E-011,   1.8028E-011,   1.8488E-011,   1.1663E-011,   7.8982E-012,   4.6728E-013,  
481.266,   4.0537E-008,   3.0413E-006,   5.3790E-012,   1.8898E-011,   1.8746E-011,   1.1359E-011,   8.6696E-012,   3.3173E-013,  
486.313,   3.8005E-008,   3.0185E-006,   4.7842E-012,   1.8467E-011,   1.9370E-011,   1.1530E-011,   8.1238E-012,   1.0282E-012,  
491.344,   4.1664E-008,   3.0253E-006,   5.0509E-012,   1.8596E-011,   1.8639E-011,   1.1153E-011,   6.6551E-012,   5.8677E-013,  
496.375,   3.9488E-008,   3.0207E-006,   5.5761E-012,   1.8563E-011,   1.9348E-011,   1.0602E-011,   6.7978E-012,   4.2358E-013,  
501.438,   3.9371E-008,   3.0469E-006,   2.0415E-011,   1.4127E-011,   1.9067E-011,   1.1216E-011,   6.5000E-012,   6.4206E-013,  
506.453,   4.1136E-008,   3.0399E-006,   2.0302E-011,   1.8638E-011,   1.9430E-011,   1.1327E-011,   5.1222E-012,   7.0359E-013,  
511.485,   4.1338E-008,   3.0304E-006,   2.0185E-011,   1.8922E-011,   1.9449E-011,   1.1504E-011,   6.8477E-012,   1.9440E-013,  
516.500,   4.2392E-008,   3.0203E-006,   1.9002E-011,   1.7925E-011,   1.8821E-011,   1.1165E-011,   6.3947E-012,   6.6881E-013,  
521.516,   4.0988E-008,   3.0210E-006,   2.0389E-011,   1.5565E-011,   1.9477E-011,   1.0706E-011,   8.2442E-012,   6.8308E-013,  
526.610,   4.0419E-008,   3.0211E-006,   5.4557E-012,   1.7832E-011,   1.9694E-011,   1.0895E-011,   7.5281E-012,   4.6995E-013,  
531.641,   4.0252E-008,   3.0256E-006,   2.0565E-011,   1.8538E-011,   1.8972E-011,   1.0664E-011,   7.5692E-012,   3.6294E-013,  
536.672,   4.0864E-008,   3.0283E-006,   5.4985E-012,   1.8301E-011,   1.9171E-011,   1.1078E-011,   7.2954E-012,   7.6958E-013,  
541.719,   3.8696E-008,   3.0293E-006,   1.9669E-011,   1.8017E-011,   1.8515E-011,   1.1945E-011,   8.4475E-012,   3.8167E-013,  
546.735,   3.8970E-008,   3.0006E-006,   5.0090E-012,   1.8660E-011,   1.8571E-011,   1.1004E-011,   7.5603E-012,   5.7340E-013,  
551.766,   4.1127E-008,   3.0215E-006,   1.9246E-011,   1.7718E-011,   1.8309E-011,   1.1472E-011,   6.4420E-012,   3.2281E-013,  
556.797,   4.0758E-008,   3.0321E-006,   4.4133E-012,   1.8731E-011,   1.8326E-011,   1.0919E-011,   6.4830E-012,   3.2371E-013,  
561.860,   3.7384E-008,   3.0231E-006,   1.9771E-011,   1.8087E-011,   1.9030E-011,   1.1875E-011,   7.7975E-012,   6.3225E-013,  
566.875,   3.9443E-008,   3.0210E-006,   1.9927E-011,   1.7288E-011,   1.8262E-011,   1.0839E-011,   6.6444E-012,   4.8065E-013,  
571.953,   3.8697E-008,   3.0111E-006,   2.0539E-011,   1.8630E-011,   1.8913E-011,   1.0556E-011,   8.8105E-012,   6.9289E-013,  
577.016,   3.9199E-008,   3.0139E-006,   1.9369E-011,   1.7458E-011,   1.8656E-011,   1.0957E-011,   8.1524E-012,   3.4957E-013,  
582.063,   4.0633E-008,   3.0157E-006,   1.8506E-011,   1.8238E-011,   1.8940E-011,   1.1537E-011,   8.2487E-012,   3.2014E-013,  
587.094,   4.0117E-008,   3.0056E-006,   5.0152E-012,   1.8517E-011,   1.9150E-011,   1.1257E-011,   8.1996E-012,   6.4563E-013,  
592.156,   3.9966E-008,   3.0075E-006,   4.9144E-012,   1.7843E-011,   1.9388E-011,   1.0862E-011,   8.6999E-012,   2.6217E-013,  
597.188,   4.0231E-008,   3.0179E-006,   2.0211E-011,   1.8326E-011,   1.8100E-011,   1.1012E-011,   7.7787E-012,   5.8945E-013,  
602.235,   3.8072E-008,   3.0117E-006,   1.8848E-011,   1.7691E-011,   1.8633E-011,   1.0619E-011,   5.8713E-012,   6.1620E-013,  
607.266,   4.0716E-008,   3.0020E-006,   5.1204E-012,   1.8671E-011,   1.8696E-011,   1.0702E-011,   6.1736E-012,   5.8410E-013,  
612.281,   3.8792E-008,   2.9704E-006,   1.9912E-011,   1.8456E-011,   1.8702E-011,   1.0419E-011,   5.0045E-012,   6.3136E-013,  
617.313,   3.9179E-008,   2.9394E-006,   4.0592E-012,   1.8018E-011,   1.8410E-011,   1.0788E-011,   6.1905E-012,   4.5925E-013,  
622.360,   4.0372E-008,   2.9639E-006,   1.8695E-011,   1.6654E-011,   1.8220E-011,   1.1055E-011,   4.6416E-012,   4.9314E-013,  
627.406,   3.9557E-008,   2.9804E-006,   5.0027E-012,   1.8447E-011,   1.8661E-011,   1.0334E-011,   6.5071E-012,   6.4563E-013,  
632.438,   4.1876E-008,   2.9961E-006,   2.0212E-011,   1.8679E-011,   1.9381E-011,   1.0599E-011,   6.2824E-012,   7.0092E-013,  
637.469,   4.0337E-008,   3.0071E-006,   1.8055E-011,   1.5279E-011,   1.7922E-011,   1.0580E-011,   5.2702E-012,   1.2395E-013,  
642.500,   4.0563E-008,   3.0061E-006,   7.0778E-012,   1.7542E-011,   1.9866E-011,   1.1065E-011,   8.3842E-012,   3.0498E-013,  
648.485,   4.1312E-008,   3.0013E-006,   4.5354E-012,   1.8189E-011,   1.8895E-011,   1.0738E-011,   8.2460E-012,   6.1709E-013,  
653.531,   3.8659E-008,   2.9922E-006,   1.9877E-011,   1.8255E-011,   1.7969E-011,   1.1170E-011,   8.7980E-012,   1.8816E-013,  
658.578,   3.9150E-008,   2.9955E-006,   4.4240E-012,   1.8075E-011,   1.8061E-011,   1.0071E-011,   5.9007E-012,   8.8105E-013,  
663.625,   4.1248E-008,   3.0044E-006,   1.9491E-011,   1.7419E-011,   1.8930E-011,   1.0670E-011,   5.1079E-012,   3.6116E-013,  
668.641,   3.9174E-008,   2.9912E-006,   5.4183E-012,   1.8350E-011,   1.8272E-011,   1.1051E-011,   7.8884E-012,   5.3594E-013,  
673.703,   3.9313E-008,   3.0076E-006,   1.9672E-011,   1.8583E-011,   1.8049E-011,   1.0558E-011,   8.8096E-012,   6.5187E-013,  
678.703,   4.0850E-008,   2.9854E-006,   1.9901E-011,   1.8069E-011,   1.9248E-011,   1.0711E-011,   6.7488E-012,   3.6918E-013,  
683.719,   3.8523E-008,   2.9987E-006,   1.8930E-011,   1.6706E-011,   1.8766E-011,   1.0259E-011,   6.6284E-012,   2.0332E-013,  
688.750,   3.8514E-008,   2.9866E-006,   1.9347E-011,   1.8834E-011,   1.9104E-011,   1.1166E-011,   7.1679E-012,   5.5824E-013,  
693.797,   3.7184E-008,   2.9818E-006,   1.9597E-011,   1.8044E-011,   1.9938E-011,   1.0457E-011,   6.6988E-012,   6.5365E-013,  
698.813,   4.0744E-008,   2.9884E-006,   1.9797E-013,   1.7854E-011,   1.8484E-011,   1.0154E-011,   8.0445E-012,   3.1033E-013,  
703.860,   4.0565E-008,   2.9964E-006,   4.9831E-012,   1.7174E-011,   1.8113E-011,   1.0872E-011,   4.9037E-012,   4.6371E-013,  
708.891,   3.7395E-008,   2.9818E-006,   1.8348E-011,   1.8213E-011,   1.9182E-011,   1.0378E-011,   8.3004E-012,   7.6690E-014,  
713.906,   4.1422E-008,   2.9984E-006,   1.8556E-011,   1.8170E-011,   1.8393E-011,   1.0833E-011,   6.8986E-012,   5.0919E-013,  
718.969,   3.7345E-008,   2.9794E-006,   1.7767E-011,   1.6258E-011,   1.9248E-011,   1.1084E-011,   7.2044E-012,   4.8065E-013,  
724.000,   3.8834E-008,   2.9825E-006,   5.2765E-012,   1.7527E-011,   1.8387E-011,   1.0120E-011,   7.2312E-012,   4.7887E-013,  
729.016,   3.9536E-008,   2.9759E-006,   1.8762E-011,   1.7930E-011,   1.8924E-011,   1.3338E-011,   7.9945E-012,   2.4345E-013,  
734.063,   3.7248E-008,   2.9867E-006,   1.8770E-011,   1.7287E-011,   1.8185E-011,   7.7073E-011,   8.5599E-012,   2.7288E-013,  
739.125,   3.7842E-008,   2.9876E-006,   1.9914E-011,   1.8671E-011,   1.9231E-011,   2.4105E-010,   9.3420E-012,   8.7837E-013,  
744.172,   3.7566E-008,   2.9932E-006,   5.2248E-012,   1.8412E-011,   1.9825E-011,   2.4541E-010,   8.8051E-012,   7.9455E-013,  
749.235,   3.9205E-008,   2.9860E-006,   5.7197E-012,   1.8563E-011,   1.9443E-011,   1.4465E-010,   7.8322E-012,   7.5888E-013,  
754.235,   3.8536E-008,   2.9919E-006,   3.9549E-012,   1.8655E-011,   1.9009E-011,   7.0279E-011,   6.4893E-012,   4.6193E-013,  
759.297,   3.9149E-008,   2.9963E-006,   1.7101E-011,   1.7894E-011,   1.8179E-011,   3.4491E-011,   6.6649E-012,  -3.7543E-013,  
764.313,   4.0059E-008,   2.9849E-006,   4.9367E-012,   1.8053E-011,   1.8472E-011,   2.2082E-011,   6.7140E-012,   4.7174E-013,  
769.360,   3.6759E-008,   2.9944E-006,   3.9701E-012,   1.7127E-011,   1.8919E-011,   1.5171E-011,   7.5888E-012,   7.1251E-013,  
774.406,   4.0054E-008,   2.9801E-006,   5.7348E-012,   1.7595E-011,   1.8586E-011,   1.2809E-011,   8.3646E-012,   6.6703E-013,  
779.485,   4.2504E-008,   2.9677E-006,   1.8416E-011,   1.7241E-011,   1.8893E-011,   1.1478E-011,   6.2503E-012,   3.6383E-013,  
784.500,   3.8934E-008,   2.9866E-006,   1.9472E-011,   1.7893E-011,   1.7924E-011,   1.1671E-011,   5.7794E-012,   2.3453E-013,  
789.563,   3.8419E-008,   2.9732E-006,   1.8684E-011,   1.7908E-011,   1.8614E-011,   1.1170E-011,   8.3379E-012,   5.8410E-013,  
794.641,   3.9059E-008,   2.9815E-006,   1.8086E-011,   1.8038E-011,   1.8234E-011,   1.0686E-011,   5.8686E-012,   6.2958E-013,  
799.672,   3.6705E-008,   2.9532E-006,   4.1556E-012,   1.8016E-011,   1.8490E-011,   1.0630E-011,   6.0470E-012,   6.4652E-013,  
804.703,   3.8972E-008,   2.9641E-006,   1.8685E-011,   1.8174E-011,   1.8210E-011,   1.1224E-011,   8.3949E-012,   3.8434E-013,  
809.766,   3.8832E-008,   2.9920E-006,   3.3120E-012,   1.6883E-011,   1.8518E-011,   1.0604E-011,   6.9334E-012,   6.9289E-013,  
814.813,   3.9691E-008,   2.9659E-006,   1.8754E-011,   1.7766E-011,   1.7833E-011,   1.0135E-011,   6.7612E-012,   1.8370E-013,  
819.844,   3.8051E-008,   2.9773E-006,   1.8689E-011,   1.7740E-011,   1.7869E-011,   8.2228E-012,   8.0231E-012,   2.0599E-013,  
824.875,   3.8755E-008,   2.9791E-006,   5.2667E-012,   1.7949E-011,   1.8749E-011,   1.0173E-011,   6.7773E-012,   2.8625E-013,  
829.922,   3.8484E-008,   2.9692E-006,   1.8042E-011,   1.8307E-011,   1.8204E-011,   1.0862E-011,   8.5162E-012,   2.6663E-013,  
834.953,   3.8232E-008,   2.9814E-006,   1.8810E-011,   1.7692E-011,   1.8671E-011,   1.0361E-011,   7.9054E-012,   6.2155E-013,  
840.031,   3.8672E-008,   2.9633E-006,   1.7466E-011,   1.7761E-011,   1.8124E-011,   1.0747E-011,   7.9954E-012,   7.7226E-013,  
845.031,   4.0072E-008,   2.9739E-006,   4.4802E-012,   1.6626E-011,   1.8075E-011,   1.0673E-011,   7.1884E-012,   4.8600E-013,  
850.063,   3.6592E-008,   2.9683E-006,   1.6761E-011,   1.7442E-011,   1.8670E-011,   9.4133E-012,   7.8768E-012,   5.6359E-013,  
855.094,   4.0258E-008,   2.9723E-006,   1.6405E-011,   1.7509E-011,   1.5354E-011,   1.0186E-011,   7.4515E-012,   4.6282E-013,  
860.110,   3.9821E-008,   2.9696E-006,   5.2711E-012,   2.1756E-011,   2.0418E-011,   9.7459E-012,   4.9394E-012,   5.2078E-013,  
865.156,   3.7378E-008,   2.9554E-006,   1.8377E-011,   1.7370E-011,   1.8748E-011,   9.9510E-012,   9.1895E-012,   3.9326E-013,  
870.203,   3.8201E-008,   2.9724E-006,  -1.1504E-013,   1.7895E-011,   1.8218E-011,   1.0013E-011,   6.9449E-012,   4.7084E-013,  
875.219,   3.9783E-008,   2.9806E-006,   4.5809E-012,   1.7212E-011,   1.8818E-011,   9.6461E-012,   7.6646E-012,   6.2690E-013,  
880.266,   3.8554E-008,   2.9569E-006,   5.4718E-012,   1.7608E-011,   1.9070E-011,   1.0307E-011,   6.2815E-012,   2.5237E-013,  
885.313,   3.8551E-008,   2.9603E-006,   5.2693E-012,   1.8256E-011,   1.9434E-011,   1.0203E-011,   7.8938E-012,   4.4855E-013,  
890.360,   3.8187E-008,   2.9646E-006,   5.4843E-012,   1.8101E-011,   1.8042E-011,   9.8226E-012,   8.0293E-012,   2.1580E-013,  
895.375,   3.9648E-008,   2.9672E-006,   1.2244E-012,   1.7247E-011,   1.8304E-011,   9.8128E-012,   5.5119E-012,   4.1734E-013,  
900.438,   3.8363E-008,   2.9587E-006,   1.7740E-011,   1.7219E-011,   1.8854E-011,   9.7183E-012,   6.6123E-012,   3.2727E-013,  
905.485,   3.6889E-008,   2.9697E-006,   1.9349E-011,   1.8053E-011,   1.9054E-011,   1.0273E-011,   4.5033E-012,   5.1721E-013,  
910.500,   3.7387E-008,   2.9463E-006,   1.8094E-011,   2.0957E-011,   1.7971E-011,   1.0386E-011,   7.0716E-012,   5.5110E-013,  
915.500,   3.8453E-008,   2.9510E-006,  -3.1122E-013,   2.5864E-011,   1.8361E-011,   9.9974E-012,   6.9378E-012,   6.2155E-013,  
920.563,   3.6787E-008,   2.9435E-006,   1.7308E-011,   3.7548E-011,   1.8189E-011,   1.0192E-011,   8.1274E-012,   4.2715E-013,  
925.594,   3.8090E-008,   2.9657E-006,   6.5178E-012,   4.6300E-011,   1.8361E-011,   1.0030E-011,   7.6896E-012,   5.8855E-013,  
930.625,   3.8898E-008,   2.9704E-006,   1.8160E-011,   4.5816E-011,   1.8033E-011,   9.7887E-012,   5.4236E-012,   2.9428E-013,  
935.688,   3.8747E-008,   2.9759E-006,   1.8283E-011,   4.0852E-011,   1.8624E-011,   1.0372E-011,   6.8870E-012,   5.3505E-014,  
940.719,   3.8416E-008,   2.9423E-006,   1.7991E-011,   3.1271E-011,   1.9032E-011,   1.0353E-011,   8.3655E-012,   2.2829E-013,  
945.766,   2.3225E-009,   1.0623E-006,   1.7452E-011,   2.4767E-011,   1.5283E-011,   7.6155E-012,   7.6218E-012,   3.1746E-013,  
950.797,   3.2633E-008,   2.6797E-006,   1.7430E-011,   1.9392E-011,   1.8279E-011,   8.4582E-012,   8.3851E-012,  -3.1211E-014,  
955.828,   3.4752E-008,   2.6997E-006,   1.7447E-011,   1.9912E-011,   1.7949E-011,   8.9585E-012,   6.7068E-012,   5.2970E-013,  
960.891,   3.6176E-008,   2.8005E-006,   1.7916E-011,   1.8888E-011,   1.8141E-011,   9.5230E-012,   9.0611E-012,   8.4805E-013,  
965.938,   3.3846E-008,   2.8238E-006,   4.5158E-012,   1.9145E-011,   1.7831E-011,   8.6946E-012,   7.0885E-012,   4.8154E-013,  
971.016,   3.7347E-008,   2.8057E-006,   6.1513E-012,   1.8630E-011,   1.8258E-011,   9.6826E-012,   6.9235E-012,   9.3545E-013,  
976.047,   3.5026E-008,   2.8062E-006,   1.8158E-011,   1.8402E-011,   1.8215E-011,   1.0465E-011,   8.1256E-012,   5.8097E-012,  
981.063,   3.2823E-008,   2.7929E-006,   3.6027E-013,   1.8107E-011,   1.7369E-011,   9.3678E-012,   7.9384E-012,   6.4384E-012,  
986.125,   3.4764E-008,   2.8004E-006,   1.7369E-011,   3.2841E-011,   1.8426E-011,   9.2778E-012,   5.0402E-012,   8.0195E-012,  
991.156,   3.5331E-008,   2.8041E-006,   5.3933E-012,   1.8119E-011,   1.7822E-011,   9.7495E-012,   8.8194E-012,   8.8060E-012,  
996.172,   3.4889E-008,   2.8132E-006,   1.8626E-011,   1.7575E-011,   1.8523E-011,   1.0255E-011,   8.6081E-012,   6.4438E-012,  
1001.235,   3.3031E-008,   2.7979E-006,   1.8293E-011,   1.7963E-011,   1.8037E-011,   8.9942E-012,   9.9876E-012,   9.7379E-012,  
1006.266,   3.5828E-008,   2.7949E-006,   1.8627E-011,   1.8366E-011,   1.7290E-011,   9.9145E-012,   8.3111E-012,   6.9378E-012,  
1011.281,   3.4329E-008,   2.7890E-006,   1.8671E-011,   1.8604E-011,   1.8622E-011,   1.0491E-011,   8.2041E-012,   9.6362E-012,  
1016.297,   3.3897E-008,   2.8141E-006,   1.8072E-011,   1.8063E-011,   1.8669E-011,   9.5310E-012,   6.4643E-012,   7.7056E-012,  
1021.344,   3.3827E-008,   2.7961E-006,   4.8360E-012,   1.7327E-011,   1.8209E-011,   9.8726E-012,   8.7712E-012,   8.1319E-012,  
1026.344,   3.4017E-008,   2.8029E-006,   5.1169E-012,   1.7826E-011,   1.7499E-011,   9.3571E-012,   6.6747E-012,   7.4871E-012,  
1031.375,   3.3569E-008,   2.7911E-006,   6.9253E-012,   1.7503E-011,   1.7363E-011,   1.0050E-011,   9.2082E-012,   8.2638E-012,  
1036.391,   3.6875E-008,   2.8062E-006,   3.4172E-012,   1.8185E-011,   1.8542E-011,   9.1333E-012,   7.7618E-012,   8.7329E-012,  
1041.485,   3.5535E-008,   2.7929E-006,   4.4311E-012,   1.6529E-011,   1.7983E-011,   9.4356E-012,   8.0026E-012,   6.8879E-012,  
1046.516,   3.3565E-008,   2.7855E-006,   1.7616E-011,   1.7664E-011,   1.6808E-011,   9.4766E-012,   6.9967E-012,   6.4643E-012,  
1051.547,   3.3391E-008,   2.7934E-006,   1.8340E-011,   1.6656E-011,   1.7879E-011,   1.0227E-011,   7.4051E-012,   5.6760E-012,  
1056.610,   3.3219E-008,   2.8153E-006,   1.8056E-011,   1.2773E-011,   1.8452E-011,   1.0074E-011,   6.5428E-012,   8.8016E-013,  
1061.656,   3.2783E-008,   2.7870E-006,   1.7104E-011,   1.7229E-011,   1.8498E-011,   9.1734E-012,   7.0020E-012,   1.4527E-012,  
1066.672,   3.5689E-008,   2.7903E-006,   1.8388E-011,   1.7044E-011,   1.8195E-011,   9.2136E-012,   6.9521E-012,   1.1495E-012,  
1071.719,   3.4944E-008,   2.7942E-006,   1.8495E-011,   1.7243E-011,   1.8249E-011,   9.8770E-012,   7.8108E-012,   8.3022E-013,  
1076.766,   3.5457E-008,   2.7775E-006,   6.4215E-012,   1.7024E-011,   1.7998E-011,   9.7263E-012,   6.4884E-012,   5.6091E-013,  
1081.781,   3.4335E-008,   2.7916E-006,  -7.2588E-013,   1.7652E-011,   1.8070E-011,   9.8868E-012,   8.4172E-012,   7.1518E-013,  
1086.828,   3.6496E-008,   2.7891E-006,   1.7218E-011,   1.7653E-011,   1.8115E-011,   9.4418E-012,   7.0038E-012,   4.0842E-013,  
1091.860,   3.5880E-008,   2.8044E-006,   1.6975E-011,   1.5746E-011,   1.7304E-011,   9.0709E-012,   7.4782E-012,   8.5875E-013,  
1096.922,   3.6250E-008,   2.7970E-006,   1.7803E-011,   1.6164E-011,   1.8261E-011,   9.1021E-012,   7.9268E-012,   5.6269E-013,  
1101.953,   3.2883E-008,   2.7944E-006,   5.5547E-012,   1.7803E-011,   1.7869E-011,   8.9505E-012,   9.2662E-012,   6.4295E-013,  
1106.985,   3.4199E-008,   2.7756E-006,   1.8583E-011,   1.7850E-011,   1.8457E-011,   9.2341E-012,   8.9951E-012,   5.6091E-013,  
1112.000,   3.6655E-008,   2.7883E-006,   1.8232E-011,   1.7998E-011,   1.3984E-011,   8.5189E-012,   9.0272E-012,   4.6906E-013,  
1117.063,   3.3725E-008,   2.7877E-006,   8.6946E-012,   1.7493E-011,   1.7633E-011,   1.0188E-011,   7.8082E-012,   4.3250E-013,  
1122.110,   3.3285E-008,   2.7994E-006,   1.6618E-011,   1.7239E-011,   1.8456E-011,   9.0878E-012,   8.1149E-012,   1.0692E-012,  
1127.125,   3.6215E-008,   2.7939E-006,   1.6702E-011,   1.7109E-011,   1.7643E-011,   8.9764E-012,   6.7407E-012,   4.3696E-013,  
1132.156,   7.6405E-009,   8.2136E-007,   1.7388E-011,   1.6828E-011,   1.7222E-011,   9.2091E-012,   7.3123E-012,   5.9926E-013,  
1137.219,   1.9855E-009,   5.5195E-007,  -2.1134E-013,   1.3447E-011,   1.2757E-011,   6.0140E-012,   7.8420E-012,   3.6473E-013,  
