Jul 29, 2026  03:22:47 PM
Residual Gas Analyzer Software 
Software Version, 3.214.004

Analog Scan Setup:

Data Points in Scan, 891 
Units, Torr 
Noise Floor, 2 
CEM Status, ON 
Points Per AMU, 10
Scan Start Mass, 1, amu 
Scan Stop Mass, 90, amu
Focus Voltage, 90, Volts 
Ion Energy, HIGH 
Electron Energy, 70, eV 
CEM Voltage, 1159, Volts
CEM Gain, 1.01E+003 
Sensitivity Factor, 1.11E-004 
Filament Current, 1.00, mAmps


  1.00,   1.95E-012, 
  1.10,   1.80E-012, 
  1.20,  -1.17E-013, 
  1.30,   2.39E-012, 
  1.40,   4.39E-012, 
  1.50,   1.00E-011, 
  1.60,   2.66E-011, 
  1.70,   4.15E-011, 
  1.80,   5.02E-011, 
  1.90,   5.70E-011, 
  2.00,   6.40E-011, 
  2.10,   6.70E-011, 
  2.20,   6.13E-011, 
  2.30,   4.20E-011, 
  2.40,   1.56E-011, 
  2.50,   4.07E-012, 
  2.60,   1.50E-012, 
  2.70,   2.14E-012, 
  2.80,   1.53E-012, 
  2.90,  -3.88E-013, 
  3.00,   1.45E-013, 
  3.10,   3.55E-013, 
  3.20,   2.38E-013, 
  3.30,   3.47E-012, 
  3.40,   4.71E-012, 
  3.50,   7.67E-012, 
  3.60,   1.78E-011, 
  3.70,   3.12E-011, 
  3.80,   4.01E-011, 
  3.90,   5.84E-011, 
  4.00,   7.67E-011, 
  4.10,   8.08E-011, 
  4.20,   6.93E-011, 
  4.30,   4.00E-011, 
  4.40,   1.49E-011, 
  4.50,   7.81E-012, 
  4.60,   3.82E-012, 
  4.70,  -4.29E-013, 
  4.80,  -7.51E-013, 
  4.90,  -4.41E-013, 
  5.00,  -2.02E-013, 
  5.10,  -1.86E-013, 
  5.20,  -1.86E-013, 
  5.30,  -1.16E-013, 
  5.40,   3.04E-013, 
  5.50,   1.07E-013, 
  5.60,   1.11E-013, 
  5.70,   3.25E-013, 
  5.80,   1.81E-013, 
  5.90,  -5.35E-015, 
  6.00,  -1.63E-013, 
  6.10,  -1.73E-013, 
  6.20,  -2.65E-013, 
  6.30,  -1.37E-013, 
  6.40,  -2.27E-013, 
  6.50,  -2.14E-014, 
  6.60,   2.68E-014, 
  6.70,   1.25E-013, 
  6.80,   2.53E-013, 
  6.90,   5.08E-013, 
  7.00,   2.04E-013, 
  7.10,   3.74E-013, 
  7.20,   3.64E-013, 
  7.30,   2.04E-013, 
  7.40,   2.17E-013, 
  7.50,   1.58E-013, 
  7.60,   2.21E-013, 
  7.70,   1.64E-013, 
  7.80,   1.25E-013, 
  7.90,  -8.03E-015, 
  8.00,  -1.44E-013, 
  8.10,  -5.26E-014, 
  8.20,  -5.17E-014, 
  8.30,  -1.65E-013, 
  8.40,  -1.56E-013, 
  8.50,  -1.52E-014, 
  8.60,  -1.03E-013, 
  8.70,  -2.06E-013, 
  8.80,   6.24E-014, 
  8.90,  -1.25E-014, 
  9.00,  -3.21E-014, 
  9.10,  -5.53E-014, 
  9.20,  -7.67E-014, 
  9.30,  -5.62E-014, 
  9.40,   5.08E-014, 
  9.50,   9.54E-014, 
  9.60,  -2.05E-014, 
  9.70,   1.09E-013, 
  9.80,   1.85E-013, 
  9.90,   1.97E-013, 
 10.00,   1.60E-013, 
 10.10,   1.94E-013, 
 10.20,   1.25E-013, 
 10.30,  -1.03E-013, 
 10.40,  -3.57E-014, 
 10.50,   1.17E-013, 
 10.60,   2.85E-013, 
 10.70,   3.10E-013, 
 10.80,   1.48E-013, 
 10.90,  -1.01E-013, 
 11.00,  -7.49E-014, 
 11.10,  -1.68E-013, 
 11.20,   3.48E-014, 
 11.30,  -4.90E-014, 
 11.40,   5.97E-014, 
 11.50,   3.79E-013, 
 11.60,   5.94E-013, 
 11.70,   1.52E-012, 
 11.80,   4.15E-012, 
 11.90,   2.77E-012, 
 12.00,   2.61E-012, 
 12.10,   2.43E-012, 
 12.20,   2.41E-012, 
 12.30,   1.63E-012, 
 12.40,  -1.82E-012, 
 12.50,  -7.28E-013, 
 12.60,   4.00E-013, 
 12.70,   4.04E-012, 
 12.80,   4.38E-012, 
 12.90,   4.40E-012, 
 13.00,   4.43E-012, 
 13.10,   4.52E-012, 
 13.20,   4.32E-012, 
 13.30,   3.63E-012, 
 13.40,   2.84E-012, 
 13.50,   5.31E-012, 
 13.60,   1.35E-011, 
 13.70,   2.34E-011, 
 13.80,   3.16E-011, 
 13.90,   4.18E-011, 
 14.00,   4.59E-011, 
 14.10,   4.44E-011, 
 14.20,   3.71E-011, 
 14.30,   2.14E-011, 
 14.40,   9.54E-012, 
 14.50,   9.07E-012, 
 14.60,   1.84E-011, 
 14.70,   3.09E-011, 
 14.80,   4.22E-011, 
 14.90,   5.59E-011, 
 15.00,   6.50E-011, 
 15.10,   6.18E-011, 
 15.20,   4.96E-011, 
 15.30,   2.95E-011, 
 15.40,   1.16E-011, 
 15.50,   1.01E-011, 
 15.60,   2.04E-011, 
 15.70,   4.07E-011, 
 15.80,   5.47E-011, 
 15.90,   7.21E-011, 
 16.00,   8.32E-011, 
 16.10,   7.83E-011, 
 16.20,   6.12E-011, 
 16.30,   3.28E-011, 
 16.40,   9.96E-012, 
 16.50,   4.35E-012, 
 16.60,   2.64E-012, 
 16.70,   2.15E-012, 
 16.80,   2.20E-012, 
 16.90,   1.44E-012, 
 17.00,   3.24E-012, 
 17.10,   2.74E-012, 
 17.20,   1.96E-012, 
 17.30,   7.32E-013, 
 17.40,   6.58E-013, 
 17.50,   2.25E-012, 
 17.60,   3.71E-012, 
 17.70,   4.83E-012, 
 17.80,   4.35E-012, 
 17.90,   5.34E-012, 
 18.00,   5.67E-012, 
 18.10,   7.45E-012, 
 18.20,   3.28E-012, 
 18.30,   2.23E-012, 
 18.40,   9.27E-013, 
 18.50,   4.09E-013, 
 18.60,   3.58E-013, 
 18.70,  -2.52E-013, 
 18.80,  -3.05E-012, 
 18.90,   1.69E-013, 
 19.00,   1.41E-012, 
 19.10,   2.58E-012, 
 19.20,   2.44E-012, 
 19.30,   3.71E-013, 
 19.40,  -1.54E-012, 
 19.50,  -1.59E-013, 
 19.60,   3.90E-012, 
 19.70,   4.02E-012, 
 19.80,   3.84E-012, 
 19.90,   4.65E-012, 
 20.00,   5.19E-012, 
 20.10,   5.25E-012, 
 20.20,   4.21E-012, 
 20.30,   2.42E-012, 
 20.40,   1.25E-012, 
 20.50,  -1.72E-012, 
 20.60,  -1.04E-012, 
 20.70,  -4.74E-013, 
 20.80,  -2.43E-013, 
 20.90,  -5.97E-014, 
 21.00,  -1.67E-013, 
 21.10,  -1.62E-013, 
 21.20,  -9.81E-015, 
 21.30,  -7.13E-014, 
 21.40,  -2.88E-013, 
 21.50,  -1.43E-013, 
 21.60,  -2.11E-013, 
 21.70,  -1.96E-013, 
 21.80,  -3.65E-013, 
 21.90,   1.43E-014, 
 22.00,   2.30E-013, 
 22.10,  -1.52E-014, 
 22.20,  -5.26E-014, 
 22.30,  -1.44E-013, 
 22.40,  -4.64E-014, 
 22.50,   7.04E-014, 
 22.60,  -8.74E-014, 
 22.70,   3.03E-014, 
 22.80,  -7.58E-014, 
 22.90,  -2.41E-014, 
 23.00,   1.95E-013, 
 23.10,   9.72E-014, 
 23.20,  -8.11E-014, 
 23.30,   2.51E-013, 
 23.40,   4.61E-013, 
 23.50,   5.80E-014, 
 23.60,   1.78E-013, 
 23.70,   8.03E-015, 
 23.80,   1.42E-013, 
 23.90,   1.36E-013, 
 24.00,   2.70E-013, 
 24.10,   3.20E-013, 
 24.20,  -5.80E-014, 
 24.30,  -4.46E-014, 
 24.40,  -1.06E-013, 
 24.50,   2.14E-014, 
 24.60,   8.83E-014, 
 24.70,   4.55E-014, 
 24.80,  -2.36E-013, 
 24.90,  -9.01E-014, 
 25.00,   1.69E-014, 
 25.10,   1.49E-013, 
 25.20,   1.72E-013, 
 25.30,   8.83E-014, 
 25.40,   1.12E-013, 
 25.50,   1.18E-013, 
 25.60,   3.68E-013, 
 25.70,   4.54E-013, 
 25.80,   4.24E-013, 
 25.90,   5.80E-013, 
 26.00,   5.80E-013, 
 26.10,   6.17E-013, 
 26.20,   5.15E-013, 
 26.30,   4.30E-013, 
 26.40,   3.27E-013, 
 26.50,   4.59E-013, 
 26.60,   5.39E-013, 
 26.70,   7.01E-013, 
 26.80,   3.50E-012, 
 26.90,   2.65E-012, 
 27.00,   2.26E-012, 
 27.10,   2.38E-012, 
 27.20,   4.02E-012, 
 27.30,   9.02E-012, 
 27.40,   2.37E-011, 
 27.50,   1.12E-010, 
 27.60,   2.61E-010, 
 27.70,   3.38E-010, 
 27.80,   4.05E-010, 
 27.90,   4.69E-010, 
 28.00,   4.86E-010, 
 28.10,   4.45E-010, 
 28.20,   3.12E-010, 
 28.30,   7.13E-011, 
 28.40,   1.16E-011, 
 28.50,   5.75E-012, 
 28.60,   5.43E-012, 
 28.70,   4.29E-012, 
 28.80,   3.57E-012, 
 28.90,   3.51E-012, 
 29.00,   3.58E-012, 
 29.10,   3.67E-012, 
 29.20,   3.24E-012, 
 29.30,   2.08E-012, 
 29.40,  -1.11E-012, 
 29.50,  -3.63E-013, 
 29.60,   2.18E-012, 
 29.70,   4.62E-012, 
 29.80,   3.76E-012, 
 29.90,   3.30E-012, 
 30.00,   3.55E-012, 
 30.10,   3.66E-012, 
 30.20,   3.47E-012, 
 30.30,   2.58E-012, 
 30.40,   3.38E-013, 
 30.50,  -1.74E-012, 
 30.60,  -9.69E-013, 
 30.70,  -4.55E-013, 
 30.80,   5.71E-014, 
 30.90,   1.07E-013, 
 31.00,   1.29E-013, 
 31.10,   2.23E-014, 
 31.20,   1.44E-013, 
 31.30,   4.03E-013, 
 31.40,   3.29E-012, 
 31.50,   9.47E-013, 
 31.60,   5.93E-012, 
 31.70,   9.22E-012, 
 31.80,   1.21E-011, 
 31.90,   1.49E-011, 
 32.00,   1.61E-011, 
 32.10,   1.58E-011, 
 32.20,   1.14E-011, 
 32.30,   5.08E-012, 
 32.40,   2.11E-012, 
 32.50,   2.38E-012, 
 32.60,  -2.30E-013, 
 32.70,   8.74E-014, 
 32.80,   5.35E-015, 
 32.90,   1.34E-013, 
 33.00,   4.38E-013, 
 33.10,   3.75E-013, 
 33.20,   2.99E-013, 
 33.30,   9.99E-014, 
 33.40,   2.62E-013, 
 33.50,   1.49E-013, 
 33.60,   2.32E-014, 
 33.70,   1.34E-014, 
 33.80,  -2.68E-015, 
 33.90,  -2.14E-014, 
 34.00,   1.35E-013, 
 34.10,   2.47E-013, 
 34.20,   3.84E-013, 
 34.30,   4.41E-013, 
 34.40,   3.01E-013, 
 34.50,   5.35E-014, 
 34.60,   8.29E-014, 
 34.70,   3.26E-013, 
 34.80,   2.58E-013, 
 34.90,   3.06E-013, 
 35.00,   2.46E-013, 
 35.10,   1.04E-013, 
 35.20,   7.40E-014, 
 35.30,   2.94E-014, 
 35.40,  -2.68E-013, 
 35.50,  -1.77E-013, 
 35.60,  -2.59E-013, 
 35.70,  -7.13E-015, 
 35.80,  -1.54E-013, 
 35.90,   6.42E-014, 
 36.00,   3.17E-013, 
 36.10,   4.69E-013, 
 36.20,   3.88E-013, 
 36.30,   1.11E-013, 
 36.40,   2.98E-013, 
 36.50,   2.10E-013, 
 36.60,   1.08E-013, 
 36.70,  -9.10E-014, 
 36.80,  -1.87E-013, 
 36.90,  -2.32E-014, 
 37.00,   5.53E-014, 
 37.10,  -2.85E-014, 
 37.20,   1.74E-013, 
 37.30,   8.74E-014, 
 37.40,   5.08E-014, 
 37.50,  -9.81E-014, 
 37.60,   1.56E-013, 
 37.70,   2.11E-013, 
 37.80,   1.19E-013, 
 37.90,   1.37E-013, 
 38.00,   1.65E-013, 
 38.10,   3.45E-013, 
 38.20,   6.33E-014, 
 38.30,   9.99E-014, 
 38.40,   2.04E-013, 
 38.50,   1.19E-013, 
 38.60,   2.76E-013, 
 38.70,   1.25E-012, 
 38.80,   3.77E-012, 
 38.90,   2.58E-012, 
 39.00,   2.44E-012, 
 39.10,   2.30E-012, 
 39.20,   2.10E-012, 
 39.30,   2.50E-012, 
 39.40,   4.57E-012, 
 39.50,   1.30E-011, 
 39.60,   2.71E-011, 
 39.70,   3.71E-011, 
 39.80,   4.75E-011, 
 39.90,   5.35E-011, 
 40.00,   5.73E-011, 
 40.10,   5.40E-011, 
 40.20,   3.67E-011, 
 40.30,   1.48E-011, 
 40.40,   9.00E-012, 
 40.50,   1.22E-011, 
 40.60,   1.83E-011, 
 40.70,   2.39E-011, 
 40.80,   3.14E-011, 
 40.90,   4.09E-011, 
 41.00,   5.23E-011, 
 41.10,   5.67E-011, 
 41.20,   4.90E-011, 
 41.30,   4.35E-011, 
 41.40,   5.95E-011, 
 41.50,   1.09E-010, 
 41.60,   1.39E-010, 
 41.70,   1.40E-010, 
 41.80,   1.60E-010, 
 41.90,   1.79E-010, 
 42.00,   1.86E-010, 
 42.10,   1.54E-010, 
 42.20,   7.16E-011, 
 42.30,   2.01E-011, 
 42.40,   1.16E-011, 
 42.50,   1.68E-011, 
 42.60,   2.64E-011, 
 42.70,   3.27E-011, 
 42.80,   4.23E-011, 
 42.90,   5.00E-011, 
 43.00,   5.40E-011, 
 43.10,   4.89E-011, 
 43.20,   2.81E-011, 
 43.30,   1.03E-011, 
 43.40,   4.68E-012, 
 43.50,   2.78E-012, 
 43.60,   2.70E-012, 
 43.70,   2.91E-012, 
 43.80,   2.99E-012, 
 43.90,   2.96E-013, 
 44.00,   2.41E-012, 
 44.10,   3.10E-012, 
 44.20,   3.38E-012, 
 44.30,   3.97E-012, 
 44.40,  -4.02E-013, 
 44.50,  -2.76E-013, 
 44.60,  -9.72E-014, 
 44.70,   2.50E-014, 
 44.80,  -9.45E-014, 
 44.90,  -2.50E-013, 
 45.00,  -8.03E-015, 
 45.10,   2.88E-013, 
 45.20,   2.51E-013, 
 45.30,   1.02E-013, 
 45.40,  -6.78E-014, 
 45.50,  -1.25E-013, 
 45.60,   1.35E-013, 
 45.70,   3.02E-013, 
 45.80,   2.92E-013, 
 45.90,   1.42E-013, 
 46.00,  -7.58E-014, 
 46.10,  -2.11E-013, 
 46.20,  -1.81E-013, 
 46.30,  -6.87E-014, 
 46.40,  -3.30E-014, 
 46.50,  -1.34E-014, 
 46.60,   1.80E-013, 
 46.70,   1.07E-013, 
 46.80,   1.51E-013, 
 46.90,   3.39E-014, 
 47.00,  -5.17E-014, 
 47.10,  -3.39E-014, 
 47.20,   4.46E-015, 
 47.30,  -1.28E-013, 
 47.40,   3.48E-014, 
 47.50,  -1.44E-013, 
 47.60,  -4.82E-014, 
 47.70,   1.32E-013, 
 47.80,   1.47E-013, 
 47.90,   1.43E-014, 
 48.00,   1.13E-013, 
 48.10,   4.19E-014, 
 48.20,   8.92E-016, 
 48.30,  -3.48E-014, 
 48.40,   2.42E-013, 
 48.50,   1.23E-013, 
 48.60,   2.73E-013, 
 48.70,   1.02E-013, 
 48.80,   1.24E-013, 
 48.90,   2.11E-013, 
 49.00,   6.78E-014, 
 49.10,   1.36E-013, 
 49.20,   8.74E-014, 
 49.30,   1.53E-013, 
 49.40,   6.24E-015, 
 49.50,  -4.73E-014, 
 49.60,   2.44E-013, 
 49.70,   2.18E-013, 
 49.80,   2.11E-013, 
 49.90,  -5.97E-014, 
 50.00,   1.69E-014, 
 50.10,   8.47E-014, 
 50.20,   1.96E-013, 
 50.30,   3.13E-013, 
 50.40,   3.88E-013, 
 50.50,   2.50E-013, 
 50.60,   6.78E-014, 
 50.70,   2.30E-013, 
 50.80,   2.79E-013, 
 50.90,   1.85E-013, 
 51.00,   3.18E-013, 
 51.10,   3.09E-013, 
 51.20,  -4.46E-015, 
 51.30,   1.70E-013, 
 51.40,   9.27E-014, 
 51.50,  -2.15E-013, 
 51.60,  -5.53E-014, 
 51.70,   3.48E-014, 
 51.80,   4.32E-013, 
 51.90,  -1.61E-014, 
 52.00,  -6.42E-014, 
 52.10,  -1.40E-013, 
 52.20,  -5.71E-014, 
 52.30,  -7.31E-014, 
 52.40,  -1.84E-013, 
 52.50,   4.46E-015, 
 52.60,   1.91E-013, 
 52.70,   3.37E-013, 
 52.80,   2.76E-013, 
 52.90,  -7.67E-014, 
 53.00,  -3.57E-014, 
 53.10,   7.94E-014, 
 53.20,   1.21E-013, 
 53.30,   5.08E-014, 
 53.40,  -9.63E-014, 
 53.50,  -1.10E-013, 
 53.60,  -1.05E-013, 
 53.70,  -1.69E-013, 
 53.80,   1.07E-013, 
 53.90,  -1.76E-013, 
 54.00,  -1.77E-013, 
 54.10,  -6.24E-015, 
 54.20,   6.69E-014, 
 54.30,  -1.69E-014, 
 54.40,  -1.99E-013, 
 54.50,  -2.27E-013, 
 54.60,  -1.31E-013, 
 54.70,  -1.69E-014, 
 54.80,  -1.51E-013, 
 54.90,   8.65E-014, 
 55.00,  -5.62E-014, 
 55.10,  -7.13E-014, 
 55.20,   2.23E-014, 
 55.30,   8.65E-014, 
 55.40,   1.59E-013, 
 55.50,  -6.24E-014, 
 55.60,  -5.89E-014, 
 55.70,   3.50E-013, 
 55.80,   2.42E-013, 
 55.90,   5.17E-014, 
 56.00,   2.27E-013, 
 56.10,   1.38E-013, 
 56.20,   7.85E-014, 
 56.30,  -1.74E-013, 
 56.40,   1.69E-013, 
 56.50,  -1.02E-013, 
 56.60,  -1.91E-013, 
 56.70,   1.87E-014, 
 56.80,   2.64E-013, 
 56.90,   2.26E-013, 
 57.00,   2.54E-013, 
 57.10,   9.54E-014, 
 57.20,   4.46E-014, 
 57.30,  -6.24E-015, 
 57.40,   2.51E-013, 
 57.50,   2.02E-013, 
 57.60,  -9.81E-015, 
 57.70,   1.03E-013, 
 57.80,   1.26E-013, 
 57.90,   6.60E-014, 
 58.00,   7.04E-014, 
 58.10,   2.75E-013, 
 58.20,   2.67E-013, 
 58.30,   1.91E-013, 
 58.40,   1.96E-013, 
 58.50,   4.90E-014, 
 58.60,  -1.69E-014, 
 58.70,   2.92E-013, 
 58.80,   5.20E-013, 
 58.90,   2.13E-013, 
 59.00,  -5.89E-014, 
 59.10,  -2.64E-013, 
 59.20,  -1.73E-013, 
 59.30,   2.68E-014, 
 59.40,   1.70E-013, 
 59.50,   1.65E-013, 
 59.60,  -2.59E-014, 
 59.70,  -1.77E-013, 
 59.80,  -1.40E-013, 
 59.90,   1.10E-013, 
 60.00,   2.88E-013, 
 60.10,   1.29E-013, 
 60.20,  -3.92E-014, 
 60.30,  -2.04E-013, 
 60.40,  -1.64E-013, 
 60.50,   7.13E-015, 
 60.60,   1.11E-013, 
 60.70,   5.89E-014, 
 60.80,  -9.90E-014, 
 60.90,   2.85E-014, 
 61.00,   1.91E-013, 
 61.10,   3.71E-013, 
 61.20,   5.44E-014, 
 61.30,   1.54E-013, 
 61.40,   3.75E-014, 
 61.50,  -8.47E-014, 
 61.60,  -1.33E-013, 
 61.70,  -9.10E-014, 
 61.80,   1.61E-013, 
 61.90,  -6.06E-014, 
 62.00,   4.46E-015, 
 62.10,   2.82E-013, 
 62.20,   2.38E-013, 
 62.30,   2.46E-013, 
 62.40,   2.74E-013, 
 62.50,   2.51E-013, 
 62.60,   3.07E-013, 
 62.70,   1.73E-013, 
 62.80,  -5.35E-015, 
 62.90,   3.43E-013, 
 63.00,   2.53E-013, 
 63.10,   4.82E-014, 
 63.20,   8.11E-014, 
 63.30,  -2.33E-013, 
 63.40,  -3.34E-013, 
 63.50,   1.78E-015, 
 63.60,   2.65E-013, 
 63.70,   2.93E-013, 
 63.80,   1.87E-013, 
 63.90,   3.83E-013, 
 64.00,   1.42E-013, 
 64.10,  -1.27E-013, 
 64.20,  -1.39E-013, 
 64.30,   2.23E-014, 
 64.40,   1.38E-013, 
 64.50,   4.01E-013, 
 64.60,   1.48E-013, 
 64.70,   1.96E-013, 
 64.80,   3.24E-013, 
 64.90,   3.53E-013, 
 65.00,   1.83E-013, 
 65.10,   1.72E-013, 
 65.20,  -5.17E-014, 
 65.30,  -7.13E-015, 
 65.40,   1.03E-013, 
 65.50,   3.94E-013, 
 65.60,   2.15E-013, 
 65.70,  -1.19E-013, 
 65.80,  -2.43E-013, 
 65.90,   2.35E-013, 
 66.00,   4.51E-013, 
 66.10,   3.40E-013, 
 66.20,   3.76E-013, 
 66.30,   2.09E-013, 
 66.40,   5.26E-014, 
 66.50,   4.82E-014, 
 66.60,   2.43E-013, 
 66.70,   3.62E-013, 
 66.80,   2.58E-013, 
 66.90,   2.14E-014, 
 67.00,  -1.94E-013, 
 67.10,  -3.12E-014, 
 67.20,   1.16E-014, 
 67.30,  -7.40E-014, 
 67.40,  -7.13E-015, 
 67.50,   1.15E-013, 
 67.60,  -5.62E-014, 
 67.70,  -5.26E-014, 
 67.80,   2.02E-013, 
 67.90,   2.50E-014, 
 68.00,   8.56E-014, 
 68.10,  -6.69E-014, 
 68.20,   6.06E-014, 
 68.30,   2.33E-013, 
 68.40,   2.68E-013, 
 68.50,   1.67E-013, 
 68.60,   2.68E-014, 
 68.70,   5.62E-014, 
 68.80,   8.11E-014, 
 68.90,   2.05E-013, 
 69.00,   2.45E-013, 
 69.10,   1.60E-013, 
 69.20,   4.28E-014, 
 69.30,   1.50E-013, 
 69.40,   1.16E-014, 
 69.50,   1.36E-013, 
 69.60,   3.68E-013, 
 69.70,   3.56E-013, 
 69.80,   1.09E-013, 
 69.90,   3.89E-013, 
 70.00,   2.10E-013, 
 70.10,  -1.26E-013, 
 70.20,   3.09E-013, 
 70.30,   3.06E-013, 
 70.40,   2.60E-013, 
 70.50,   2.13E-013, 
 70.60,   1.52E-013, 
 70.70,   1.69E-013, 
 70.80,   2.94E-014, 
 70.90,   1.53E-013, 
 71.00,   2.19E-013, 
 71.10,  -5.35E-015, 
 71.20,   1.77E-013, 
 71.30,   1.63E-013, 
 71.40,   8.83E-014, 
 71.50,   8.56E-014, 
 71.60,  -3.92E-014, 
 71.70,   4.01E-014, 
 71.80,   5.35E-014, 
 71.90,   7.76E-014, 
 72.00,  -8.74E-014, 
 72.10,  -1.69E-014, 
 72.20,   1.13E-013, 
 72.30,   2.84E-013, 
 72.40,  -6.87E-014, 
 72.50,   2.68E-014, 
 72.60,  -9.19E-014, 
 72.70,  -1.20E-013, 
 72.80,   1.23E-013, 
 72.90,   2.54E-013, 
 73.00,   4.55E-014, 
 73.10,  -1.69E-013, 
 73.20,   2.13E-013, 
 73.30,   1.36E-013, 
 73.40,   1.92E-013, 
 73.50,   1.61E-013, 
 73.60,   1.40E-013, 
 73.70,   1.27E-013, 
 73.80,   1.54E-013, 
 73.90,   9.27E-014, 
 74.00,   4.37E-014, 
 74.10,   1.42E-013, 
 74.20,   1.17E-013, 
 74.30,   1.25E-013, 
 74.40,   3.64E-013, 
 74.50,   2.58E-013, 
 74.60,   1.42E-013, 
 74.70,  -8.20E-014, 
 74.80,  -7.85E-014, 
 74.90,   1.33E-013, 
 75.00,   1.29E-013, 
 75.10,   5.17E-014, 
 75.20,  -1.02E-013, 
 75.30,   6.24E-015, 
 75.40,   8.03E-014, 
 75.50,   5.35E-014, 
 75.60,   6.69E-014, 
 75.70,   1.63E-013, 
 75.80,   2.73E-013, 
 75.90,   3.61E-013, 
 76.00,   4.13E-013, 
 76.10,   2.43E-013, 
 76.20,   9.63E-014, 
 76.30,   9.01E-014, 
 76.40,   2.77E-013, 
 76.50,   3.37E-013, 
 76.60,   3.91E-013, 
 76.70,   3.17E-013, 
 76.80,   2.51E-013, 
 76.90,   1.97E-013, 
 77.00,   2.64E-013, 
 77.10,   2.66E-013, 
 77.20,   3.36E-013, 
 77.30,   2.20E-013, 
 77.40,   3.62E-013, 
 77.50,   4.02E-012, 
 77.60,   4.14E-012, 
 77.70,   3.81E-012, 
 77.80,   4.52E-012, 
 77.90,   5.69E-012, 
 78.00,   6.79E-012, 
 78.10,   6.41E-012, 
 78.20,   4.02E-012, 
 78.30,   2.53E-012, 
 78.40,   3.91E-013, 
 78.50,  -1.58E-012, 
 78.60,  -6.63E-013, 
 78.70,  -8.65E-014, 
 78.80,   2.37E-013, 
 78.90,   4.89E-013, 
 79.00,   6.31E-013, 
 79.10,   3.52E-012, 
 79.20,   3.09E-012, 
 79.30,   2.49E-012, 
 79.40,   3.21E-012, 
 79.50,   7.25E-012, 
 79.60,   1.50E-011, 
 79.70,   1.95E-011, 
 79.80,   2.73E-011, 
 79.90,   3.91E-011, 
 80.00,   4.63E-011, 
 80.10,   3.75E-011, 
 80.20,   1.97E-011, 
 80.30,   8.11E-012, 
 80.40,   3.96E-012, 
 80.50,   3.31E-012, 
 80.60,   3.40E-012, 
 80.70,   3.58E-012, 
 80.80,   3.72E-012, 
 80.90,   3.72E-012, 
 81.00,   4.21E-012, 
 81.10,   5.40E-012, 
 81.20,   6.61E-012, 
 81.30,   9.25E-012, 
 81.40,   1.70E-011, 
 81.50,   6.15E-011, 
 81.60,   1.04E-010, 
 81.70,   1.19E-010, 
 81.80,   1.70E-010, 
 81.90,   2.25E-010, 
 82.00,   2.40E-010, 
 82.10,   1.58E-010, 
 82.20,   6.94E-011, 
 82.30,   2.70E-011, 
 82.40,   2.60E-011, 
 82.50,   6.63E-011, 
 82.60,   1.12E-010, 
 82.70,   1.30E-010, 
 82.80,   1.81E-010, 
 82.90,   2.37E-010, 
 83.00,   2.53E-010, 
 83.10,   1.82E-010, 
 83.20,   8.97E-011, 
 83.30,   4.96E-011, 
 83.40,   1.02E-010, 
 83.50,   3.59E-010, 
 83.60,   5.15E-010, 
 83.70,   6.01E-010, 
 83.80,   8.63E-010, 
 83.90,   1.12E-009, 
 84.00,   1.16E-009, 
 84.10,   6.96E-010, 
 84.20,   2.36E-010, 
 84.30,   2.87E-011, 
 84.40,   1.06E-011, 
 84.50,   6.72E-012, 
 84.60,   5.98E-012, 
 84.70,   5.86E-012, 
 84.80,   6.03E-012, 
 84.90,   6.23E-012, 
 85.00,   6.42E-012, 
 85.10,   6.54E-012, 
 85.20,   7.44E-012, 
 85.30,   1.11E-011, 
 85.40,   2.21E-011, 
 85.50,   8.86E-011, 
 85.60,   1.43E-010, 
 85.70,   1.64E-010, 
 85.80,   2.41E-010, 
 85.90,   3.18E-010, 
 86.00,   3.39E-010, 
 86.10,   2.18E-010, 
 86.20,   7.87E-011, 
 86.30,   1.96E-011, 
 86.40,   7.22E-012, 
 86.50,   3.80E-012, 
 86.60,   2.15E-012, 
 86.70,   1.52E-013, 
 86.80,  -1.61E-012, 
 86.90,  -6.63E-013, 
 87.00,  -2.88E-013, 
 87.10,   1.52E-013, 
 87.20,   7.76E-014, 
 87.30,  -1.21E-013, 
 87.40,  -4.90E-014, 
 87.50,   1.76E-013, 
 87.60,   7.40E-014, 
 87.70,  -8.92E-016, 
 87.80,   1.75E-013, 
 87.90,   1.76E-013, 
 88.00,   3.30E-013, 
 88.10,   2.59E-013, 
 88.20,   2.47E-013, 
 88.30,   2.39E-013, 
 88.40,   2.59E-013, 
 88.50,   5.17E-014, 
 88.60,  -1.75E-013, 
 88.70,   9.45E-014, 
 88.80,   4.82E-014, 
 88.90,  -6.78E-014, 
 89.00,   1.41E-013, 
 89.10,   1.53E-013, 
 89.20,   0.00E+000, 
 89.30,  -2.41E-014, 
 89.40,   2.97E-013, 
 89.50,   2.08E-013, 
 89.60,   1.01E-013, 
 89.70,   9.45E-014, 
 89.80,   1.29E-013, 
 89.90,   1.34E-013, 
 90.00,  -5.71E-014, 
