Jun 25, 2026  11:13:11 AM
Residual Gas Analyzer Software 
Software Version, 3.214.004

Analog Scan Setup:

Data Points in Scan, 891 
Units, Torr 
Noise Floor, 2 
CEM Status, ON 
Points Per AMU, 10
Scan Start Mass, 1, amu 
Scan Stop Mass, 90, amu
Focus Voltage, 90, Volts 
Ion Energy, HIGH 
Electron Energy, 70, eV 
CEM Voltage, 1159, Volts
CEM Gain, 1.01E+003 
Sensitivity Factor, 1.11E-004 
Filament Current, 1.00, mAmps


  1.00,   9.63E-014, 
  1.10,  -1.12E-012, 
  1.20,  -2.58E-013, 
  1.30,   2.66E-012, 
  1.40,   3.42E-012, 
  1.50,   4.26E-012, 
  1.60,   7.42E-012, 
  1.70,   9.14E-012, 
  1.80,   1.14E-011, 
  1.90,   1.36E-011, 
  2.00,   1.41E-011, 
  2.10,   1.50E-011, 
  2.20,   1.27E-011, 
  2.30,   1.02E-011, 
  2.40,   4.72E-012, 
  2.50,   1.78E-012, 
  2.60,   1.14E-012, 
  2.70,   2.48E-012, 
  2.80,   2.71E-012, 
  2.90,  -7.64E-013, 
  3.00,   3.91E-013, 
  3.10,   4.17E-012, 
  3.20,   4.71E-012, 
  3.30,   5.37E-012, 
  3.40,   8.41E-012, 
  3.50,   3.10E-011, 
  3.60,   9.69E-011, 
  3.70,   1.61E-010, 
  3.80,   1.98E-010, 
  3.90,   2.75E-010, 
  4.00,   3.38E-010, 
  4.10,   3.47E-010, 
  4.20,   2.82E-010, 
  4.30,   1.50E-010, 
  4.40,   2.90E-011, 
  4.50,   6.11E-012, 
  4.60,   2.31E-012, 
  4.70,   2.22E-012, 
  4.80,   1.03E-012, 
  4.90,  -2.67E-013, 
  5.00,   5.35E-014, 
  5.10,   5.26E-014, 
  5.20,   2.49E-013, 
  5.30,   3.47E-013, 
  5.40,   1.18E-013, 
  5.50,  -1.57E-013, 
  5.60,  -2.68E-014, 
  5.70,  -5.08E-014, 
  5.80,  -4.64E-014, 
  5.90,  -4.55E-014, 
  6.00,   4.28E-014, 
  6.10,  -1.97E-013, 
  6.20,  -1.43E-013, 
  6.30,  -1.77E-013, 
  6.40,  -3.40E-013, 
  6.50,  -2.05E-013, 
  6.60,   6.24E-014, 
  6.70,  -2.57E-013, 
  6.80,  -7.31E-014, 
  6.90,   4.37E-014, 
  7.00,  -2.15E-013, 
  7.10,  -3.00E-013, 
  7.20,  -1.94E-013, 
  7.30,  -1.43E-013, 
  7.40,  -1.30E-013, 
  7.50,   1.95E-013, 
  7.60,   1.57E-013, 
  7.70,   1.14E-013, 
  7.80,   2.41E-014, 
  7.90,  -1.81E-013, 
  8.00,  -2.35E-013, 
  8.10,  -1.21E-013, 
  8.20,  -1.02E-013, 
  8.30,   1.75E-013, 
  8.40,   1.15E-013, 
  8.50,   4.55E-014, 
  8.60,   1.96E-014, 
  8.70,   1.07E-014, 
  8.80,  -2.68E-015, 
  8.90,  -8.83E-014, 
  9.00,  -9.01E-014, 
  9.10,  -1.43E-013, 
  9.20,  -9.45E-014, 
  9.30,  -1.19E-013, 
  9.40,  -2.76E-013, 
  9.50,  -1.90E-013, 
  9.60,   9.36E-014, 
  9.70,   2.14E-014, 
  9.80,  -2.63E-013, 
  9.90,  -2.38E-013, 
 10.00,  -2.30E-013, 
 10.10,  -5.80E-014, 
 10.20,  -1.28E-013, 
 10.30,  -1.26E-013, 
 10.40,  -4.55E-014, 
 10.50,   6.24E-014, 
 10.60,   7.85E-014, 
 10.70,  -8.56E-014, 
 10.80,   6.51E-014, 
 10.90,   1.18E-013, 
 11.00,   1.43E-013, 
 11.10,   2.84E-013, 
 11.20,   8.11E-014, 
 11.30,  -9.19E-014, 
 11.40,  -4.25E-013, 
 11.50,  -1.94E-013, 
 11.60,  -2.02E-013, 
 11.70,   7.31E-014, 
 11.80,   1.42E-013, 
 11.90,   2.17E-013, 
 12.00,   3.24E-013, 
 12.10,   2.87E-012, 
 12.20,   2.66E-012, 
 12.30,   3.91E-013, 
 12.40,  -1.40E-012, 
 12.50,  -8.69E-013, 
 12.60,  -3.79E-013, 
 12.70,   2.63E-013, 
 12.80,   1.48E-012, 
 12.90,   3.89E-012, 
 13.00,   2.56E-012, 
 13.10,   1.97E-012, 
 13.20,   1.48E-012, 
 13.30,  -1.79E-012, 
 13.40,  -8.51E-013, 
 13.50,  -3.48E-014, 
 13.60,   2.62E-012, 
 13.70,   4.85E-012, 
 13.80,   4.43E-012, 
 13.90,   2.78E-012, 
 14.00,   3.94E-012, 
 14.10,   5.35E-012, 
 14.20,   8.34E-012, 
 14.30,   5.59E-012, 
 14.40,   3.23E-012, 
 14.50,   2.62E-012, 
 14.60,   5.02E-012, 
 14.70,   9.41E-012, 
 14.80,   1.27E-011, 
 14.90,   1.72E-011, 
 15.00,   2.06E-011, 
 15.10,   2.19E-011, 
 15.20,   1.90E-011, 
 15.30,   1.38E-011, 
 15.40,   6.85E-012, 
 15.50,   4.33E-012, 
 15.60,   3.66E-012, 
 15.70,   1.08E-011, 
 15.80,   1.66E-011, 
 15.90,   2.34E-011, 
 16.00,   2.80E-011, 
 16.10,   2.81E-011, 
 16.20,   2.38E-011, 
 16.30,   1.59E-011, 
 16.40,   6.00E-012, 
 16.50,   2.72E-012, 
 16.60,   8.22E-013, 
 16.70,  -5.66E-013, 
 16.80,   1.07E-012, 
 16.90,   1.06E-012, 
 17.00,   4.90E-013, 
 17.10,   1.51E-012, 
 17.20,  -6.87E-014, 
 17.30,   4.79E-013, 
 17.40,   7.54E-013, 
 17.50,  -1.03E-012, 
 17.60,  -2.00E-012, 
 17.70,   7.86E-013, 
 17.80,  -1.56E-012, 
 17.90,  -2.31E-012, 
 18.00,  -1.90E-012, 
 18.10,   8.11E-013, 
 18.20,   3.91E-012, 
 18.30,   2.51E-012, 
 18.40,   1.48E-013, 
 18.50,  -1.52E-013, 
 18.60,  -1.13E-013, 
 18.70,   3.57E-015, 
 18.80,  -2.05E-014, 
 18.90,   1.23E-013, 
 19.00,  -1.46E-012, 
 19.10,  -2.93E-012, 
 19.20,  -1.17E-012, 
 19.30,   1.84E-012, 
 19.40,   9.94E-013, 
 19.50,   7.54E-013, 
 19.60,   7.71E-013, 
 19.70,   4.01E-012, 
 19.80,   3.01E-012, 
 19.90,   2.28E-012, 
 20.00,   2.13E-012, 
 20.10,   4.64E-014, 
 20.20,  -8.95E-013, 
 20.30,  -5.53E-013, 
 20.40,   3.52E-013, 
 20.50,   1.92E-013, 
 20.60,  -5.08E-014, 
 20.70,  -2.85E-014, 
 20.80,  -8.83E-014, 
 20.90,  -7.13E-015, 
 21.00,  -1.60E-013, 
 21.10,  -1.79E-013, 
 21.20,  -1.24E-013, 
 21.30,  -3.48E-014, 
 21.40,  -8.56E-014, 
 21.50,   7.13E-015, 
 21.60,   5.17E-014, 
 21.70,  -7.49E-014, 
 21.80,  -8.92E-016, 
 21.90,  -1.59E-013, 
 22.00,  -9.54E-014, 
 22.10,  -1.59E-013, 
 22.20,  -3.18E-013, 
 22.30,  -6.78E-013, 
 22.40,  -3.05E-013, 
 22.50,  -3.51E-013, 
 22.60,  -6.87E-014, 
 22.70,  -4.01E-014, 
 22.80,  -4.37E-014, 
 22.90,   2.16E-013, 
 23.00,   1.96E-014, 
 23.10,  -3.92E-013, 
 23.20,  -2.92E-013, 
 23.30,  -2.68E-014, 
 23.40,   3.21E-014, 
 23.50,  -4.90E-014, 
 23.60,   3.75E-014, 
 23.70,  -4.90E-014, 
 23.80,   3.75E-014, 
 23.90,   4.46E-014, 
 24.00,   1.33E-013, 
 24.10,  -6.69E-014, 
 24.20,  -2.10E-013, 
 24.30,  -7.31E-014, 
 24.40,  -1.19E-013, 
 24.50,  -2.39E-013, 
 24.60,  -1.52E-013, 
 24.70,  -7.31E-014, 
 24.80,   8.65E-014, 
 24.90,   1.55E-013, 
 25.00,  -1.99E-013, 
 25.10,  -8.11E-014, 
 25.20,  -1.87E-014, 
 25.30,   5.08E-014, 
 25.40,   1.53E-013, 
 25.50,   2.22E-013, 
 25.60,  -2.16E-013, 
 25.70,  -3.61E-013, 
 25.80,  -1.25E-013, 
 25.90,   2.16E-013, 
 26.00,   2.63E-013, 
 26.10,   3.18E-013, 
 26.20,   6.69E-014, 
 26.30,  -2.35E-013, 
 26.40,   1.50E-013, 
 26.50,  -1.53E-013, 
 26.60,  -2.64E-013, 
 26.70,  -8.92E-016, 
 26.80,   1.69E-014, 
 26.90,   1.13E-013, 
 27.00,   2.27E-013, 
 27.10,   2.05E-014, 
 27.20,  -4.90E-014, 
 27.30,  -4.46E-015, 
 27.40,   3.51E-012, 
 27.50,   3.49E-012, 
 27.60,   9.23E-012, 
 27.70,   1.99E-011, 
 27.80,   2.69E-011, 
 27.90,   3.26E-011, 
 28.00,   3.60E-011, 
 28.10,   3.61E-011, 
 28.20,   3.04E-011, 
 28.30,   1.55E-011, 
 28.40,   4.62E-012, 
 28.50,   2.98E-012, 
 28.60,   1.13E-012, 
 28.70,  -1.15E-013, 
 28.80,   2.28E-013, 
 28.90,   2.80E-013, 
 29.00,   2.42E-013, 
 29.10,   1.61E-013, 
 29.20,   2.70E-013, 
 29.30,   4.37E-013, 
 29.40,   2.78E-013, 
 29.50,   5.17E-014, 
 29.60,   1.10E-012, 
 29.70,   3.60E-012, 
 29.80,   2.09E-012, 
 29.90,  -1.42E-012, 
 30.00,  -5.42E-013, 
 30.10,   1.75E-013, 
 30.20,   5.55E-013, 
 30.30,   1.90E-012, 
 30.40,  -9.93E-013, 
 30.50,  -5.39E-013, 
 30.60,  -1.05E-013, 
 30.70,  -2.76E-014, 
 30.80,  -1.64E-013, 
 30.90,  -2.10E-013, 
 31.00,  -1.63E-013, 
 31.10,  -9.10E-014, 
 31.20,  -1.45E-013, 
 31.30,   1.77E-013, 
 31.40,   1.80E-013, 
 31.50,   1.49E-012, 
 31.60,   1.22E-012, 
 31.70,   1.91E-012, 
 31.80,   3.59E-012, 
 31.90,   4.14E-012, 
 32.00,   3.92E-012, 
 32.10,   4.38E-012, 
 32.20,   3.89E-012, 
 32.30,   2.28E-012, 
 32.40,   1.16E-012, 
 32.50,   4.90E-013, 
 32.60,  -2.32E-014, 
 32.70,   1.98E-013, 
 32.80,   8.29E-014, 
 32.90,  -5.35E-014, 
 33.00,  -1.62E-013, 
 33.10,  -1.71E-013, 
 33.20,  -2.23E-014, 
 33.30,   2.59E-014, 
 33.40,  -1.52E-013, 
 33.50,   1.74E-013, 
 33.60,   3.09E-013, 
 33.70,   1.80E-013, 
 33.80,   6.06E-014, 
 33.90,  -1.85E-013, 
 34.00,  -1.72E-013, 
 34.10,   8.03E-015, 
 34.20,   9.45E-014, 
 34.30,  -2.40E-013, 
 34.40,  -5.62E-014, 
 34.50,  -3.48E-014, 
 34.60,  -8.03E-014, 
 34.70,  -1.16E-014, 
 34.80,  -8.11E-014, 
 34.90,  -4.37E-014, 
 35.00,   5.71E-014, 
 35.10,   3.01E-013, 
 35.20,   1.84E-013, 
 35.30,   4.37E-014, 
 35.40,   3.83E-014, 
 35.50,   4.90E-014, 
 35.60,  -1.27E-013, 
 35.70,  -1.28E-013, 
 35.80,   7.85E-014, 
 35.90,  -2.98E-013, 
 36.00,  -2.57E-013, 
 36.10,  -4.10E-014, 
 36.20,  -1.19E-013, 
 36.30,  -1.97E-013, 
 36.40,  -2.40E-013, 
 36.50,  -3.83E-013, 
 36.60,  -1.42E-013, 
 36.70,  -3.03E-014, 
 36.80,  -1.55E-013, 
 36.90,  -2.85E-014, 
 37.00,  -6.24E-015, 
 37.10,   3.12E-013, 
 37.20,   1.69E-013, 
 37.30,  -2.32E-014, 
 37.40,  -8.47E-014, 
 37.50,   1.96E-014, 
 37.60,   7.31E-014, 
 37.70,   2.66E-013, 
 37.80,   1.55E-013, 
 37.90,   6.33E-014, 
 38.00,   5.35E-014, 
 38.10,  -7.13E-014, 
 38.20,   3.39E-014, 
 38.30,  -2.61E-013, 
 38.40,  -1.34E-013, 
 38.50,   2.63E-013, 
 38.60,   1.09E-013, 
 38.70,   2.52E-013, 
 38.80,   3.33E-013, 
 38.90,   3.42E-013, 
 39.00,   6.60E-013, 
 39.10,   8.18E-013, 
 39.20,   3.82E-012, 
 39.30,   2.36E-012, 
 39.40,   2.03E-012, 
 39.50,   3.64E-012, 
 39.60,   7.76E-012, 
 39.70,   1.18E-011, 
 39.80,   1.54E-011, 
 39.90,   1.65E-011, 
 40.00,   1.93E-011, 
 40.10,   2.09E-011, 
 40.20,   1.73E-011, 
 40.30,   1.10E-011, 
 40.40,   6.10E-012, 
 40.50,   6.40E-012, 
 40.60,   1.11E-011, 
 40.70,   1.51E-011, 
 40.80,   1.99E-011, 
 40.90,   2.49E-011, 
 41.00,   3.30E-011, 
 41.10,   3.92E-011, 
 41.20,   3.56E-011, 
 41.30,   2.83E-011, 
 41.40,   3.44E-011, 
 41.50,   5.77E-011, 
 41.60,   9.15E-011, 
 41.70,   9.81E-011, 
 41.80,   1.05E-010, 
 41.90,   1.19E-010, 
 42.00,   1.27E-010, 
 42.10,   1.16E-010, 
 42.20,   7.19E-011, 
 42.30,   2.27E-011, 
 42.40,   9.89E-012, 
 42.50,   9.81E-012, 
 42.60,   1.59E-011, 
 42.70,   2.16E-011, 
 42.80,   2.75E-011, 
 42.90,   3.36E-011, 
 43.00,   3.80E-011, 
 43.10,   3.66E-011, 
 43.20,   2.58E-011, 
 43.30,   1.18E-011, 
 43.40,   4.77E-012, 
 43.50,   2.68E-012, 
 43.60,   1.83E-012, 
 43.70,   1.20E-012, 
 43.80,  -4.75E-012, 
 43.90,  -2.66E-012, 
 44.00,   2.34E-012, 
 44.10,   1.54E-012, 
 44.20,   1.36E-012, 
 44.30,   3.35E-012, 
 44.40,  -1.21E-012, 
 44.50,  -6.41E-013, 
 44.60,  -4.40E-013, 
 44.70,  -2.66E-013, 
 44.80,  -9.81E-015, 
 44.90,  -4.64E-014, 
 45.00,   1.89E-013, 
 45.10,   9.63E-014, 
 45.20,   1.16E-014, 
 45.30,  -1.87E-014, 
 45.40,  -8.83E-014, 
 45.50,  -1.75E-013, 
 45.60,   1.36E-013, 
 45.70,   4.56E-013, 
 45.80,   9.54E-014, 
 45.90,  -1.78E-014, 
 46.00,  -1.24E-013, 
 46.10,   9.81E-014, 
 46.20,   2.95E-013, 
 46.30,   3.09E-013, 
 46.40,   3.61E-013, 
 46.50,   8.92E-015, 
 46.60,  -5.53E-014, 
 46.70,  -1.43E-013, 
 46.80,  -1.17E-013, 
 46.90,  -7.40E-014, 
 47.00,   5.62E-014, 
 47.10,   3.04E-013, 
 47.20,   6.69E-014, 
 47.30,   1.09E-013, 
 47.40,  -1.26E-013, 
 47.50,  -1.34E-014, 
 47.60,  -2.11E-013, 
 47.70,  -2.10E-013, 
 47.80,  -3.56E-013, 
 47.90,  -1.74E-013, 
 48.00,   1.40E-013, 
 48.10,   2.23E-013, 
 48.20,   1.70E-013, 
 48.30,   5.80E-014, 
 48.40,  -1.63E-013, 
 48.50,   7.13E-014, 
 48.60,   2.16E-013, 
 48.70,   2.55E-013, 
 48.80,  -2.32E-014, 
 48.90,  -2.94E-013, 
 49.00,  -2.43E-013, 
 49.10,  -4.82E-014, 
 49.20,  -1.23E-013, 
 49.30,  -3.19E-013, 
 49.40,  -1.69E-013, 
 49.50,  -1.08E-013, 
 49.60,  -9.36E-014, 
 49.70,  -1.88E-013, 
 49.80,  -1.46E-013, 
 49.90,  -4.28E-014, 
 50.00,   1.93E-013, 
 50.10,   4.46E-014, 
 50.20,  -1.69E-014, 
 50.30,  -1.20E-013, 
 50.40,   4.19E-014, 
 50.50,   7.49E-014, 
 50.60,   2.32E-014, 
 50.70,  -9.99E-014, 
 50.80,  -2.68E-015, 
 50.90,  -1.74E-013, 
 51.00,  -2.35E-013, 
 51.10,  -5.44E-014, 
 51.20,   6.60E-014, 
 51.30,  -1.34E-013, 
 51.40,  -6.69E-014, 
 51.50,   9.81E-015, 
 51.60,   1.09E-013, 
 51.70,  -3.75E-014, 
 51.80,   3.03E-014, 
 51.90,  -8.47E-014, 
 52.00,   8.29E-014, 
 52.10,  -7.76E-014, 
 52.20,  -4.99E-014, 
 52.30,  -4.11E-013, 
 52.40,  -2.86E-013, 
 52.50,  -2.34E-013, 
 52.60,  -3.02E-013, 
 52.70,  -2.65E-013, 
 52.80,  -2.06E-013, 
 52.90,  -6.24E-015, 
 53.00,   8.83E-014, 
 53.10,   1.03E-013, 
 53.20,   8.92E-015, 
 53.30,   1.64E-013, 
 53.40,   2.19E-013, 
 53.50,   2.43E-013, 
 53.60,   6.60E-014, 
 53.70,   9.81E-015, 
 53.80,  -1.98E-013, 
 53.90,   1.62E-013, 
 54.00,   3.16E-013, 
 54.10,   2.27E-013, 
 54.20,   5.35E-015, 
 54.30,   6.69E-014, 
 54.40,  -2.84E-013, 
 54.50,   6.15E-014, 
 54.60,   1.90E-013, 
 54.70,   2.70E-013, 
 54.80,   2.01E-013, 
 54.90,  -1.92E-013, 
 55.00,  -2.87E-013, 
 55.10,  -3.07E-013, 
 55.20,  -4.99E-014, 
 55.30,  -1.50E-013, 
 55.40,   3.03E-013, 
 55.50,   5.53E-013, 
 55.60,   1.99E-013, 
 55.70,  -1.87E-014, 
 55.80,   7.58E-014, 
 55.90,   2.97E-013, 
 56.00,   1.81E-013, 
 56.10,   1.27E-013, 
 56.20,   2.05E-014, 
 56.30,  -2.05E-014, 
 56.40,  -8.56E-014, 
 56.50,  -1.37E-013, 
 56.60,  -2.32E-013, 
 56.70,  -1.44E-013, 
 56.80,  -3.42E-013, 
 56.90,  -1.11E-013, 
 57.00,  -2.59E-014, 
 57.10,  -6.33E-014, 
 57.20,  -4.64E-014, 
 57.30,  -3.12E-013, 
 57.40,  -6.51E-014, 
 57.50,   1.13E-013, 
 57.60,   6.60E-014, 
 57.70,  -1.89E-013, 
 57.80,  -4.99E-014, 
 57.90,  -9.54E-014, 
 58.00,  -1.51E-013, 
 58.10,  -1.55E-013, 
 58.20,  -2.08E-013, 
 58.30,  -2.38E-013, 
 58.40,  -2.77E-013, 
 58.50,   1.24E-013, 
 58.60,  -2.20E-013, 
 58.70,  -2.92E-013, 
 58.80,  -1.13E-013, 
 58.90,  -9.36E-014, 
 59.00,  -1.70E-013, 
 59.10,  -3.08E-013, 
 59.20,  -1.77E-013, 
 59.30,   3.48E-014, 
 59.40,  -1.34E-014, 
 59.50,   1.59E-013, 
 59.60,   4.72E-013, 
 59.70,   5.89E-013, 
 59.80,   3.50E-013, 
 59.90,   6.42E-014, 
 60.00,  -9.10E-014, 
 60.10,  -1.70E-013, 
 60.20,  -1.62E-013, 
 60.30,   9.72E-014, 
 60.40,   2.76E-014, 
 60.50,   1.48E-013, 
 60.60,  -1.20E-013, 
 60.70,  -2.72E-013, 
 60.80,  -2.45E-013, 
 60.90,  -1.44E-013, 
 61.00,  -1.33E-013, 
 61.10,   9.01E-014, 
 61.20,   1.79E-013, 
 61.30,   1.42E-013, 
 61.40,   1.68E-013, 
 61.50,   8.47E-014, 
 61.60,   1.12E-013, 
 61.70,   2.11E-013, 
 61.80,   2.51E-013, 
 61.90,   1.88E-013, 
 62.00,   1.76E-013, 
 62.10,   1.08E-013, 
 62.20,   2.80E-013, 
 62.30,   3.07E-013, 
 62.40,   3.57E-014, 
 62.50,   1.37E-013, 
 62.60,   4.19E-014, 
 62.70,  -1.06E-013, 
 62.80,  -2.75E-013, 
 62.90,  -4.99E-014, 
 63.00,   7.58E-014, 
 63.10,   1.28E-013, 
 63.20,   1.09E-013, 
 63.30,   6.15E-014, 
 63.40,  -1.10E-013, 
 63.50,  -4.28E-014, 
 63.60,   6.24E-014, 
 63.70,   9.81E-014, 
 63.80,   1.51E-013, 
 63.90,  -3.21E-014, 
 64.00,  -2.72E-013, 
 64.10,  -2.19E-013, 
 64.20,  -1.19E-013, 
 64.30,   1.16E-014, 
 64.40,  -1.08E-013, 
 64.50,   4.37E-014, 
 64.60,  -1.92E-013, 
 64.70,  -4.64E-014, 
 64.80,   6.60E-014, 
 64.90,  -1.13E-013, 
 65.00,  -1.27E-013, 
 65.10,   1.27E-013, 
 65.20,  -1.35E-013, 
 65.30,  -4.01E-013, 
 65.40,  -1.47E-013, 
 65.50,   4.37E-014, 
 65.60,  -6.42E-014, 
 65.70,   1.93E-013, 
 65.80,  -1.50E-013, 
 65.90,  -6.06E-014, 
 66.00,  -1.22E-013, 
 66.10,   8.92E-016, 
 66.20,  -8.83E-014, 
 66.30,  -1.09E-013, 
 66.40,  -2.15E-013, 
 66.50,  -2.38E-013, 
 66.60,  -4.55E-014, 
 66.70,  -9.81E-014, 
 66.80,  -2.42E-013, 
 66.90,  -2.18E-013, 
 67.00,  -1.72E-013, 
 67.10,  -1.10E-013, 
 67.20,  -2.43E-013, 
 67.30,  -1.33E-013, 
 67.40,  -2.51E-013, 
 67.50,  -2.64E-013, 
 67.60,  -3.25E-013, 
 67.70,  -8.29E-014, 
 67.80,  -1.52E-013, 
 67.90,  -4.46E-014, 
 68.00,   2.05E-014, 
 68.10,  -4.73E-014, 
 68.20,  -2.27E-013, 
 68.30,  -5.26E-014, 
 68.40,  -1.03E-013, 
 68.50,  -1.22E-013, 
 68.60,   1.02E-013, 
 68.70,   6.78E-014, 
 68.80,  -1.52E-014, 
 68.90,  -3.57E-014, 
 69.00,  -3.75E-013, 
 69.10,  -3.18E-013, 
 69.20,  -4.30E-013, 
 69.30,  -3.91E-013, 
 69.40,  -1.07E-013, 
 69.50,   2.10E-013, 
 69.60,   6.96E-014, 
 69.70,   1.71E-013, 
 69.80,   6.51E-014, 
 69.90,  -1.16E-013, 
 70.00,  -9.72E-014, 
 70.10,   1.92E-013, 
 70.20,  -9.72E-014, 
 70.30,   7.85E-014, 
 70.40,   1.48E-013, 
 70.50,   1.16E-014, 
 70.60,  -2.47E-013, 
 70.70,  -2.74E-013, 
 70.80,   1.80E-013, 
 70.90,   2.02E-013, 
 71.00,  -3.12E-014, 
 71.10,  -1.72E-013, 
 71.20,  -1.56E-013, 
 71.30,  -2.05E-014, 
 71.40,  -8.38E-014, 
 71.50,   3.15E-013, 
 71.60,   3.99E-013, 
 71.70,   1.31E-013, 
 71.80,   1.07E-013, 
 71.90,  -1.46E-013, 
 72.00,  -1.82E-013, 
 72.10,   1.61E-014, 
 72.20,   1.11E-013, 
 72.30,   3.67E-013, 
 72.40,   1.03E-013, 
 72.50,   6.87E-014, 
 72.60,  -1.18E-013, 
 72.70,  -1.44E-013, 
 72.80,  -4.37E-014, 
 72.90,   2.85E-013, 
 73.00,   2.23E-013, 
 73.10,   1.26E-013, 
 73.20,   2.21E-013, 
 73.30,  -6.69E-014, 
 73.40,  -1.61E-014, 
 73.50,   2.19E-013, 
 73.60,   6.51E-014, 
 73.70,   3.92E-014, 
 73.80,   3.75E-014, 
 73.90,  -2.68E-015, 
 74.00,   6.78E-014, 
 74.10,   1.25E-013, 
 74.20,   1.12E-013, 
 74.30,  -2.05E-014, 
 74.40,   7.85E-014, 
 74.50,   1.54E-013, 
 74.60,  -6.24E-015, 
 74.70,   1.53E-013, 
 74.80,  -1.61E-013, 
 74.90,   2.32E-014, 
 75.00,  -2.23E-014, 
 75.10,  -1.51E-013, 
 75.20,  -5.08E-014, 
 75.30,  -3.06E-013, 
 75.40,  -2.95E-013, 
 75.50,   1.96E-014, 
 75.60,   2.79E-013, 
 75.70,  -4.46E-015, 
 75.80,  -2.31E-013, 
 75.90,   1.90E-013, 
 76.00,   3.92E-014, 
 76.10,   1.82E-013, 
 76.20,   1.22E-013, 
 76.30,  -5.62E-014, 
 76.40,  -1.89E-013, 
 76.50,  -2.20E-013, 
 76.60,   8.56E-014, 
 76.70,   2.05E-013, 
 76.80,   3.50E-013, 
 76.90,   9.81E-014, 
 77.00,  -2.14E-014, 
 77.10,   5.44E-014, 
 77.20,  -2.61E-013, 
 77.30,  -1.61E-014, 
 77.40,  -7.49E-014, 
 77.50,   1.73E-012, 
 77.60,   3.47E-012, 
 77.70,   3.12E-012, 
 77.80,   2.84E-012, 
 77.90,   3.40E-012, 
 78.00,   4.10E-012, 
 78.10,   4.32E-012, 
 78.20,   3.51E-012, 
 78.30,   2.17E-012, 
 78.40,   4.36E-013, 
 78.50,  -1.59E-012, 
 78.60,  -8.54E-013, 
 78.70,  -2.95E-013, 
 78.80,  -3.66E-014, 
 78.90,   2.69E-013, 
 79.00,   4.99E-013, 
 79.10,   2.83E-013, 
 79.20,   4.88E-013, 
 79.30,   3.77E-012, 
 79.40,   2.97E-012, 
 79.50,   3.38E-012, 
 79.60,   7.69E-012, 
 79.70,   1.20E-011, 
 79.80,   1.54E-011, 
 79.90,   2.20E-011, 
 80.00,   2.87E-011, 
 80.10,   2.93E-011, 
 80.20,   1.86E-011, 
 80.30,   8.82E-012, 
 80.40,   4.37E-012, 
 80.50,   2.63E-012, 
 80.60,   2.52E-012, 
 80.70,   2.61E-012, 
 80.80,   2.42E-012, 
 80.90,   2.76E-012, 
 81.00,   3.08E-012, 
 81.10,   3.30E-012, 
 81.20,   3.27E-012, 
 81.30,   4.34E-012, 
 81.40,   6.45E-012, 
 81.50,   1.60E-011, 
 81.60,   5.40E-011, 
 81.70,   7.64E-011, 
 81.80,   9.46E-011, 
 81.90,   1.33E-010, 
 82.00,   1.60E-010, 
 82.10,   1.36E-010, 
 82.20,   7.43E-011, 
 82.30,   2.54E-011, 
 82.40,   1.50E-011, 
 82.50,   2.18E-011, 
 82.60,   5.83E-011, 
 82.70,   8.26E-011, 
 82.80,   1.03E-010, 
 82.90,   1.39E-010, 
 83.00,   1.70E-010, 
 83.10,   1.50E-010, 
 83.20,   8.55E-011, 
 83.30,   3.97E-011, 
 83.40,   3.60E-011, 
 83.50,   1.05E-010, 
 83.60,   3.24E-010, 
 83.70,   3.78E-010, 
 83.80,   4.90E-010, 
 83.90,   6.80E-010, 
 84.00,   7.98E-010, 
 84.10,   6.33E-010, 
 84.20,   2.72E-010, 
 84.30,   5.08E-011, 
 84.40,   1.22E-011, 
 84.50,   6.67E-012, 
 84.60,   4.56E-012, 
 84.70,   3.63E-012, 
 84.80,   3.60E-012, 
 84.90,   3.78E-012, 
 85.00,   4.09E-012, 
 85.10,   4.28E-012, 
 85.20,   4.56E-012, 
 85.30,   5.54E-012, 
 85.40,   8.33E-012, 
 85.50,   2.06E-011, 
 85.60,   7.76E-011, 
 85.70,   1.07E-010, 
 85.80,   1.32E-010, 
 85.90,   1.87E-010, 
 86.00,   2.29E-010, 
 86.10,   1.84E-010, 
 86.20,   9.42E-011, 
 86.30,   2.62E-011, 
 86.40,   8.02E-012, 
 86.50,   3.59E-012, 
 86.60,   2.07E-012, 
 86.70,   8.54E-013, 
 86.80,  -1.82E-012, 
 86.90,  -7.13E-013, 
 87.00,  -1.93E-013, 
 87.10,  -7.13E-015, 
 87.20,   1.23E-013, 
 87.30,   1.36E-013, 
 87.40,   2.18E-013, 
 87.50,   2.57E-013, 
 87.60,   2.23E-014, 
 87.70,   1.15E-013, 
 87.80,   2.53E-013, 
 87.90,   2.16E-013, 
 88.00,   4.28E-014, 
 88.10,   2.76E-014, 
 88.20,   7.94E-014, 
 88.30,   2.07E-013, 
 88.40,  -1.05E-013, 
 88.50,   3.48E-014, 
 88.60,  -1.52E-014, 
 88.70,  -3.30E-014, 
 88.80,  -1.03E-013, 
 88.90,  -9.36E-014, 
 89.00,   3.83E-014, 
 89.10,   8.47E-014, 
 89.20,   3.04E-013, 
 89.30,   1.84E-013, 
 89.40,   2.64E-013, 
 89.50,   1.85E-013, 
 89.60,   1.81E-013, 
 89.70,  -2.14E-014, 
 89.80,  -1.69E-013, 
 89.90,  -2.41E-014, 
 90.00,  -5.89E-014, 
