Jun 25, 2026  02:44:06 PM
Residual Gas Analyzer Software 
RGA Software Version, 3.214.004

Pressure vs Time Scan Setup:

Active channels in Scan, 8 
Units, Torr
Sample Period, 1.00, sec
Focus Voltage, 90, Volts 
Ion Energy, HIGH 
Electron Energy, 70, eV 
CEM Voltage, 1159, Volts
CEM Gain, 1.01E+003 
Sensitivity Factor, 1.11E-004 
Filament Current, 1.00, mAmps
Start time, Jun 25, 2026  02:44:06 PM 
Channel,  Mass(amu),     Name,                 Cal Factor,  Noise Floor, CEM Status

1         2.00           Hydrogen              1.00         3            OFF
2         4.00           Helium                1.00         3            OFF
3         26.00          Dummy-26              1.00         3            ON
4         28.00          Nitrogen              1.00         3            ON
5         32.00          Oxygen                1.00         3            ON
6         40.00          Argon                 1.00         3            ON
7         44.00          Carbon dioxide        1.00         3            ON
8         84.00          Krypton               1.00         3            ON


Time(s)      Channel#1   Channel#2   Channel#3   Channel#4   Channel#5   Channel#6   Channel#7   Channel#8   

0.000,   6.3455E-008,   3.9208E-006,   1.5998E-011,   2.1101E-011,   1.7586E-011,   6.5196E-012,   3.9781E-012,   8.2041E-013,  
5.640,   6.3973E-008,   4.0012E-006,   2.6145E-011,   1.6982E-011,   1.7697E-011,   7.6994E-012,   4.2938E-012,   6.8754E-013,  
10.672,   6.8247E-008,   4.0169E-006,   2.5751E-011,   1.7730E-011,   1.6793E-011,   8.1238E-012,   4.6915E-012,   8.1773E-013,  
15.687,   6.5716E-008,   4.0463E-006,   2.5039E-011,   1.7023E-011,   1.7994E-011,   8.2567E-012,   4.4650E-012,   1.0862E-012,  
20.703,   6.4817E-008,   4.0282E-006,   2.5864E-011,   1.7847E-011,   1.6385E-011,   8.0463E-012,   8.4119E-012,   7.8741E-013,  
25.750,   6.6526E-008,   4.0522E-006,   8.7516E-012,   1.7441E-011,   1.6756E-011,   8.0748E-012,   4.8511E-012,   8.3022E-013,  
30.765,   6.7381E-008,   4.0330E-006,   2.4857E-011,   1.7115E-011,   1.7061E-011,   7.9812E-012,   5.7999E-012,   6.4206E-013,  
35.812,   6.7279E-008,   4.0339E-006,   7.6780E-012,   1.7352E-011,   1.6633E-011,   9.4213E-012,   3.8452E-012,   9.1761E-013,  
40.844,   6.7086E-008,   4.0646E-006,   2.5010E-011,   1.6574E-011,   1.6977E-011,   8.4377E-012,   7.3132E-012,   8.8016E-013,  
45.890,   6.5199E-008,   4.0475E-006,   2.6091E-011,   1.7952E-011,   1.5924E-011,   8.9665E-012,   4.9706E-012,   1.1441E-012,  
50.937,   6.8446E-008,   4.0141E-006,   2.3886E-011,   1.7318E-011,   1.6552E-011,   8.6625E-012,   3.8782E-012,   9.0780E-013,  
55.953,   6.7841E-008,   4.0447E-006,   2.3364E-011,   1.7856E-011,   1.6266E-011,   8.8381E-012,   7.0965E-012,   5.7054E-012,  
61.000,   7.0684E-008,   4.0229E-006,   2.4447E-011,   1.8064E-011,   1.6731E-011,   8.7365E-012,   8.1533E-012,   5.9908E-012,  
66.031,   6.7388E-008,   4.0250E-006,   2.6028E-011,   1.7037E-011,   1.7337E-011,   8.3450E-012,   5.9141E-012,   1.1771E-012,  
71.047,   7.1154E-008,   4.0168E-006,   2.5787E-011,   1.7458E-011,   1.6719E-011,   8.7659E-012,   4.5756E-012,   6.3510E-012,  
76.047,   6.8444E-008,   4.0179E-006,   2.3687E-011,   1.7109E-011,   1.7635E-011,   8.5617E-012,   8.4324E-012,   7.6958E-013,  
81.031,   7.0304E-008,   3.9949E-006,   6.2262E-012,   1.6921E-011,   1.6350E-011,   8.4556E-012,   6.9200E-012,   6.8549E-012,  
86.094,   6.7252E-008,   3.9971E-006,   2.4407E-011,   1.7718E-011,   1.6830E-011,   8.3022E-012,   8.7588E-012,   1.2699E-012,  
91.125,   6.6374E-008,   4.0065E-006,   2.3805E-011,   1.8184E-011,   1.6667E-011,   9.7968E-012,   5.5422E-012,   8.6946E-013,  
96.125,   6.8377E-008,   4.0232E-006,   2.4586E-011,   1.6804E-011,   1.6098E-011,   8.2719E-012,   5.8062E-012,   7.2544E-012,  
101.172,   6.7127E-008,   4.0049E-006,   2.6692E-011,   1.7931E-011,   1.6528E-011,   8.7195E-012,   4.8690E-012,   1.3412E-012,  
106.187,   6.1873E-008,   3.9872E-006,   2.6599E-011,   1.6687E-011,   1.6690E-011,   8.8203E-012,   4.5756E-012,   8.6143E-013,  
111.234,   6.2721E-008,   3.9897E-006,   1.1601E-011,   1.7387E-011,   1.6101E-011,   9.3634E-012,   8.1506E-012,   1.0835E-012,  
116.265,   6.2895E-008,   3.9774E-006,   2.6035E-011,   1.7536E-011,   1.6883E-011,   9.2760E-012,   5.9185E-012,   1.0986E-012,  
121.281,   6.1286E-008,   4.0045E-006,   2.6544E-011,   1.7757E-011,   1.6618E-011,   8.4993E-012,   4.8609E-012,   6.4206E-013,  
126.297,   6.7017E-008,   3.9881E-006,   2.4159E-011,   1.7617E-011,   1.7041E-011,   9.0843E-012,   9.5703E-012,   1.0300E-012,  
131.312,   6.6173E-008,   3.9898E-006,   2.6150E-011,   1.6966E-011,   1.6119E-011,   8.2817E-012,   7.7761E-012,   1.3742E-012,  
136.359,   6.1583E-008,   3.9958E-006,   2.4312E-011,   1.7608E-011,   1.7209E-011,   8.4698E-012,   6.4340E-012,   5.5610E-012,  
141.344,   6.2596E-008,   3.9719E-006,   8.1747E-012,   1.7713E-011,   1.6139E-011,   8.9398E-012,   4.4891E-012,   1.2270E-012,  
146.390,   6.7587E-008,   3.9638E-006,   2.6194E-011,   1.7998E-011,   1.7363E-011,   8.4903E-012,   4.5684E-012,   7.2758E-012,  
152.390,   6.6726E-008,   3.9685E-006,   2.5137E-011,   1.7393E-011,   1.6290E-011,   9.3589E-012,   4.9064E-012,   7.9874E-012,  
158.375,   6.5919E-008,   3.9795E-006,   6.9164E-012,   1.7875E-011,   1.7214E-011,   8.7579E-012,   6.7604E-012,   1.1735E-012,  
163.375,   6.4694E-008,   3.9875E-006,   2.5480E-011,   1.7528E-011,   1.6015E-011,   9.3446E-012,   5.1320E-012,   1.0728E-012,  
168.390,   6.4237E-008,   3.9539E-006,   2.3639E-011,   1.8139E-011,   1.6817E-011,   9.1636E-012,   5.7054E-012,   7.0011E-012,  
173.390,   6.5304E-008,   3.9676E-006,   2.3696E-011,   1.6995E-011,   1.6733E-011,   8.7490E-012,   8.1640E-012,   1.0460E-012,  
178.422,   6.2909E-008,   3.9534E-006,   2.6130E-011,   1.7040E-011,   1.6585E-011,   9.0682E-012,   4.2750E-012,   1.1789E-012,  
183.469,   6.4723E-008,   3.9790E-006,   2.5312E-011,   1.7544E-011,   1.6028E-011,   8.3066E-012,   6.0978E-012,   6.9441E-012,  
188.515,   6.5069E-008,   3.9932E-006,   2.5245E-011,   1.7838E-011,   1.6916E-011,   8.5242E-012,   4.5836E-012,   7.3926E-012,  
193.531,   6.6549E-008,   3.9650E-006,   2.2535E-011,   1.7728E-011,   1.6630E-011,   8.4279E-012,   6.8219E-012,   1.0451E-012,  
198.547,   6.4743E-008,   3.9511E-006,   2.2945E-011,   1.7767E-011,   1.5886E-011,   8.7490E-012,   3.5420E-012,   6.6230E-012,  
203.578,   6.3992E-008,   3.9140E-006,   2.3836E-011,   1.7150E-011,   1.6382E-011,   8.8622E-012,   5.7295E-012,   7.2250E-012,  
208.609,   6.3361E-008,   3.9473E-006,   2.5049E-011,   1.7470E-011,   1.6398E-011,   9.2688E-012,   4.6942E-012,   8.8016E-013,  
213.672,   6.2076E-008,   3.9423E-006,   2.5765E-011,   1.4500E-011,   1.6348E-011,   8.2121E-012,   5.9034E-012,   1.0059E-012,  
218.703,   6.4553E-008,   3.9457E-006,   2.3565E-011,   1.7348E-011,   1.5694E-011,   8.5162E-012,   7.6797E-012,   6.6043E-012,  
223.765,   6.2738E-008,   3.9561E-006,   2.3589E-011,   1.6922E-011,   1.6566E-011,   7.7984E-012,   6.1959E-012,   8.5875E-013,  
229.765,   6.4430E-008,   3.9537E-006,   2.3641E-011,   1.8159E-011,   1.6295E-011,   8.1577E-012,   5.9524E-012,   1.2163E-012,  
234.750,   6.4647E-008,   3.9532E-006,   4.6817E-013,   1.9006E-011,   1.6719E-011,   8.3379E-012,   4.4275E-012,   7.7199E-012,  
239.812,   6.5538E-008,   3.9410E-006,   2.6477E-011,   2.0032E-011,   1.5433E-011,   8.9924E-012,   7.0734E-012,   9.7379E-013,  
244.875,   6.5430E-008,   3.9194E-006,   2.3446E-011,   2.0283E-011,   1.6534E-011,   8.2710E-012,   5.1062E-012,   8.5965E-013,  
249.890,   6.3120E-008,   3.9061E-006,   2.2312E-011,   1.8828E-011,   1.6204E-011,   8.5456E-012,   7.7903E-012,   1.1245E-012,  
254.906,   6.4006E-008,   3.9336E-006,   8.2068E-012,   1.8059E-011,   1.6259E-011,   9.0254E-012,   5.4325E-012,   7.8741E-013,  
259.969,   6.4117E-008,   3.9167E-006,   2.3925E-011,   1.7452E-011,   1.6819E-011,   8.6910E-012,   3.9817E-012,   6.5695E-012,  
264.969,   6.4568E-008,   3.9293E-006,   2.4161E-011,   1.7790E-011,   1.6837E-011,   8.5528E-012,   7.6521E-012,   8.4270E-013,  
269.984,   6.4526E-008,   3.9166E-006,   2.4407E-011,   1.6764E-011,   1.6762E-011,   8.6304E-012,   6.5428E-012,   8.4716E-013,  
275.062,   6.3474E-008,   3.9188E-006,   2.4311E-011,   1.7024E-011,   1.6211E-011,   9.2020E-012,   5.5280E-012,   7.9990E-013,  
280.125,   6.4555E-008,   3.9165E-006,   2.3460E-011,   1.5994E-011,   1.6401E-011,   8.3388E-012,   5.2586E-012,   7.5264E-012,  
285.109,   6.3405E-008,   3.9143E-006,   2.3026E-011,   1.6865E-011,   1.6177E-011,   8.4511E-012,   6.6979E-012,   7.5843E-012,  
290.125,   6.3941E-008,   3.9030E-006,   2.3604E-011,   1.7912E-011,   1.7408E-011,   8.6821E-012,   5.2524E-012,   5.9025E-012,  
295.187,   6.3299E-008,   3.8942E-006,   2.3131E-011,   1.6867E-011,   1.6221E-011,   8.6812E-012,   4.9822E-012,   1.1013E-012,  
300.219,   6.0218E-008,   3.9282E-006,   2.4148E-011,   1.6698E-011,   1.6692E-011,   8.6981E-012,   5.2774E-012,   1.3546E-012,  
306.219,   6.1771E-008,   3.9078E-006,   2.4281E-011,   1.7101E-011,   1.6729E-011,   8.3539E-012,   4.8859E-012,   1.4429E-012,  
311.234,   6.0497E-008,   3.8924E-006,   2.2984E-011,   1.7696E-011,   1.6345E-011,   8.8087E-012,   4.6781E-012,   9.4347E-013,  
316.265,   6.1919E-008,   3.8881E-006,   2.3318E-011,   1.7176E-011,   1.6652E-011,   8.3914E-012,   8.6767E-012,   1.0095E-012,  
321.297,   6.3420E-008,   3.8849E-006,   2.4077E-011,   1.6814E-011,   1.5612E-011,   8.3066E-012,   6.6212E-012,   8.3824E-013,  
326.344,   6.1202E-008,   3.8478E-006,   2.2014E-011,   1.7428E-011,   1.5630E-011,   8.6464E-012,   7.8322E-012,   5.0580E-012,  
331.390,   6.2194E-008,   3.8672E-006,   2.3433E-011,   1.6711E-011,   1.6466E-011,   8.6705E-012,   5.5592E-012,   9.9608E-013,  
337.406,   5.9299E-008,   3.8860E-006,   2.4471E-011,   1.7427E-011,   1.6065E-011,   8.7712E-012,   8.4672E-012,   1.5436E-012,  
342.422,   6.2600E-008,   3.8721E-006,   2.4166E-011,   1.7662E-011,   1.6249E-011,   8.6847E-012,   4.7388E-012,   5.0321E-012,  
347.453,   6.0710E-008,   3.8638E-006,   7.6958E-012,   1.7332E-011,   1.6582E-011,   8.6500E-012,   8.0266E-012,   8.8640E-013,  
352.484,   6.0960E-008,   3.8660E-006,   2.3350E-011,   1.7164E-011,   1.6397E-011,   8.8863E-012,   4.0352E-012,   5.8855E-012,  
357.531,   6.2793E-008,   3.8563E-006,   2.2402E-011,   1.7015E-011,   1.6421E-011,   8.9496E-012,   5.0518E-012,   9.3009E-013,  
362.562,   6.1668E-008,   3.8757E-006,   2.2617E-011,   1.6687E-011,   1.6670E-011,   8.3049E-012,   6.0577E-012,   1.2895E-012,  
367.609,   6.2061E-008,   3.8624E-006,   2.3458E-011,   1.7494E-011,   1.6168E-011,   8.1791E-012,   4.3892E-012,   1.0772E-012,  
372.625,   6.0276E-008,   3.8658E-006,   2.2868E-011,   1.7164E-011,   1.6135E-011,   7.9170E-012,   4.5131E-012,   9.3455E-013,  
377.656,   6.0247E-008,   3.8337E-006,   2.2814E-011,   1.7847E-011,   1.6269E-011,   8.9246E-012,   4.8734E-012,   1.0478E-012,  
382.687,   5.9005E-008,   3.8573E-006,   2.3669E-011,   1.7647E-011,   1.6525E-011,   8.3610E-012,   4.8306E-012,   6.9093E-012,  
387.719,   5.9810E-008,   3.8342E-006,   5.4566E-012,   1.7283E-011,   1.6001E-011,   8.7891E-012,   8.6455E-012,   1.1414E-012,  
392.781,   5.7993E-008,   3.8609E-006,   2.2274E-011,   1.7155E-011,   1.6140E-011,   8.8239E-012,   4.8930E-012,   1.4464E-012,  
397.828,   5.6491E-008,   3.8637E-006,   2.3761E-011,   1.7554E-011,   1.5451E-011,   8.1987E-012,   4.5123E-012,   7.3881E-012,  
402.844,   5.6467E-008,   3.8636E-006,   2.3245E-011,   1.7960E-011,   1.6463E-011,   9.1547E-012,   5.1186E-012,   6.6890E-012,  
407.875,   6.0075E-008,   3.8397E-006,   2.3437E-011,   1.7958E-011,   1.6521E-011,   9.4695E-012,   5.6947E-012,   1.0237E-012,  
412.906,   5.8958E-008,   3.8492E-006,   2.0572E-011,   1.7168E-011,   1.6397E-011,   8.4333E-012,   9.5301E-012,   1.1905E-012,  
417.937,   6.0976E-008,   3.8275E-006,   2.1424E-011,   1.7259E-011,   1.5943E-011,   8.2638E-012,   4.5666E-012,   7.3337E-012,  
422.984,   5.7863E-008,   3.8199E-006,   7.2580E-012,   1.6760E-011,   1.5944E-011,   8.3753E-012,   6.0523E-012,   9.2029E-013,  
428.015,   5.7985E-008,   3.8505E-006,   2.4464E-011,   1.6505E-011,   1.6813E-011,   8.1943E-012,   5.6100E-012,   8.7570E-013,  
433.094,   5.9719E-008,   3.8394E-006,   2.3100E-011,   1.7101E-011,   1.5817E-011,   9.0548E-012,   4.6612E-012,   7.3222E-012,  
438.125,   6.0417E-008,   3.8261E-006,   2.1163E-011,   1.7650E-011,   1.6819E-011,   8.0498E-012,   4.6103E-012,   1.1022E-012,  
443.125,   5.9391E-008,   3.8362E-006,   2.1583E-011,   1.6818E-011,   1.6222E-011,   8.4092E-012,   4.3464E-012,   1.0612E-012,  
448.172,   5.6425E-008,   3.8322E-006,   2.3408E-011,   1.6719E-011,   1.6208E-011,   8.3165E-012,   4.6719E-012,   7.3480E-012,  
453.203,   5.7895E-008,   3.8153E-006,   2.3232E-011,   1.7134E-011,   1.5830E-011,   8.3958E-012,   5.1186E-012,  -3.5670E-013,  
458.234,   5.7108E-008,   3.8440E-006,   2.2142E-011,   1.7002E-011,   1.6236E-011,   8.6776E-012,   4.6531E-012,   1.1673E-012,  
463.281,   5.9153E-008,   3.8570E-006,   2.1790E-011,   1.7540E-011,   1.6574E-011,   8.2835E-012,   4.9492E-012,   1.0683E-012,  
468.297,   5.7322E-008,   3.8185E-006,   4.0129E-013,   1.6798E-011,   1.5827E-011,   8.9086E-012,   4.8074E-012,   1.2146E-012,  
473.344,   5.7745E-008,   3.8425E-006,   8.0900E-012,   1.7375E-011,   1.5962E-011,   8.2719E-012,   6.5802E-012,   1.1245E-012,  
478.359,   5.7614E-008,   3.8143E-006,   2.3966E-011,   1.6991E-011,   1.5806E-011,   8.9710E-012,   7.1554E-012,   1.1905E-012,  
483.406,   5.9057E-008,   3.8182E-006,   2.3175E-011,   1.7074E-011,   1.5953E-011,   8.4030E-012,   8.0186E-012,   9.7557E-013,  
488.422,   5.5979E-008,   3.8060E-006,   2.2945E-011,   1.7074E-011,   1.6801E-011,   8.5653E-012,   5.0749E-012,   9.7557E-013,  
493.484,   5.7677E-008,   3.8340E-006,   2.2121E-011,   1.6627E-011,   1.5870E-011,   8.8916E-012,   4.8244E-012,   1.1307E-012,  
498.500,   5.5556E-008,   3.8153E-006,   2.2947E-011,   1.6957E-011,   1.3504E-011,   7.9803E-012,   4.3080E-012,   9.8449E-013,  
503.500,   5.8217E-008,   3.8255E-006,   2.2797E-011,   1.7608E-011,   1.6339E-011,   8.5332E-012,   5.7099E-012,   7.2945E-013,  
508.531,   5.7904E-008,   3.8127E-006,   2.1518E-011,   1.7748E-011,   1.5754E-011,   8.3352E-012,   6.3314E-012,   6.3314E-013,  
513.562,   6.0043E-008,   3.8247E-006,   2.1521E-011,   1.7584E-011,   1.6240E-011,   8.3619E-012,   4.4668E-012,   9.1850E-013,  
518.609,   6.0334E-008,   3.8188E-006,   2.1072E-011,   1.6717E-011,   1.5960E-011,   8.9353E-012,   5.0473E-012,   6.7862E-013,  
523.625,   5.8360E-008,   3.8207E-006,   6.5294E-012,   1.6837E-011,   1.6129E-011,   8.4779E-012,   6.0853E-012,   6.9289E-013,  
528.656,   5.7357E-008,   3.8256E-006,   7.3311E-012,   1.7270E-011,   1.6033E-011,   8.6054E-012,   4.2947E-012,   1.3091E-012,  
533.703,   5.7907E-008,   3.8345E-006,   8.8747E-012,   1.7472E-011,   1.6280E-011,   7.8501E-012,   4.9501E-012,   9.6309E-013,  
538.719,   6.0340E-008,   3.8424E-006,   2.1679E-011,   1.7442E-011,   1.4649E-011,   8.2460E-012,   5.9034E-012,   1.1343E-012,  
543.765,   5.8935E-008,   3.8038E-006,   2.2124E-011,   1.7383E-011,   1.6649E-011,   7.9767E-012,   6.6712E-012,   5.5271E-012,  
548.828,   5.7020E-008,   3.8134E-006,   2.1653E-011,   1.7559E-011,   1.5930E-011,   8.5635E-012,   7.2794E-012,   5.1659E-012,  
553.875,   5.5669E-008,   3.7960E-006,   2.1060E-011,   1.6747E-011,   1.5509E-011,   9.2608E-012,   5.5458E-012,   6.9663E-012,  
558.890,   5.7160E-008,   3.7912E-006,   2.2999E-011,   1.7878E-011,   1.5545E-011,   1.0052E-011,   6.7925E-012,   8.1060E-012,  
563.906,   5.4607E-008,   3.8438E-006,   2.1777E-011,   1.6622E-011,   1.5933E-011,   8.4404E-012,   5.1044E-012,   1.0237E-012,  
568.937,   5.6921E-008,   3.8179E-006,   2.2044E-011,   1.7360E-011,   1.4551E-011,   8.0989E-012,   6.1673E-012,   6.1486E-012,  
573.984,   5.7863E-008,   3.8075E-006,   2.1977E-011,   1.6479E-011,   1.5520E-011,   8.6651E-012,   5.9792E-012,   8.8016E-013,  
579.015,   5.7915E-008,   3.8265E-006,   2.0187E-011,   1.7229E-011,   1.6139E-011,   8.1443E-012,   5.7830E-012,   7.1607E-013,  
584.047,   5.6833E-008,   3.8205E-006,   2.2339E-011,   1.7434E-011,   1.5705E-011,   8.5118E-012,   5.2738E-012,   1.0425E-012,  
590.047,   5.7942E-008,   3.8132E-006,   2.2114E-011,   1.7452E-011,   1.5640E-011,   7.8626E-012,   8.1399E-012,   6.3154E-012,  
595.094,   5.5528E-008,   3.8237E-006,   6.7095E-012,   1.6587E-011,   1.6364E-011,   7.8768E-012,   6.7925E-012,   6.5544E-013,  
601.094,   5.5332E-008,   3.8078E-006,   1.6113E-011,   1.6953E-011,   1.6016E-011,   7.7850E-012,   5.2818E-012,   5.8231E-013,  
606.140,   5.8457E-008,   3.8307E-006,   7.5112E-012,   1.7836E-011,   1.5962E-011,   8.0917E-012,   5.2693E-012,   9.2474E-013,  
611.156,   5.6891E-008,   3.7128E-006,   1.8526E-011,   1.7196E-011,   1.6266E-011,   9.9760E-012,   6.8691E-012,   5.9819E-012,  
616.172,   5.6079E-008,   3.7322E-006,   2.2118E-011,   1.7264E-011,   1.6048E-011,   8.0463E-012,   4.9956E-012,   7.7315E-012,  
621.219,   5.4635E-008,   3.7914E-006,   9.2430E-012,   1.7205E-011,   1.5877E-011,   7.5790E-012,   6.9762E-012,   9.8628E-013,  
626.219,   5.4072E-008,   3.8095E-006,   2.1169E-011,   1.7452E-011,   1.4972E-011,   7.3034E-012,   5.3773E-012,   7.3480E-013,  
631.265,   5.6810E-008,   3.7879E-006,   2.2090E-011,   1.7065E-011,   1.6158E-011,   8.1354E-012,   6.7398E-012,   6.9111E-013,  
636.312,   5.7126E-008,   3.7801E-006,   2.2664E-011,   1.7513E-011,   1.5780E-011,   7.9116E-012,   4.5087E-012,   7.0270E-013,  
642.312,   5.6451E-008,   3.8034E-006,   6.6533E-012,   1.6883E-011,   1.5533E-011,   7.9036E-012,   6.6203E-012,   8.2398E-013,  
647.359,   5.6614E-008,   3.7970E-006,   2.1599E-011,   1.7208E-011,   1.6463E-011,   8.0115E-012,   7.6084E-012,   1.2592E-012,  
652.390,   5.8243E-008,   3.7994E-006,   2.1208E-011,   1.6978E-011,   1.4863E-011,   7.5718E-012,   6.2369E-012,   7.3213E-013,  
657.406,   5.9311E-008,   3.7941E-006,   2.0296E-011,   1.7338E-011,   1.5624E-011,   7.4158E-012,   3.9148E-012,   4.8779E-013,  
662.437,   5.7565E-008,   3.7930E-006,   1.8997E-011,   1.6862E-011,   1.5260E-011,   9.3295E-012,   6.5561E-012,   5.4932E-013,  
667.484,   5.7038E-008,   3.7898E-006,   2.0734E-011,   1.6985E-011,   1.5854E-011,   7.9071E-012,   4.9733E-012,   7.2767E-013,  
672.515,   5.6370E-008,   3.7635E-006,   2.0924E-011,   1.6037E-011,   1.5808E-011,   8.1408E-012,   5.4334E-012,   1.0112E-012,  
677.531,   5.6512E-008,   3.7892E-006,   2.1045E-011,   1.6997E-011,   1.6017E-011,   9.0637E-012,   4.6424E-012,   1.2226E-012,  
682.594,   5.5650E-008,   3.7799E-006,   5.7741E-012,   1.7913E-011,   1.6283E-011,   7.8251E-012,   5.3327E-012,   8.4270E-013,  
687.656,   5.5041E-008,   3.7847E-006,   7.2330E-012,   1.6876E-011,   1.5048E-011,   7.8964E-012,   4.4971E-012,   6.8263E-012,  
692.687,   5.6222E-008,   3.7749E-006,   2.1482E-011,   1.7205E-011,   1.5059E-011,   7.8117E-012,   5.5779E-012,  -6.3849E-013,  
697.765,   5.6333E-008,   3.7614E-006,   2.0536E-011,   1.7824E-011,   1.6100E-011,   7.7092E-012,   5.3122E-012,   5.2881E-013,  
702.781,   5.6748E-008,   3.7819E-006,   1.9597E-011,   1.7094E-011,   1.5697E-011,   7.7056E-012,   7.6147E-012,   7.6958E-013,  
707.844,   5.8066E-008,   3.7900E-006,   2.0659E-011,   1.6591E-011,   1.5078E-011,   7.8412E-012,   4.8966E-012,   7.6245E-013,  
712.859,   5.5390E-008,   3.7525E-006,   2.0656E-011,   1.7902E-011,   1.5256E-011,   7.2901E-012,   7.8367E-012,   1.1477E-012,  
717.906,   5.5793E-008,   3.7658E-006,   6.5972E-012,   1.6653E-011,   1.6798E-011,   7.8420E-012,   4.5979E-012,   7.0983E-013,  
722.937,   5.5906E-008,   3.7525E-006,   2.0110E-011,   1.5797E-011,   1.5007E-011,   8.2906E-012,   5.9444E-012,   7.5799E-013,  
727.969,   5.6938E-008,   3.7679E-006,   2.1033E-011,   1.7114E-011,   1.6859E-011,   8.3173E-012,   4.2322E-012,   9.5774E-013,  
733.015,   5.5038E-008,   3.7779E-006,   5.1008E-012,   1.7328E-011,   1.7088E-011,   8.3182E-012,   5.7687E-012,   9.1137E-013,  
738.015,   5.4228E-008,   3.7570E-006,   2.1061E-011,   1.7035E-011,   1.6947E-011,   8.2478E-012,   6.4206E-012,   8.7213E-013,  
743.047,   5.4658E-008,   3.7498E-006,   2.1140E-011,   1.6908E-011,   1.6180E-011,   8.2023E-012,   4.9867E-012,   1.1370E-012,  
748.109,   5.6590E-008,   3.7824E-006,   2.0165E-011,   1.7017E-011,   1.5961E-011,   7.9829E-012,   3.8952E-012,   7.1518E-013,  
753.140,   5.6797E-008,   3.7491E-006,   1.9700E-011,   1.7397E-011,   1.5138E-011,   7.4042E-012,   5.6617E-012,   1.1619E-012,  
758.187,   5.6023E-008,   3.7585E-006,   1.9535E-011,   1.6901E-011,   1.4692E-011,   7.7868E-012,   4.8190E-012,   7.0983E-013,  
763.250,   5.4675E-008,   3.7522E-006,   1.6526E-011,   1.6740E-011,   1.6011E-011,   7.8590E-012,   7.7431E-012,   8.5340E-013,  
768.250,   5.7881E-008,   3.7612E-006,   2.0676E-011,   1.6882E-011,   1.6280E-011,   8.0391E-012,   4.4293E-012,   8.4984E-013,  
773.297,   5.3937E-008,   3.7385E-006,   1.9259E-011,   1.7850E-011,   1.6603E-011,   7.7422E-012,   8.5706E-012,   9.3990E-013,  
778.312,   5.6731E-008,   3.7765E-006,   2.1882E-011,   1.7921E-011,   1.5601E-011,   8.1961E-012,   4.5872E-012,   1.1379E-012,  
783.344,   5.4606E-008,   3.7479E-006,   9.4525E-014,   1.7492E-011,   1.4954E-011,   8.6393E-012,   4.5979E-012,   6.6792E-012,  
788.375,   5.4847E-008,   3.7697E-006,   2.1164E-011,   1.7034E-011,   1.5341E-011,   7.9936E-012,   8.0766E-012,   7.3409E-012,  
793.375,   5.5738E-008,   3.7483E-006,   2.0553E-011,   1.7851E-011,   1.5952E-011,   7.4969E-012,   8.5100E-012,   1.0291E-012,  
798.390,   5.5958E-008,   3.7624E-006,   7.8073E-012,   1.6962E-011,   1.6339E-011,   7.4746E-012,   7.7279E-012,   1.0728E-012,  
803.422,   5.3075E-008,   3.7782E-006,   1.9566E-011,   1.6883E-011,   1.5876E-011,   8.1577E-012,   8.9826E-012,   1.0086E-012,  
808.469,   5.4753E-008,   3.7449E-006,   2.0085E-011,   1.6936E-011,   1.6078E-011,   7.5085E-012,   8.4984E-012,   7.1697E-013,  
813.531,   5.3313E-008,   3.7588E-006,   1.9698E-011,   1.7191E-011,   1.6040E-011,   7.7217E-012,   7.1732E-012,   7.6423E-013,  
818.562,   5.4648E-008,   3.7534E-006,   1.9568E-011,   1.6667E-011,   1.4831E-011,   7.6913E-012,   7.8091E-012,   1.0656E-012,  
823.609,   5.4528E-008,   3.7718E-006,   1.2615E-011,   1.6923E-011,   1.5096E-011,   8.4092E-012,   4.5203E-012,   4.9670E-013,  
828.672,   5.7472E-008,   3.7617E-006,   7.0742E-012,   1.6931E-011,   1.5808E-011,   8.0516E-012,   5.6100E-012,   5.3683E-013,  
833.719,   5.7565E-008,   3.7380E-006,   1.9736E-011,   1.6582E-011,   1.5453E-011,   8.1488E-012,   7.6566E-012,   9.6309E-013,  
838.781,   5.4687E-008,   3.7761E-006,   2.0294E-011,   1.6655E-011,   1.5771E-011,   8.4351E-012,   4.5943E-012,   8.4181E-013,  
843.797,   5.5244E-008,   3.7512E-006,   1.9881E-011,   1.8152E-011,   1.6340E-011,   6.0612E-012,   6.2262E-012,   1.0068E-012,  
848.828,   5.5732E-008,   3.7388E-006,   1.9820E-011,   1.7251E-011,   1.5121E-011,   8.0008E-012,   6.4375E-012,   1.1851E-012,  
853.859,   5.4629E-008,   3.7166E-006,   1.9926E-011,   1.6906E-011,   1.6135E-011,   7.7475E-012,   6.7871E-012,   6.5767E-012,  
858.890,   5.3952E-008,   3.7460E-006,   7.4631E-012,   1.6475E-011,   1.6547E-011,   7.9285E-012,   5.3309E-012,   1.3341E-012,  
863.890,   5.3916E-008,   3.7490E-006,   2.1124E-011,   1.6611E-011,   1.5697E-011,   8.0498E-012,   5.3862E-012,   7.6155E-013,  
868.937,   5.2311E-008,   3.7106E-006,   1.9441E-011,   1.6836E-011,   1.5649E-011,   8.2719E-012,   5.6537E-012,   1.0469E-012,  
873.969,   5.6780E-008,   3.7440E-006,   2.0940E-011,   1.7623E-011,   1.5877E-011,   8.0989E-012,   7.4532E-012,   9.2564E-013,  
878.984,   5.1063E-008,   3.7280E-006,   2.0380E-011,   1.6809E-011,   1.5610E-011,   8.5546E-012,   4.3544E-012,   1.0665E-012,  
884.047,   5.2289E-008,   3.7472E-006,   2.0029E-011,   1.6909E-011,   1.5263E-011,   8.0052E-012,   5.0527E-012,   6.4144E-012,  
889.062,   5.2752E-008,   3.7595E-006,   4.9323E-012,   1.8209E-011,   1.5487E-011,   7.7662E-012,   6.1593E-012,   6.3849E-013,  
894.094,   5.4386E-008,   3.7359E-006,   1.8828E-011,   2.2755E-011,   1.5307E-011,   7.8617E-012,   5.0428E-012,   5.3594E-013,  
899.094,   5.4733E-008,   3.7420E-006,   2.0728E-011,   2.9776E-011,   1.4358E-011,   7.7912E-012,   4.5105E-012,   6.4206E-013,  
904.109,   5.5772E-008,   3.7246E-006,   1.8658E-011,   3.9026E-011,   1.5087E-011,   7.7618E-012,   4.0468E-012,   1.1397E-012,  
909.125,   5.2458E-008,   3.7306E-006,   1.9175E-011,   4.0142E-011,   1.5606E-011,   7.9125E-012,   5.6046E-012,   8.2308E-013,  
914.219,   5.3333E-008,   3.7624E-006,   2.0284E-011,   3.5985E-011,   1.5944E-011,   8.2121E-012,   4.0592E-012,   8.8105E-013,  
919.234,   8.2556E-009,   8.7814E-007,   6.3020E-012,   2.7983E-011,   1.5375E-011,   8.2594E-012,   7.6155E-012,   5.1169E-012,  
924.250,   3.4403E-008,   2.8750E-006,   9.7843E-012,   1.5255E-011,   1.0454E-011,   7.1171E-012,   6.7684E-012,   5.8320E-013,  
929.281,   5.1915E-008,   3.5001E-006,   2.0506E-011,   1.9202E-011,   1.5134E-011,   8.4520E-012,   4.6130E-012,   2.4791E-013,  
934.344,   5.2994E-008,   3.5172E-006,   1.8262E-011,   1.8902E-011,   1.5059E-011,   7.7502E-012,   7.0716E-012,   8.9532E-013,  
939.406,   4.9986E-008,   3.5071E-006,   6.4821E-012,   1.7891E-011,   1.4544E-011,   7.5781E-012,   4.5613E-012,   8.6259E-012,  
944.453,   5.0067E-008,   3.5207E-006,   1.9570E-011,   1.7491E-011,   1.5854E-011,   7.6673E-012,   8.7498E-012,   7.8572E-012,  
949.453,   5.0480E-008,   3.5088E-006,   7.2455E-012,   1.6949E-011,   1.4986E-011,   8.0150E-012,   4.2403E-012,   1.0922E-011,  
954.500,   5.0908E-008,   3.5332E-006,   1.9567E-011,   1.6928E-011,   1.5505E-011,   8.4056E-012,   5.0848E-012,   2.1406E-011,  
959.531,   4.8683E-008,   3.5462E-006,   1.8255E-011,   1.6966E-011,   1.3939E-011,   7.8429E-012,   5.8169E-012,   3.3141E-011,  
964.562,   5.2223E-008,   3.5137E-006,   1.8927E-011,   1.7245E-011,   1.4858E-011,   8.4154E-012,   6.2048E-012,   4.3533E-011,  
969.609,   5.0667E-008,   3.5308E-006,   1.9008E-011,   1.6778E-011,   1.5755E-011,   8.6794E-012,   4.9840E-012,   4.9407E-011,  
974.625,   5.2445E-008,   3.5117E-006,   1.9001E-011,   1.7082E-011,   1.5475E-011,   8.6205E-012,   5.3701E-012,   4.9625E-011,  
979.703,   4.9863E-008,   3.5407E-006,   1.8856E-011,   1.6623E-011,   1.5866E-011,   8.4966E-012,   4.5568E-012,   4.7720E-011,  
984.703,   4.8102E-008,   3.5345E-006,   1.9691E-011,   1.6812E-011,   1.5449E-011,   9.6247E-012,   4.0307E-012,   4.2227E-011,  
989.750,   5.1261E-008,   3.5257E-006,   1.8161E-011,   1.6834E-011,   1.5362E-011,   8.5109E-012,   8.3905E-012,   3.6185E-011,  
994.765,   5.0261E-008,   3.5180E-006,   2.1441E-011,   1.7839E-011,   1.5183E-011,   8.4110E-012,   4.5952E-012,   3.0922E-011,  
999.797,   4.9625E-008,   3.5112E-006,   1.9434E-011,   1.7352E-011,   1.5655E-011,   8.1319E-012,   5.3781E-012,   2.5076E-011,  
1004.812,   4.8368E-008,   3.5119E-006,   1.9246E-011,   1.6988E-011,   1.5794E-011,   8.0953E-012,   8.2014E-012,   2.0191E-011,  
1009.859,   4.8973E-008,   3.5315E-006,   1.9824E-011,   1.7460E-011,   1.5586E-011,   8.1078E-012,   4.9251E-012,   1.6162E-011,  
1014.844,   5.0491E-008,   3.5359E-006,   1.9227E-011,   1.7092E-011,   1.5684E-011,   7.9945E-012,   7.8634E-012,   1.2604E-011,  
1019.875,   5.0471E-008,   3.5399E-006,   8.0935E-012,   1.6534E-011,   1.5050E-011,   8.1372E-012,   5.2809E-012,   1.0468E-011,  
1024.906,   5.0555E-008,   3.5247E-006,   1.9338E-011,   1.6842E-011,   1.4575E-011,   7.4827E-012,   5.2105E-012,   7.5977E-012,  
1029.937,   5.1388E-008,   3.5097E-006,   1.9432E-011,   1.6671E-011,   1.5758E-011,   7.1162E-012,   8.0793E-012,   6.3626E-012,  
1034.969,   5.0411E-008,   3.5275E-006,   7.0520E-012,   1.6863E-011,   1.5137E-011,   7.7939E-012,   6.0826E-012,   8.5661E-012,  
1040.015,   5.0939E-008,   3.5362E-006,   1.9427E-011,   1.6463E-011,   1.5143E-011,   7.2883E-012,   4.9082E-012,   8.2656E-012,  
1045.047,   4.8859E-008,   3.5162E-006,   1.9297E-011,   1.6869E-011,   1.2745E-011,   6.7800E-012,   4.6424E-012,   7.7538E-012,  
1050.062,   5.2404E-008,   3.5167E-006,   1.8773E-011,   1.6233E-011,   1.4621E-011,   7.4978E-012,   5.1463E-012,   8.5644E-012,  
1055.094,   5.0864E-008,   3.5227E-006,   2.0520E-011,   1.6442E-011,   1.5088E-011,   7.6031E-012,   5.7714E-012,   7.7832E-012,  
1060.156,   5.0628E-008,   3.5025E-006,   2.0625E-011,   1.6828E-011,   1.5964E-011,   7.5567E-012,   6.1129E-012,   7.1875E-012,  
1065.203,   5.0365E-008,   3.5057E-006,   1.9773E-011,   1.6153E-011,   1.5313E-011,   7.9392E-012,   5.2060E-012,   6.3091E-012,  
1070.265,   5.0416E-008,   3.5275E-006,   1.8981E-011,   1.6714E-011,   1.5187E-011,   7.3534E-012,   8.6116E-012,   6.9342E-012,  
1075.250,   4.7781E-008,   3.4972E-006,   1.9619E-011,   1.6517E-011,   1.4935E-011,   7.3284E-012,   7.1019E-012,   7.0680E-012,  
1080.328,   5.0762E-008,   3.5201E-006,   1.9205E-011,   1.6633E-011,   1.5112E-011,   8.2103E-012,   3.8211E-012,   6.0068E-012,  
1085.359,   5.0402E-008,   3.5207E-006,   1.9726E-011,   1.6398E-011,   1.5235E-011,   7.7306E-012,   5.9970E-012,   6.2815E-012,  
1090.422,   5.1841E-008,   3.5332E-006,   1.9316E-011,   1.6304E-011,   1.4870E-011,   7.2597E-012,   6.9030E-012,   1.2868E-012,  
1095.469,   5.0649E-008,   3.5419E-006,   5.3781E-012,   1.6382E-011,   1.4817E-011,   7.7003E-012,   8.8355E-012,   8.0445E-012,  
1100.484,   4.7681E-008,   3.5292E-006,   1.9308E-011,   1.6586E-011,   1.5125E-011,   7.9954E-012,   7.3400E-012,   5.7143E-012,  
1105.531,   4.9313E-008,   3.5110E-006,  -2.5326E-013,   1.6533E-011,   1.5761E-011,   7.9321E-012,   6.0692E-012,   1.2788E-012,  
1110.578,   4.8994E-008,   3.5436E-006,   5.9765E-012,   1.6745E-011,   1.5630E-011,   7.1590E-012,   5.7438E-012,   1.1673E-012,  
1115.578,   4.9064E-008,   3.5268E-006,   1.9412E-011,   1.6484E-011,   1.4967E-011,   7.8697E-012,   7.1732E-012,   1.2163E-012,  
1120.640,   5.2129E-008,   3.5437E-006,   1.9705E-011,   1.6442E-011,   1.5437E-011,   7.5906E-012,   4.4382E-012,   5.3817E-012,  
1125.672,   5.3236E-008,   3.5135E-006,   4.5069E-012,   1.5953E-011,   1.4751E-011,   7.5148E-012,   6.1005E-012,   1.1316E-012,  
1130.687,   5.0605E-008,   3.5074E-006,   1.8120E-011,   1.6032E-011,   1.5313E-011,   7.5299E-012,   5.5547E-012,   8.6856E-013,  
1135.750,   4.8704E-008,   3.5464E-006,   1.9343E-011,   1.6475E-011,   1.4791E-011,   6.1745E-012,   3.7792E-012,   8.8818E-013,  
1140.750,   4.9115E-008,   3.5424E-006,   1.8976E-011,   1.5725E-011,   1.4814E-011,   7.3748E-012,   6.8736E-012,   5.4843E-013,  
1145.781,   4.8561E-008,   3.5347E-006,   1.9744E-011,   1.6694E-011,   1.5461E-011,   7.0127E-012,   4.0851E-012,   1.0576E-012,  
1150.828,   5.0515E-008,   3.5363E-006,   5.4183E-012,   1.6593E-011,   1.5589E-011,   6.9111E-012,   5.0366E-012,   6.0755E-012,  
1155.875,   5.0631E-008,   3.5248E-006,   1.9616E-011,   1.6720E-011,   1.4725E-011,   7.6913E-012,   4.2661E-012,   6.0193E-013,  
1160.875,   5.0644E-008,   3.5278E-006,   1.8286E-011,   1.6487E-011,   1.5821E-011,   7.3106E-012,   7.7395E-012,   9.5417E-013,  
1165.937,   5.2396E-008,   3.5431E-006,   1.9283E-011,   1.6918E-011,   1.4428E-011,   7.3837E-012,   5.5422E-012,   7.8563E-013,  
1170.969,   2.7389E-009,   7.1589E-007,   1.8963E-011,   1.4039E-011,   1.1493E-011,   6.4500E-012,   7.0564E-012,   2.8447E-013,  
1176.015,   2.3333E-009,   6.8981E-007,   1.0498E-011,   1.3790E-011,   1.0476E-011,   7.0359E-012,   7.9089E-012,   2.4256E-013,  
