Aug 07, 2026  09:48:05 AM
Residual Gas Analyzer Software 
Software Version, 3.214.004

Analog Scan Setup:

Data Points in Scan, 891 
Units, Torr 
Noise Floor, 2 
CEM Status, ON 
Points Per AMU, 10
Scan Start Mass, 1, amu 
Scan Stop Mass, 90, amu
Focus Voltage, 90, Volts 
Ion Energy, HIGH 
Electron Energy, 70, eV 
CEM Voltage, 1159, Volts
CEM Gain, 1.01E+003 
Sensitivity Factor, 1.11E-004 
Filament Current, 1.00, mAmps


  1.00,   7.67E-014, 
  1.10,   2.73E-012, 
  1.20,  -9.75E-013, 
  1.30,  -9.88E-013, 
  1.40,   2.68E-012, 
  1.50,   2.08E-012, 
  1.60,   1.65E-012, 
  1.70,   4.30E-013, 
  1.80,   5.91E-013, 
  1.90,   4.18E-013, 
  2.00,   1.34E-012, 
  2.10,   1.89E-012, 
  2.20,   2.15E-012, 
  2.30,   2.67E-012, 
  2.40,   1.70E-012, 
  2.50,   6.78E-013, 
  2.60,   9.81E-015, 
  2.70,  -2.89E-013, 
  2.80,  -5.35E-014, 
  2.90,   7.76E-014, 
  3.00,  -8.92E-016, 
  3.10,  -3.21E-014, 
  3.20,  -1.35E-013, 
  3.30,   5.62E-014, 
  3.40,   1.16E-013, 
  3.50,   2.26E-012, 
  3.60,   3.96E-012, 
  3.70,   4.41E-012, 
  3.80,   5.10E-012, 
  3.90,   6.45E-012, 
  4.00,   5.38E-012, 
  4.10,   7.95E-012, 
  4.20,   9.09E-012, 
  4.30,   1.07E-011, 
  4.40,   6.19E-012, 
  4.50,   2.77E-012, 
  4.60,  -1.42E-012, 
  4.70,  -7.84E-013, 
  4.80,  -4.85E-013, 
  4.90,  -1.80E-013, 
  5.00,  -2.12E-013, 
  5.10,  -3.46E-013, 
  5.20,  -2.35E-013, 
  5.30,   1.13E-013, 
  5.40,  -6.24E-015, 
  5.50,  -2.11E-013, 
  5.60,  -2.84E-013, 
  5.70,  -3.00E-013, 
  5.80,  -9.01E-014, 
  5.90,  -1.45E-013, 
  6.00,  -2.34E-013, 
  6.10,  -2.41E-013, 
  6.20,  -1.61E-013, 
  6.30,  -1.80E-013, 
  6.40,  -2.26E-013, 
  6.50,  -2.69E-013, 
  6.60,  -2.70E-013, 
  6.70,  -5.43E-013, 
  6.80,  -2.84E-013, 
  6.90,  -4.84E-013, 
  7.00,  -2.49E-013, 
  7.10,  -2.14E-013, 
  7.20,  -5.13E-013, 
  7.30,  -3.08E-013, 
  7.40,  -1.51E-013, 
  7.50,  -2.66E-013, 
  7.60,  -2.39E-013, 
  7.70,  -3.93E-013, 
  7.80,  -3.69E-013, 
  7.90,  -3.66E-013, 
  8.00,  -3.96E-013, 
  8.10,  -4.09E-013, 
  8.20,  -3.07E-013, 
  8.30,  -1.84E-013, 
  8.40,  -1.44E-013, 
  8.50,  -1.44E-013, 
  8.60,  -5.44E-014, 
  8.70,  -2.28E-013, 
  8.80,  -1.60E-013, 
  8.90,   3.57E-015, 
  9.00,   1.81E-013, 
  9.10,  -1.36E-013, 
  9.20,  -2.55E-013, 
  9.30,  -3.20E-013, 
  9.40,  -1.11E-013, 
  9.50,  -2.70E-013, 
  9.60,  -2.23E-013, 
  9.70,  -2.85E-014, 
  9.80,   8.92E-014, 
  9.90,  -2.90E-013, 
 10.00,  -9.27E-014, 
 10.10,  -2.12E-013, 
 10.20,  -4.66E-013, 
 10.30,  -2.67E-013, 
 10.40,  -3.76E-013, 
 10.50,  -2.36E-013, 
 10.60,  -1.69E-013, 
 10.70,  -1.48E-013, 
 10.80,  -1.29E-013, 
 10.90,   1.29E-013, 
 11.00,  -8.92E-016, 
 11.10,  -9.90E-014, 
 11.20,  -2.87E-013, 
 11.30,  -4.41E-013, 
 11.40,  -5.62E-013, 
 11.50,  -6.24E-013, 
 11.60,  -5.88E-013, 
 11.70,  -5.06E-013, 
 11.80,  -4.49E-013, 
 11.90,  -2.18E-013, 
 12.00,  -4.08E-013, 
 12.10,  -2.27E-013, 
 12.20,  -2.58E-013, 
 12.30,  -2.64E-013, 
 12.40,  -3.20E-013, 
 12.50,  -1.99E-013, 
 12.60,  -3.12E-014, 
 12.70,  -2.76E-014, 
 12.80,   1.48E-013, 
 12.90,  -9.99E-014, 
 13.00,  -1.56E-013, 
 13.10,  -1.03E-013, 
 13.20,   6.33E-014, 
 13.30,   1.16E-014, 
 13.40,   8.11E-014, 
 13.50,   6.87E-014, 
 13.60,   2.14E-013, 
 13.70,   3.34E-013, 
 13.80,   1.10E-013, 
 13.90,   1.20E-012, 
 14.00,   3.30E-012, 
 14.10,   2.04E-012, 
 14.20,   1.43E-012, 
 14.30,  -3.59E-013, 
 14.40,  -2.05E-012, 
 14.50,  -1.12E-012, 
 14.60,  -7.54E-013, 
 14.70,  -5.56E-013, 
 14.80,  -4.57E-013, 
 14.90,  -4.87E-013, 
 15.00,  -1.51E-013, 
 15.10,   3.30E-014, 
 15.20,  -4.35E-013, 
 15.30,  -3.39E-013, 
 15.40,  -2.84E-013, 
 15.50,  -2.41E-012, 
 15.60,   1.10E-012, 
 15.70,   2.42E-013, 
 15.80,   1.69E-013, 
 15.90,   2.14E-013, 
 16.00,   4.82E-013, 
 16.10,   8.02E-013, 
 16.20,   2.91E-013, 
 16.30,  -1.25E-014, 
 16.40,  -6.87E-013, 
 16.50,  -1.82E-012, 
 16.60,  -2.11E-012, 
 16.70,  -1.70E-012, 
 16.80,  -1.95E-012, 
 16.90,  -2.45E-012, 
 17.00,  -1.45E-013, 
 17.10,   3.19E-013, 
 17.20,   2.41E-013, 
 17.30,   2.68E-012, 
 17.40,  -8.08E-013, 
 17.50,  -9.13E-012, 
 17.60,  -8.65E-012, 
 17.70,  -4.30E-012, 
 17.80,  -8.76E-012, 
 17.90,  -7.74E-012, 
 18.00,  -3.00E-012, 
 18.10,   6.65E-012, 
 18.20,   5.85E-012, 
 18.30,   1.61E-011, 
 18.40,   2.64E-012, 
 18.50,   3.54E-013, 
 18.60,  -2.19E-013, 
 18.70,  -3.64E-013, 
 18.80,  -4.06E-013, 
 18.90,  -4.28E-013, 
 19.00,  -5.24E-013, 
 19.10,  -2.85E-013, 
 19.20,   1.94E-012, 
 19.30,   2.35E-012, 
 19.40,   1.03E-012, 
 19.50,  -2.40E-012, 
 19.60,  -1.09E-012, 
 19.70,  -1.49E-012, 
 19.80,  -1.46E-013, 
 19.90,   7.54E-013, 
 20.00,   4.98E-013, 
 20.10,   6.30E-013, 
 20.20,   4.63E-013, 
 20.30,   1.26E-012, 
 20.40,  -5.52E-013, 
 20.50,  -3.09E-013, 
 20.60,  -2.63E-013, 
 20.70,  -1.07E-014, 
 20.80,  -2.41E-014, 
 20.90,   2.02E-012, 
 21.00,   3.10E-012, 
 21.10,   6.83E-013, 
 21.20,  -1.79E-012, 
 21.30,  -1.02E-012, 
 21.40,  -5.27E-013, 
 21.50,  -1.74E-013, 
 21.60,  -4.14E-013, 
 21.70,  -2.97E-013, 
 21.80,  -2.76E-013, 
 21.90,  -4.76E-013, 
 22.00,  -6.94E-013, 
 22.10,  -6.93E-013, 
 22.20,  -3.41E-013, 
 22.30,  -2.93E-013, 
 22.40,  -1.85E-013, 
 22.50,  -3.37E-013, 
 22.60,  -3.01E-013, 
 22.70,  -4.36E-013, 
 22.80,  -3.76E-013, 
 22.90,  -4.24E-013, 
 23.00,  -2.69E-013, 
 23.10,  -4.41E-013, 
 23.20,  -4.60E-013, 
 23.30,  -4.55E-013, 
 23.40,  -3.74E-013, 
 23.50,  -1.94E-013, 
 23.60,  -3.98E-013, 
 23.70,  -5.01E-013, 
 23.80,  -2.96E-013, 
 23.90,  -3.32E-013, 
 24.00,  -3.12E-013, 
 24.10,  -3.60E-013, 
 24.20,  -1.82E-013, 
 24.30,  -1.80E-013, 
 24.40,  -2.16E-013, 
 24.50,  -8.92E-015, 
 24.60,   4.28E-014, 
 24.70,  -8.29E-014, 
 24.80,  -2.18E-013, 
 24.90,  -2.03E-013, 
 25.00,  -2.23E-013, 
 25.10,  -2.24E-013, 
 25.20,  -2.13E-013, 
 25.30,  -3.39E-014, 
 25.40,  -2.56E-013, 
 25.50,  -5.31E-013, 
 25.60,  -2.47E-013, 
 25.70,  -2.03E-013, 
 25.80,  -1.73E-013, 
 25.90,  -4.99E-014, 
 26.00,   4.90E-014, 
 26.10,  -4.74E-013, 
 26.20,  -3.05E-013, 
 26.30,   2.50E-014, 
 26.40,  -1.66E-013, 
 26.50,  -3.23E-013, 
 26.60,  -2.49E-013, 
 26.70,  -2.97E-013, 
 26.80,  -2.83E-013, 
 26.90,  -1.90E-013, 
 27.00,  -3.29E-013, 
 27.10,  -1.41E-013, 
 27.20,  -2.14E-014, 
 27.30,  -1.84E-013, 
 27.40,   6.96E-014, 
 27.50,   1.46E-012, 
 27.60,   2.44E-012, 
 27.70,   4.61E-012, 
 27.80,   6.33E-012, 
 27.90,   7.65E-012, 
 28.00,   8.43E-012, 
 28.10,   8.93E-012, 
 28.20,   8.22E-012, 
 28.30,   4.73E-012, 
 28.40,   1.72E-012, 
 28.50,   3.17E-012, 
 28.60,  -7.04E-013, 
 28.70,  -4.84E-013, 
 28.80,  -2.96E-013, 
 28.90,  -2.92E-013, 
 29.00,  -3.28E-013, 
 29.10,  -5.03E-013, 
 29.20,  -4.28E-013, 
 29.30,  -3.68E-013, 
 29.40,  -4.01E-014, 
 29.50,   2.68E-015, 
 29.60,   3.51E-013, 
 29.70,   7.58E-014, 
 29.80,  -6.33E-014, 
 29.90,   1.29E-013, 
 30.00,   1.26E-013, 
 30.10,   2.94E-012, 
 30.20,   1.69E-012, 
 30.30,  -2.25E-012, 
 30.40,  -1.34E-012, 
 30.50,  -7.23E-013, 
 30.60,  -4.03E-013, 
 30.70,  -3.17E-013, 
 30.80,  -2.68E-013, 
 30.90,  -3.81E-013, 
 31.00,  -4.22E-013, 
 31.10,  -3.05E-013, 
 31.20,  -1.78E-015, 
 31.30,  -1.46E-013, 
 31.40,   2.86E-012, 
 31.50,  -7.79E-013, 
 31.60,   2.84E-013, 
 31.70,   2.00E-012, 
 31.80,   2.85E-012, 
 31.90,   2.77E-012, 
 32.00,   4.11E-012, 
 32.10,   4.40E-012, 
 32.20,   3.94E-012, 
 32.30,   2.11E-012, 
 32.40,   1.63E-012, 
 32.50,   2.64E-012, 
 32.60,  -1.29E-012, 
 32.70,  -7.13E-013, 
 32.80,  -6.27E-013, 
 32.90,  -4.89E-013, 
 33.00,  -7.10E-013, 
 33.10,  -3.11E-013, 
 33.20,  -6.78E-014, 
 33.30,   1.63E-013, 
 33.40,   2.95E-013, 
 33.50,   1.45E-013, 
 33.60,   2.92E-013, 
 33.70,  -1.61E-014, 
 33.80,   2.94E-014, 
 33.90,   1.30E-013, 
 34.00,   3.91E-013, 
 34.10,   2.72E-013, 
 34.20,  -1.43E-014, 
 34.30,  -1.33E-013, 
 34.40,  -2.68E-015, 
 34.50,  -1.49E-013, 
 34.60,  -1.99E-013, 
 34.70,  -2.68E-014, 
 34.80,  -1.96E-014, 
 34.90,  -3.74E-013, 
 35.00,  -3.46E-013, 
 35.10,  -1.89E-013, 
 35.20,  -2.30E-013, 
 35.30,  -3.65E-013, 
 35.40,  -6.58E-013, 
 35.50,  -4.66E-013, 
 35.60,  -2.27E-013, 
 35.70,  -8.83E-014, 
 35.80,  -2.23E-014, 
 35.90,  -2.46E-013, 
 36.00,   1.34E-014, 
 36.10,   2.32E-014, 
 36.20,  -1.25E-014, 
 36.30,  -6.06E-014, 
 36.40,  -1.44E-013, 
 36.50,  -1.24E-013, 
 36.60,  -1.44E-013, 
 36.70,  -1.53E-013, 
 36.80,  -2.27E-013, 
 36.90,  -4.90E-014, 
 37.00,  -1.33E-013, 
 37.10,  -1.61E-013, 
 37.20,  -2.68E-014, 
 37.30,   1.37E-013, 
 37.40,  -4.55E-014, 
 37.50,  -2.59E-014, 
 37.60,   2.68E-015, 
 37.70,  -1.42E-013, 
 37.80,  -1.52E-013, 
 37.90,  -3.48E-013, 
 38.00,  -2.95E-013, 
 38.10,  -1.83E-013, 
 38.20,   1.38E-013, 
 38.30,   1.09E-013, 
 38.40,  -2.41E-013, 
 38.50,  -3.44E-013, 
 38.60,  -1.98E-013, 
 38.70,   1.83E-013, 
 38.80,   3.15E-013, 
 38.90,   5.91E-013, 
 39.00,   3.97E-013, 
 39.10,   5.71E-013, 
 39.20,   5.20E-013, 
 39.30,   2.22E-013, 
 39.40,   1.54E-012, 
 39.50,   2.40E-012, 
 39.60,   5.01E-012, 
 39.70,   6.53E-012, 
 39.80,   8.78E-012, 
 39.90,   1.12E-011, 
 40.00,   1.16E-011, 
 40.10,   1.08E-011, 
 40.20,   7.22E-012, 
 40.30,   2.96E-012, 
 40.40,   3.20E-012, 
 40.50,   5.78E-012, 
 40.60,   6.50E-012, 
 40.70,   7.11E-012, 
 40.80,   8.96E-012, 
 40.90,   1.21E-011, 
 41.00,   1.54E-011, 
 41.10,   1.69E-011, 
 41.20,   1.54E-011, 
 41.30,   1.41E-011, 
 41.40,   1.90E-011, 
 41.50,   3.14E-011, 
 41.60,   4.15E-011, 
 41.70,   4.37E-011, 
 41.80,   4.91E-011, 
 41.90,   5.52E-011, 
 42.00,   5.82E-011, 
 42.10,   5.02E-011, 
 42.20,   2.76E-011, 
 42.30,   9.89E-012, 
 42.40,   5.66E-012, 
 42.50,   6.43E-012, 
 42.60,   8.45E-012, 
 42.70,   1.08E-011, 
 42.80,   1.31E-011, 
 42.90,   1.57E-011, 
 43.00,   1.72E-011, 
 43.10,   1.56E-011, 
 43.20,   1.02E-011, 
 43.30,   4.28E-012, 
 43.40,   2.19E-012, 
 43.50,  -9.08E-013, 
 43.60,  -1.48E-012, 
 43.70,  -5.13E-013, 
 43.80,  -2.59E-014, 
 43.90,   1.32E-013, 
 44.00,   3.04E-012, 
 44.10,   2.19E-012, 
 44.20,   8.20E-013, 
 44.30,  -2.24E-012, 
 44.40,  -1.25E-012, 
 44.50,  -6.62E-013, 
 44.60,  -6.58E-013, 
 44.70,  -2.88E-013, 
 44.80,  -2.44E-013, 
 44.90,  -5.32E-013, 
 45.00,  -3.19E-013, 
 45.10,  -1.65E-013, 
 45.20,  -6.78E-014, 
 45.30,  -1.49E-013, 
 45.40,  -2.00E-013, 
 45.50,   1.43E-014, 
 45.60,   1.82E-013, 
 45.70,   1.08E-013, 
 45.80,  -1.33E-013, 
 45.90,  -1.27E-013, 
 46.00,   4.99E-014, 
 46.10,  -1.56E-013, 
 46.20,  -5.16E-013, 
 46.30,  -3.47E-013, 
 46.40,  -4.49E-013, 
 46.50,  -3.02E-013, 
 46.60,  -2.11E-013, 
 46.70,  -4.74E-013, 
 46.80,  -2.92E-013, 
 46.90,  -4.28E-014, 
 47.00,  -1.06E-013, 
 47.10,   4.28E-014, 
 47.20,   2.33E-013, 
 47.30,  -1.17E-013, 
 47.40,  -3.57E-013, 
 47.50,  -2.96E-013, 
 47.60,  -1.17E-013, 
 47.70,  -2.11E-013, 
 47.80,  -1.44E-013, 
 47.90,   3.92E-014, 
 48.00,  -4.73E-014, 
 48.10,  -2.01E-013, 
 48.20,  -3.46E-013, 
 48.30,  -4.69E-013, 
 48.40,  -4.87E-013, 
 48.50,  -3.56E-013, 
 48.60,  -3.97E-013, 
 48.70,  -2.77E-013, 
 48.80,  -5.35E-015, 
 48.90,  -1.72E-013, 
 49.00,  -2.89E-013, 
 49.10,  -1.38E-013, 
 49.20,  -1.29E-013, 
 49.30,  -2.50E-014, 
 49.40,  -1.53E-013, 
 49.50,  -1.75E-013, 
 49.60,  -3.08E-013, 
 49.70,  -2.66E-013, 
 49.80,  -2.41E-013, 
 49.90,  -2.02E-013, 
 50.00,  -3.34E-013, 
 50.10,  -4.38E-013, 
 50.20,  -2.47E-013, 
 50.30,  -2.29E-013, 
 50.40,   8.03E-014, 
 50.50,   1.18E-013, 
 50.60,  -1.86E-013, 
 50.70,  -3.75E-013, 
 50.80,  -3.04E-013, 
 50.90,  -3.12E-014, 
 51.00,   1.61E-013, 
 51.10,   3.39E-014, 
 51.20,  -2.85E-014, 
 51.30,   3.92E-014, 
 51.40,  -2.14E-013, 
 51.50,  -2.14E-013, 
 51.60,  -1.26E-013, 
 51.70,  -2.10E-013, 
 51.80,  -8.38E-014, 
 51.90,  -2.85E-014, 
 52.00,  -1.03E-013, 
 52.10,  -8.11E-014, 
 52.20,  -2.59E-013, 
 52.30,  -6.48E-013, 
 52.40,  -6.36E-013, 
 52.50,  -2.22E-013, 
 52.60,  -8.92E-015, 
 52.70,  -1.24E-013, 
 52.80,  -1.94E-013, 
 52.90,   2.41E-014, 
 53.00,  -1.52E-014, 
 53.10,   9.36E-014, 
 53.20,  -2.33E-013, 
 53.30,  -1.97E-013, 
 53.40,  -1.57E-013, 
 53.50,  -1.36E-013, 
 53.60,  -3.57E-015, 
 53.70,  -1.71E-013, 
 53.80,  -3.14E-013, 
 53.90,  -1.89E-013, 
 54.00,  -1.63E-013, 
 54.10,   7.67E-014, 
 54.20,   1.20E-013, 
 54.30,  -1.50E-013, 
 54.40,  -1.39E-013, 
 54.50,  -1.47E-013, 
 54.60,  -1.92E-013, 
 54.70,  -6.06E-014, 
 54.80,  -2.18E-013, 
 54.90,  -4.33E-013, 
 55.00,  -3.31E-013, 
 55.10,  -2.19E-013, 
 55.20,   1.60E-013, 
 55.30,  -9.54E-014, 
 55.40,  -1.34E-013, 
 55.50,  -1.96E-014, 
 55.60,  -3.07E-013, 
 55.70,  -2.65E-013, 
 55.80,  -2.41E-013, 
 55.90,  -2.85E-014, 
 56.00,  -5.71E-014, 
 56.10,   5.89E-014, 
 56.20,   1.60E-013, 
 56.30,   1.22E-013, 
 56.40,  -5.89E-014, 
 56.50,   8.56E-014, 
 56.60,  -1.05E-013, 
 56.70,  -4.89E-013, 
 56.80,  -3.83E-013, 
 56.90,   1.28E-013, 
 57.00,   2.02E-013, 
 57.10,   2.28E-013, 
 57.20,   3.21E-014, 
 57.30,  -5.89E-014, 
 57.40,  -2.35E-013, 
 57.50,  -2.18E-013, 
 57.60,  -9.90E-014, 
 57.70,  -4.09E-013, 
 57.80,  -9.01E-014, 
 57.90,  -8.92E-016, 
 58.00,   2.32E-014, 
 58.10,  -9.99E-014, 
 58.20,  -2.29E-013, 
 58.30,  -2.35E-013, 
 58.40,  -4.97E-013, 
 58.50,  -2.35E-013, 
 58.60,  -5.35E-014, 
 58.70,  -2.28E-013, 
 58.80,  -1.99E-013, 
 58.90,  -1.30E-013, 
 59.00,  -3.43E-013, 
 59.10,  -4.02E-013, 
 59.20,  -2.68E-013, 
 59.30,  -1.82E-013, 
 59.40,  -3.50E-013, 
 59.50,  -2.63E-013, 
 59.60,  -2.19E-013, 
 59.70,   2.68E-015, 
 59.80,   1.35E-013, 
 59.90,   6.15E-014, 
 60.00,   7.04E-014, 
 60.10,  -5.44E-014, 
 60.20,   0.00E+000, 
 60.30,  -1.39E-013, 
 60.40,  -3.25E-013, 
 60.50,  -1.22E-013, 
 60.60,  -2.49E-013, 
 60.70,  -2.26E-013, 
 60.80,  -2.87E-013, 
 60.90,  -4.11E-013, 
 61.00,  -4.63E-013, 
 61.10,  -1.50E-013, 
 61.20,   1.92E-013, 
 61.30,   2.50E-014, 
 61.40,   7.76E-014, 
 61.50,   1.60E-013, 
 61.60,   1.59E-013, 
 61.70,   4.63E-013, 
 61.80,   2.84E-013, 
 61.90,   3.64E-013, 
 62.00,  -3.39E-014, 
 62.10,  -3.17E-013, 
 62.20,  -2.13E-013, 
 62.30,  -1.36E-013, 
 62.40,  -2.21E-013, 
 62.50,  -1.29E-013, 
 62.60,  -3.22E-013, 
 62.70,  -3.03E-013, 
 62.80,  -6.33E-014, 
 62.90,  -1.76E-013, 
 63.00,  -5.62E-014, 
 63.10,  -6.96E-014, 
 63.20,  -5.80E-014, 
 63.30,  -8.56E-014, 
 63.40,  -6.51E-014, 
 63.50,  -3.29E-013, 
 63.60,  -4.07E-013, 
 63.70,   3.48E-014, 
 63.80,   2.32E-013, 
 63.90,   2.09E-013, 
 64.00,   1.33E-013, 
 64.10,   1.08E-013, 
 64.20,   2.68E-015, 
 64.30,   3.21E-014, 
 64.40,   1.52E-013, 
 64.50,   1.96E-013, 
 64.60,   3.66E-014, 
 64.70,  -8.92E-016, 
 64.80,   2.68E-015, 
 64.90,  -2.38E-013, 
 65.00,  -2.09E-013, 
 65.10,  -9.45E-014, 
 65.20,  -2.17E-013, 
 65.30,  -5.97E-014, 
 65.40,  -1.70E-013, 
 65.50,  -3.22E-013, 
 65.60,  -9.99E-014, 
 65.70,  -8.29E-014, 
 65.80,  -2.24E-013, 
 65.90,  -4.46E-014, 
 66.00,   8.56E-014, 
 66.10,   2.50E-014, 
 66.20,  -2.23E-014, 
 66.30,   1.31E-013, 
 66.40,   6.51E-014, 
 66.50,  -1.39E-013, 
 66.60,  -2.16E-013, 
 66.70,  -2.42E-013, 
 66.80,  -3.42E-013, 
 66.90,  -2.74E-013, 
 67.00,  -9.54E-014, 
 67.10,  -1.78E-014, 
 67.20,  -2.84E-013, 
 67.30,  -2.26E-013, 
 67.40,  -1.67E-013, 
 67.50,  -1.12E-013, 
 67.60,  -2.94E-014, 
 67.70,  -2.24E-013, 
 67.80,  -2.91E-013, 
 67.90,  -1.87E-013, 
 68.00,  -3.02E-013, 
 68.10,  -5.64E-013, 
 68.20,  -2.70E-013, 
 68.30,  -2.40E-013, 
 68.40,  -6.18E-013, 
 68.50,  -5.65E-013, 
 68.60,  -3.94E-013, 
 68.70,  -2.54E-013, 
 68.80,  -1.72E-013, 
 68.90,  -3.02E-013, 
 69.00,  -1.89E-013, 
 69.10,  -9.01E-014, 
 69.20,  -1.87E-014, 
 69.30,  -1.31E-013, 
 69.40,  -2.76E-013, 
 69.50,  -2.84E-013, 
 69.60,  -4.04E-013, 
 69.70,  -4.70E-013, 
 69.80,  -3.72E-013, 
 69.90,  -4.42E-013, 
 70.00,  -3.26E-013, 
 70.10,  -3.80E-013, 
 70.20,  -3.65E-013, 
 70.30,  -2.65E-013, 
 70.40,  -3.98E-013, 
 70.50,  -3.47E-013, 
 70.60,  -2.53E-013, 
 70.70,  -2.34E-013, 
 70.80,  -2.43E-013, 
 70.90,  -2.42E-013, 
 71.00,  -4.99E-013, 
 71.10,  -2.69E-013, 
 71.20,  -2.52E-013, 
 71.30,  -5.80E-014, 
 71.40,   3.75E-014, 
 71.50,   2.65E-013, 
 71.60,   4.00E-013, 
 71.70,   3.59E-013, 
 71.80,   1.11E-013, 
 71.90,  -1.96E-014, 
 72.00,  -2.36E-013, 
 72.10,  -9.01E-014, 
 72.20,  -2.88E-013, 
 72.30,  -3.92E-013, 
 72.40,  -2.63E-013, 
 72.50,  -5.35E-013, 
 72.60,  -2.71E-013, 
 72.70,  -2.68E-013, 
 72.80,  -1.78E-015, 
 72.90,   0.00E+000, 
 73.00,   1.87E-014, 
 73.10,   3.39E-014, 
 73.20,  -1.85E-013, 
 73.30,  -3.49E-013, 
 73.40,   6.42E-014, 
 73.50,  -6.42E-014, 
 73.60,  -3.47E-013, 
 73.70,  -1.74E-013, 
 73.80,  -1.16E-013, 
 73.90,  -1.96E-013, 
 74.00,  -3.52E-013, 
 74.10,  -3.88E-013, 
 74.20,  -3.75E-013, 
 74.30,  -2.16E-013, 
 74.40,  -3.71E-013, 
 74.50,  -2.02E-013, 
 74.60,  -2.02E-013, 
 74.70,  -1.29E-013, 
 74.80,  -3.34E-013, 
 74.90,  -2.82E-013, 
 75.00,  -2.50E-014, 
 75.10,   2.85E-014, 
 75.20,  -6.51E-014, 
 75.30,  -1.28E-013, 
 75.40,  -1.48E-013, 
 75.50,  -2.58E-013, 
 75.60,  -2.63E-013, 
 75.70,  -2.26E-013, 
 75.80,  -2.94E-013, 
 75.90,  -2.39E-013, 
 76.00,  -2.76E-014, 
 76.10,   1.19E-013, 
 76.20,  -1.03E-013, 
 76.30,  -4.25E-013, 
 76.40,  -4.43E-013, 
 76.50,  -3.14E-013, 
 76.60,  -1.65E-013, 
 76.70,   1.19E-013, 
 76.80,   1.56E-013, 
 76.90,   7.94E-014, 
 77.00,   2.80E-013, 
 77.10,   3.03E-013, 
 77.20,   3.21E-014, 
 77.30,  -2.59E-013, 
 77.40,   1.17E-013, 
 77.50,   2.65E-013, 
 77.60,   7.29E-013, 
 77.70,   1.40E-012, 
 77.80,   3.99E-012, 
 77.90,   2.82E-012, 
 78.00,   2.25E-012, 
 78.10,   1.69E-012, 
 78.20,  -6.37E-013, 
 78.30,  -1.46E-012, 
 78.40,  -8.78E-013, 
 78.50,  -5.53E-013, 
 78.60,  -5.04E-013, 
 78.70,  -1.85E-013, 
 78.80,  -4.19E-014, 
 78.90,  -7.13E-014, 
 79.00,  -2.47E-013, 
 79.10,  -1.35E-013, 
 79.20,  -1.01E-013, 
 79.30,   2.99E-013, 
 79.40,   4.10E-012, 
 79.50,   5.23E-012, 
 79.60,   5.74E-012, 
 79.70,   6.55E-012, 
 79.80,   9.24E-012, 
 79.90,   1.18E-011, 
 80.00,   1.25E-011, 
 80.10,   8.89E-012, 
 80.20,   4.62E-012, 
 80.30,   2.22E-012, 
 80.40,   3.21E-014, 
 80.50,  -1.50E-012, 
 80.60,  -4.63E-013, 
 80.70,   3.81E-013, 
 80.80,   1.83E-012, 
 80.90,   3.68E-012, 
 81.00,   2.22E-012, 
 81.10,   2.07E-012, 
 81.20,   2.55E-012, 
 81.30,   3.14E-012, 
 81.40,   8.10E-012, 
 81.50,   2.05E-011, 
 81.60,   2.88E-011, 
 81.70,   3.96E-011, 
 81.80,   5.67E-011, 
 81.90,   7.01E-011, 
 82.00,   6.25E-011, 
 82.10,   3.56E-011, 
 82.20,   1.54E-011, 
 82.30,   9.23E-012, 
 82.40,   1.29E-011, 
 82.50,   2.48E-011, 
 82.60,   3.25E-011, 
 82.70,   4.17E-011, 
 82.80,   6.01E-011, 
 82.90,   7.44E-011, 
 83.00,   6.81E-011, 
 83.10,   4.04E-011, 
 83.20,   2.13E-011, 
 83.30,   1.85E-011, 
 83.40,   5.25E-011, 
 83.50,   1.34E-010, 
 83.60,   1.47E-010, 
 83.70,   2.05E-010, 
 83.80,   2.99E-010, 
 83.90,   3.42E-010, 
 84.00,   2.60E-010, 
 84.10,   1.17E-010, 
 84.20,   2.82E-011, 
 84.30,   1.09E-011, 
 84.40,   5.45E-012, 
 84.50,   3.08E-012, 
 84.60,   2.17E-012, 
 84.70,   1.92E-012, 
 84.80,   1.72E-012, 
 84.90,   1.80E-012, 
 85.00,   2.06E-012, 
 85.10,   2.30E-012, 
 85.20,   2.68E-012, 
 85.30,   3.96E-012, 
 85.40,   1.12E-011, 
 85.50,   3.01E-011, 
 85.60,   4.07E-011, 
 85.70,   5.66E-011, 
 85.80,   8.29E-011, 
 85.90,   9.79E-011, 
 86.00,   8.16E-011, 
 86.10,   4.36E-011, 
 86.20,   1.54E-011, 
 86.30,   5.98E-012, 
 86.40,   3.04E-012, 
 86.50,   1.59E-012, 
 86.60,  -1.52E-012, 
 86.70,  -1.22E-012, 
 86.80,  -8.11E-013, 
 86.90,  -4.58E-013, 
 87.00,  -6.42E-014, 
 87.10,  -1.25E-014, 
 87.20,  -1.19E-013, 
 87.30,   5.80E-014, 
 87.40,  -1.25E-013, 
 87.50,  -3.14E-013, 
 87.60,  -3.23E-013, 
 87.70,  -1.50E-013, 
 87.80,  -4.55E-014, 
 87.90,  -2.48E-013, 
 88.00,  -1.07E-013, 
 88.10,  -3.17E-013, 
 88.20,  -3.50E-013, 
 88.30,  -2.36E-013, 
 88.40,  -2.89E-013, 
 88.50,   1.03E-013, 
 88.60,   1.36E-013, 
 88.70,   1.15E-013, 
 88.80,   1.07E-014, 
 88.90,  -1.69E-014, 
 89.00,  -4.34E-013, 
 89.10,  -4.05E-013, 
 89.20,  -1.97E-013, 
 89.30,  -1.94E-013, 
 89.40,  -1.66E-013, 
 89.50,  -1.95E-013, 
 89.60,  -1.39E-013, 
 89.70,   3.48E-014, 
 89.80,  -8.11E-014, 
 89.90,  -2.01E-013, 
 90.00,  -1.96E-014, 
