Aug 07, 2026  01:04:03 PM
Residual Gas Analyzer Software 
RGA Software Version, 3.214.004

Pressure vs Time Scan Setup:

Active channels in Scan, 8 
Units, Torr
Sample Period, 1.00, sec
Focus Voltage, 90, Volts 
Ion Energy, HIGH 
Electron Energy, 70, eV 
CEM Voltage, 1159, Volts
CEM Gain, 1.01E+003 
Sensitivity Factor, 1.11E-004 
Filament Current, 1.00, mAmps
Start time, Aug 07, 2026  01:04:03 PM 
Channel,  Mass(amu),     Name,                 Cal Factor,  Noise Floor, CEM Status

1         2.00           Hydrogen              1.00         3            OFF
2         4.00           Helium                1.00         3            OFF
3         26.00          Dummy-26              1.00         3            ON
4         28.00          Nitrogen              1.00         3            ON
5         32.00          Oxygen                1.00         3            ON
6         40.00          Argon                 1.00         3            ON
7         44.00          CO2                   1.00         3            ON
8         84.00          Krypton               1.00         3            ON


Time(s)      Channel#1   Channel#2   Channel#3   Channel#4   Channel#5   Channel#6   Channel#7   Channel#8   

0.000,   3.4190E-008,   2.4912E-006,   1.6044E-011,   3.7564E-010,   6.7006E-011,   1.7765E-011,   7.2918E-012,   7.3748E-013,  
5.593,   4.1641E-008,   2.8043E-006,   2.5887E-011,   3.3426E-011,   2.1280E-011,   1.5849E-011,   6.8665E-012,   1.2975E-012,  
10.640,   4.1449E-008,   2.8830E-006,   2.7250E-011,   1.8762E-011,   1.7839E-011,   1.7743E-011,   7.8884E-012,   2.3988E-013,  
15.640,   4.4548E-008,   2.9273E-006,   2.7497E-011,   1.5607E-011,   1.7913E-011,   1.7692E-011,   6.3769E-012,   5.6448E-013,  
20.671,   4.4181E-008,   2.9368E-006,   2.6322E-011,   1.4197E-011,   1.7617E-011,   1.7677E-011,   6.6346E-012,  -3.8345E-013,  
25.718,   4.3900E-008,   2.9609E-006,   2.6184E-011,   1.5138E-011,   1.7308E-011,   1.8598E-011,   4.0931E-012,   6.4117E-013,  
30.750,   4.5348E-008,   2.9413E-006,   2.5437E-011,   1.3421E-011,   1.7528E-011,   1.8284E-011,   6.0229E-012,   5.8855E-013,  
35.750,   4.5725E-008,   2.9628E-006,   2.5527E-011,   1.2796E-011,   1.6958E-011,   1.8630E-011,   8.6125E-012,   1.7032E-013,  
40.781,   4.7220E-008,   2.9422E-006,   2.4637E-011,   1.4238E-011,   1.6466E-011,   1.8161E-011,   7.8956E-012,   2.8893E-013,  
46.796,   4.5021E-008,   2.9485E-006,   6.8228E-012,   1.3782E-011,   1.6548E-011,   1.8966E-011,   6.8165E-012,   2.5504E-013,  
51.796,   4.5841E-008,   2.9544E-006,   2.4492E-011,   1.3689E-011,   1.6445E-011,   1.8720E-011,   8.8863E-012,  -7.4729E-013,  
56.859,   4.3834E-008,   2.9600E-006,   2.6670E-011,   1.4191E-011,   1.6593E-011,   1.8762E-011,   7.0279E-012,   6.1709E-013,  
61.890,   4.6773E-008,   2.9419E-006,   2.6305E-011,   1.4192E-011,   1.6208E-011,   1.8214E-011,   8.6830E-012,   5.9747E-014,  
66.906,   4.5563E-008,   2.9373E-006,   2.5434E-011,   1.4645E-011,   1.6255E-011,   1.8971E-011,   7.8260E-012,   3.9505E-013,  
71.968,   4.5668E-008,   2.9395E-006,   2.7285E-011,   1.3978E-011,   1.7409E-011,   1.9028E-011,   7.1688E-012,   1.7478E-013,  
77.015,   4.8270E-008,   2.9279E-006,   2.6065E-011,   1.3813E-011,   1.8149E-011,   1.9452E-011,   7.9384E-012,   4.4677E-013,  
83.015,   4.8448E-008,   2.9435E-006,   2.6235E-011,   1.3922E-011,   1.8508E-011,   1.9724E-011,   6.5900E-012,   3.5670E-014,  
89.000,   4.6249E-008,   2.9484E-006,   2.5430E-011,   1.4104E-011,   1.8136E-011,   1.9339E-011,   6.9378E-012,   2.9695E-013,  
94.015,   4.7119E-008,   2.9471E-006,   2.4576E-011,   1.3982E-011,   1.6520E-011,   1.9282E-011,   7.7966E-012,   2.3810E-013,  
99.062,   4.8624E-008,   2.9651E-006,   2.4100E-011,   1.3916E-011,   1.6975E-011,   1.9281E-011,   7.5888E-012,   2.3721E-013,  
104.093,   4.7304E-008,   2.9229E-006,   2.5551E-011,   1.4041E-011,   1.6760E-011,   1.9354E-011,   7.4006E-012,   2.4612E-013,  
109.125,   4.3815E-008,   2.9382E-006,   2.4998E-011,   1.2721E-011,   1.7298E-011,   1.9078E-011,   7.4140E-012,   6.8040E-013,  
114.140,   4.6850E-008,   2.9199E-006,   2.6258E-011,   1.3795E-011,   1.6621E-011,   1.8577E-011,   9.2965E-012,   2.1224E-013,  
120.140,   4.4063E-008,   2.9184E-006,   7.2365E-012,   1.4072E-011,   1.6520E-011,   1.9204E-011,   8.4921E-012,   4.6460E-013,  
125.171,   4.5866E-008,   2.9272E-006,   2.7190E-011,   1.3414E-011,   1.6131E-011,   1.8975E-011,   8.0641E-012,   8.1952E-013,  
130.218,   4.6136E-008,   2.9321E-006,   2.4710E-011,   1.3816E-011,   1.5519E-011,   2.0012E-011,   6.1361E-012,   4.2001E-013,  
135.250,   4.5706E-008,   2.9195E-006,   2.6399E-011,   1.4289E-011,   1.7220E-011,   1.9834E-011,   6.3671E-012,  -3.0944E-013,  
140.250,   4.2123E-008,   2.9375E-006,   2.5912E-011,   1.4574E-011,   1.5619E-011,   1.9663E-011,   6.5223E-012,   4.3072E-013,  
145.281,   4.6005E-008,   2.9093E-006,   2.5885E-011,   1.3971E-011,   1.6066E-011,   1.9907E-011,   8.1060E-012,   1.2395E-013,  
151.265,   4.3042E-008,   2.9420E-006,   6.7702E-012,   1.3448E-011,   1.6016E-011,   1.9273E-011,   6.6337E-012,   2.8804E-013,  
156.312,   4.5716E-008,   2.9243E-006,   2.3651E-011,   1.4991E-011,   1.6104E-011,   1.8861E-011,   7.4176E-012,   4.7263E-014,  
162.312,   4.5944E-008,   2.9471E-006,   2.4444E-011,   1.4164E-011,   1.5804E-011,   1.9072E-011,   7.7333E-012,   9.1850E-014,  
167.343,   4.8218E-008,   2.9254E-006,   2.5377E-011,   1.3637E-011,   1.6487E-011,   1.9145E-011,   6.9628E-012,   1.2395E-013,  
172.359,   4.5127E-008,   2.9415E-006,   2.5208E-011,   1.4305E-011,   1.5678E-011,   1.9648E-011,   6.7532E-012,   6.3314E-014,  
177.421,   4.7201E-008,   2.9298E-006,   6.9164E-012,   1.4634E-011,   1.5631E-011,   2.0021E-011,   7.3373E-012,   1.2484E-014,  
182.437,   4.5547E-008,   2.9157E-006,   2.4319E-011,   1.3832E-011,   1.5436E-011,   1.9221E-011,   6.7470E-012,   1.7389E-013,  
187.500,   4.8208E-008,   2.9294E-006,   2.4139E-011,   1.3935E-011,   1.6023E-011,   1.9171E-011,   7.2553E-012,   2.4077E-013,  
193.500,   4.7442E-008,   2.9329E-006,   9.9965E-013,   1.3622E-011,   1.6256E-011,   1.9110E-011,   6.6239E-012,   2.1848E-013,  
199.515,   4.7162E-008,   2.9401E-006,   6.3849E-012,   1.4000E-011,   1.6364E-011,   1.9627E-011,   8.4886E-012,   3.0676E-013,  
204.578,   4.6728E-008,   2.9422E-006,   7.6958E-012,   1.4030E-011,   1.6963E-011,   1.8776E-011,   6.6364E-012,   1.6230E-013,  
210.546,   4.8369E-008,   2.9612E-006,   6.8263E-012,   1.3420E-011,   1.6372E-011,   1.9981E-011,   8.0498E-012,   7.3391E-013,  
216.546,   4.6341E-008,   2.9352E-006,   2.3429E-011,   1.3906E-011,   1.6066E-011,   1.7507E-011,   7.7859E-012,   3.3708E-013,  
221.578,   4.4657E-008,   2.9279E-006,   7.0288E-012,   1.3757E-011,   1.5753E-011,   1.9046E-011,   6.8281E-012,   1.5160E-014,  
226.593,   4.5435E-008,   2.9396E-006,   2.4223E-011,   1.3795E-011,   1.5761E-011,   1.9157E-011,   6.5330E-012,   6.0639E-014,  
232.578,   4.3777E-008,   2.9076E-006,   2.3763E-011,   1.4470E-011,   1.6493E-011,   2.0672E-011,   6.5954E-012,   7.4015E-013,  
237.578,   4.1650E-008,   2.9092E-006,   2.4722E-011,   1.6308E-011,   1.4222E-011,   1.9067E-011,   6.7693E-012,   6.1977E-013,  
243.593,   4.3683E-008,   2.9374E-006,   2.3996E-011,   1.5765E-011,   1.6253E-011,   2.0164E-011,   5.2916E-012,   7.4015E-013,  
249.578,   4.9069E-008,   2.9430E-006,   2.4929E-011,   2.3070E-011,   1.5443E-011,   1.8891E-011,   8.4413E-012,   3.9059E-013,  
254.640,   4.8299E-008,   2.9163E-006,   2.3268E-011,   2.2551E-011,   1.6294E-011,   2.0227E-011,   8.1586E-012,   4.0931E-013,  
259.687,   4.6338E-008,   2.9238E-006,   2.4357E-011,   2.0328E-011,   1.5640E-011,   1.8951E-011,   6.6418E-012,   1.7746E-013,  
264.718,   4.7018E-008,   2.9354E-006,   2.4086E-011,   1.7286E-011,   1.6297E-011,   2.0397E-011,   8.3236E-012,   3.8791E-013,  
269.718,   4.4083E-008,   2.9215E-006,   2.4888E-011,   1.5819E-011,   1.5341E-011,   1.7677E-011,   7.8046E-012,   4.1734E-013,  
274.781,   4.5464E-008,   2.9180E-006,   2.2917E-011,   1.5079E-011,   1.5998E-011,   1.9110E-011,   6.5428E-012,   3.5313E-013,  
279.765,   4.1244E-008,   2.9208E-006,   2.2447E-011,   1.4964E-011,   1.5702E-011,   1.8849E-011,   8.0757E-012,   3.3351E-013,  
284.812,   4.3755E-008,   2.9157E-006,   2.3301E-011,   1.5178E-011,   1.5641E-011,   1.8809E-011,   7.4283E-012,   3.2460E-013,  
289.828,   4.4866E-008,   2.9085E-006,   2.4809E-011,   1.3995E-011,   1.6213E-011,   1.9027E-011,   6.5374E-012,   2.6307E-013,  
294.828,   4.5216E-008,   2.8934E-006,   7.4880E-012,   1.4348E-011,   1.6017E-011,   1.9155E-011,   6.6096E-012,   1.5338E-013,  
299.828,   4.1226E-008,   2.9068E-006,   1.1860E-011,   1.4451E-011,   1.5529E-011,   1.9303E-011,   6.7300E-012,   6.3493E-013,  
304.843,   4.4853E-008,   2.9020E-006,   2.3779E-011,   1.3896E-011,   1.6126E-011,   1.9975E-011,   7.2009E-012,   3.8434E-013,  
309.890,   4.3435E-008,   2.9190E-006,   2.3866E-011,   1.3605E-011,   1.6164E-011,   1.9707E-011,   8.2469E-012,   3.1479E-013,  
314.906,   4.3522E-008,   2.8797E-006,   2.4419E-011,   1.1301E-011,   1.5933E-011,   1.8546E-011,   7.1848E-012,   1.5606E-013,  
319.953,   4.1574E-008,   2.9090E-006,   2.4681E-011,   1.3694E-011,   1.5960E-011,   1.9426E-011,   8.2737E-012,   2.2205E-013,  
324.968,   4.1623E-008,   2.8933E-006,   6.4037E-012,   1.3671E-011,   1.5628E-011,   1.9229E-011,   7.0092E-012,   2.7555E-013,  
330.000,   4.5291E-008,   2.9074E-006,   2.2952E-011,   1.4057E-011,   1.5871E-011,   1.8650E-011,   7.2678E-012,   3.0498E-013,  
336.015,   4.6061E-008,   2.9149E-006,  -2.3096E-013,   1.3332E-011,   1.5211E-011,   1.8976E-011,   7.9401E-012,   4.8154E-013,  
341.062,   4.6315E-008,   2.9054E-006,   2.3038E-011,   1.3452E-011,   1.6299E-011,   1.8936E-011,   8.1666E-012,   2.4701E-013,  
346.078,   4.4453E-008,   2.9212E-006,   2.2349E-011,   1.2128E-011,   1.5549E-011,   1.8897E-011,   6.4812E-012,   6.0371E-013,  
352.078,   4.4927E-008,   2.9122E-006,   6.1326E-012,   1.3495E-011,   1.6440E-011,   1.9306E-011,   6.5472E-012,   2.3185E-014,  
357.093,   4.3350E-008,   2.8996E-006,   7.3248E-012,   1.4533E-011,   1.5741E-011,   1.9002E-011,   7.6093E-012,   4.7709E-013,  
362.125,   4.4405E-008,   2.9126E-006,   2.2996E-011,   1.3764E-011,   1.5222E-011,   1.8920E-011,   7.7386E-012,   9.1850E-014,  
367.125,   4.5850E-008,   2.8844E-006,   2.1358E-011,   1.3729E-011,   1.5783E-011,   1.9038E-011,   6.8638E-012,   1.6408E-013,  
372.140,   4.5858E-008,   2.9201E-006,   2.2514E-011,   1.3620E-011,   1.5257E-011,   1.7615E-011,   6.6863E-012,   2.8982E-013,  
377.203,   3.9888E-008,   2.8994E-006,   2.4143E-011,   1.3700E-011,   1.4946E-011,   1.9145E-011,   7.9714E-012,  -6.0371E-013,  
382.218,   4.3992E-008,   2.8975E-006,   2.2699E-011,   1.3753E-011,   1.3977E-011,   1.8527E-011,   8.2032E-012,   4.3696E-013,  
388.218,   4.2125E-008,   2.8981E-006,   6.7862E-012,   1.3913E-011,   1.5493E-011,   1.9753E-011,   8.2308E-012,   4.3963E-013,  
393.265,   4.3317E-008,   2.8894E-006,   2.3600E-011,   1.3870E-011,   1.5813E-011,   1.9157E-011,   6.3903E-012,   2.9606E-013,  
398.281,   4.1587E-008,   2.8949E-006,   2.1900E-011,   1.3285E-011,   1.5858E-011,   1.9421E-011,   5.9382E-012,   6.4206E-014,  
403.281,   4.1287E-008,   2.9035E-006,   5.7714E-012,   1.4042E-011,   1.5466E-011,   1.9023E-011,   6.3974E-012,   1.2128E-013,  
408.328,   4.3105E-008,   2.8803E-006,   7.2098E-012,   1.3682E-011,   1.5682E-011,   1.9250E-011,   6.9218E-012,   3.6383E-013,  
413.328,   4.0504E-008,   2.8763E-006,   6.3020E-012,   1.3986E-011,   1.5731E-011,   1.9041E-011,   8.0480E-012,   3.0319E-013,  
418.359,   4.4011E-008,   2.8885E-006,   2.2166E-011,   1.4086E-011,   1.5607E-011,   1.8755E-011,   6.6944E-012,  -7.6334E-013,  
423.359,   4.1303E-008,   2.8959E-006,   2.2009E-011,   1.3881E-011,   1.5333E-011,   1.8585E-011,   7.1046E-012,  -4.1912E-014,  
428.406,   4.3327E-008,   2.8901E-006,   2.1536E-011,   1.4427E-011,   1.6160E-011,   1.8837E-011,   6.8299E-012,   1.4536E-013,  
433.406,   4.2559E-008,   2.8828E-006,   2.3073E-011,   1.3788E-011,   1.5748E-011,   1.9226E-011,   8.0971E-012,  -7.3123E-014,  
438.437,   4.1228E-008,   2.8904E-006,   6.5668E-012,   1.3329E-011,   1.5630E-011,   1.8350E-011,   6.4447E-012,   3.4511E-013,  
443.484,   4.2652E-008,   2.8849E-006,   2.1478E-011,   1.3434E-011,   1.6147E-011,   1.8514E-011,   7.0038E-012,   3.9237E-013,  
448.500,   4.1867E-008,   2.8573E-006,   2.2005E-011,   1.2936E-011,   1.5207E-011,   1.8369E-011,   8.3245E-012,   4.0753E-013,  
453.515,   4.2190E-008,   2.8870E-006,   6.5356E-012,   1.3544E-011,   1.5566E-011,   1.9458E-011,   7.2776E-012,   4.8154E-013,  
458.546,   4.2207E-008,   2.8671E-006,   2.2160E-011,   1.3619E-011,   1.5452E-011,   1.9548E-011,   7.6931E-012,   4.8154E-013,  
463.578,   3.9940E-008,   2.8724E-006,   6.7666E-012,   1.4429E-011,   1.5658E-011,   1.9083E-011,   6.1450E-012,  -8.9175E-014,  
468.593,   4.3235E-008,   2.8862E-006,   2.1053E-011,   1.0873E-011,   1.5161E-011,   1.9119E-011,   5.8410E-012,   4.2091E-013,  
473.593,   3.8917E-008,   2.8836E-006,   2.3068E-011,   1.2616E-011,   1.5336E-011,   1.8563E-011,   6.4366E-012,   1.3911E-013,  
478.640,   4.2673E-008,   2.8755E-006,   1.9882E-011,   1.3322E-011,   1.5184E-011,   1.8088E-011,   7.4515E-012,  -6.6881E-014,  
483.671,   4.2704E-008,   2.8788E-006,   2.2094E-011,   1.3210E-011,   1.5499E-011,   1.8569E-011,   7.9464E-012,   3.3619E-013,  
488.718,   4.2096E-008,   2.8581E-006,   2.1918E-011,   1.3362E-011,   1.2334E-011,   1.8835E-011,   6.3279E-012,   9.5417E-014,  
493.750,   4.1932E-008,   2.8860E-006,   2.2724E-011,   1.4420E-011,   1.5818E-011,   1.9096E-011,   7.8626E-012,   1.2930E-013,  
498.750,   3.9087E-008,   2.8616E-006,   2.1682E-011,   1.3508E-011,   1.5461E-011,   1.8514E-011,   8.0543E-012,   1.5606E-013,  
503.796,   3.9875E-008,   2.8723E-006,   5.7179E-012,   1.3963E-011,   1.4879E-011,   1.8094E-011,   7.8367E-012,  -4.2804E-014,  
508.828,   4.0275E-008,   2.8672E-006,   2.3312E-011,   1.3994E-011,   1.5688E-011,   1.8869E-011,   6.5740E-012,  -1.6051E-013,  
513.843,   4.3746E-008,   2.8769E-006,  -2.1402E-013,   1.3595E-011,   1.4972E-011,   1.7923E-011,   7.2196E-012,   1.4803E-013,  
518.828,   4.1692E-008,   2.8887E-006,   2.1902E-011,   1.3730E-011,   1.4863E-011,   1.8770E-011,   7.6334E-012,   2.4791E-013,  
523.906,   4.1318E-008,   2.8615E-006,   2.1925E-011,   1.3750E-011,   1.5389E-011,   1.7905E-011,   8.6696E-012,   2.1848E-013,  
528.921,   4.1649E-008,   2.8579E-006,   6.6284E-012,   1.3533E-011,   1.5394E-011,   1.8621E-011,   7.3141E-012,   9.1850E-014,  
533.968,   4.1787E-008,   2.8704E-006,   6.0577E-012,   1.3314E-011,   1.4953E-011,   1.8636E-011,   6.2378E-012,   2.5415E-013,  
539.968,   3.9445E-008,   2.8820E-006,   6.8700E-012,   1.3134E-011,   1.6151E-011,   1.8778E-011,   8.5100E-012,   2.5772E-013,  
545.953,   4.2048E-008,   2.8768E-006,   2.3008E-011,   1.3757E-011,   1.5256E-011,   1.8847E-011,   6.5749E-012,   8.4092E-013,  
550.984,   4.0477E-008,   2.8660E-006,   5.6448E-012,   1.3400E-011,   1.6046E-011,   1.9634E-011,   6.8843E-012,   1.3465E-013,  
556.015,   4.0359E-008,   2.8535E-006,   5.5351E-012,   1.3351E-011,   1.5162E-011,   1.9073E-011,   7.6245E-012,   8.2933E-014,  
561.046,   3.7676E-008,   2.8530E-006,   2.2146E-011,   1.4107E-011,   1.5343E-011,   1.8091E-011,   7.8412E-012,   2.7288E-013,  
566.046,   4.1270E-008,   2.8628E-006,   2.1928E-011,   1.3745E-011,   1.5505E-011,   1.8597E-011,   8.4386E-012,   4.0396E-013,  
571.078,   4.0669E-008,   2.8624E-006,   4.9831E-012,   1.3499E-011,   1.5408E-011,   1.8350E-011,   6.5338E-012,   4.3072E-013,  
576.093,   4.2791E-008,   2.8717E-006,   5.7197E-012,   1.3481E-011,   1.5195E-011,   1.8044E-011,   7.8099E-012,   1.0523E-013,  
581.125,   3.8861E-008,   2.8577E-006,   1.9915E-011,   1.3814E-011,   1.5400E-011,   1.8573E-011,   8.4948E-012,   2.4969E-014,  
586.125,   4.0873E-008,   2.8500E-006,   2.1480E-011,   1.4371E-011,   1.4972E-011,   1.9087E-011,   6.4625E-012,   8.3824E-014,  
591.171,   3.9137E-008,   2.8611E-006,   2.1159E-011,   1.3274E-011,   1.4373E-011,   1.8671E-011,   6.8477E-012,   5.9212E-013,  
597.171,   4.3096E-008,   2.8723E-006,   2.0080E-011,   1.3848E-011,   1.5538E-011,   1.8291E-011,   7.6343E-012,  -3.8345E-014,  
602.187,   3.8523E-008,   2.8568E-006,   2.0258E-011,   1.3739E-011,   1.5853E-011,   1.8849E-011,   9.9965E-013,   3.3976E-013,  
607.187,   4.0265E-008,   2.8380E-006,   2.1746E-011,   1.3712E-011,   1.5331E-011,   1.8656E-011,   5.9034E-012,   2.6752E-013,  
612.234,   4.0061E-008,   2.8405E-006,   1.4776E-012,   1.3974E-011,   1.5551E-011,   1.8792E-011,   6.9227E-012,  -1.3287E-013,  
617.234,   4.0562E-008,   2.8411E-006,   2.1622E-011,   1.3756E-011,   1.5369E-011,   1.8928E-011,   7.1064E-012,   2.3185E-014,  
622.296,   3.9756E-008,   2.8337E-006,   2.1608E-011,   1.3110E-011,   1.5184E-011,   1.8445E-011,   5.8579E-012,   3.3173E-013,  
627.328,   4.2082E-008,   2.8378E-006,   2.1795E-011,   1.3272E-011,   1.5427E-011,   1.8406E-011,   8.1212E-012,  -6.4741E-013,  
632.359,   4.0862E-008,   2.8405E-006,   5.5725E-012,   1.3704E-011,   1.5331E-011,   1.7814E-011,   6.9610E-012,   6.9824E-013,  
637.390,   4.0625E-008,   2.8325E-006,   2.1291E-011,   1.4000E-011,   1.6029E-011,   1.9201E-011,   6.9895E-012,   5.0116E-013,  
643.390,   3.8327E-008,   2.8319E-006,   1.9819E-011,   1.3416E-011,   1.5512E-011,   1.9186E-011,   6.5080E-012,   4.9492E-013,  
648.421,   4.1609E-008,   2.8580E-006,   5.9667E-012,   1.3897E-011,   1.5302E-011,   1.8097E-011,   7.6173E-012,   2.0154E-013,  
653.500,   4.0678E-008,   2.8317E-006,   1.9612E-011,   1.2310E-011,   1.4578E-011,   1.8225E-011,   5.9926E-012,  -3.2103E-014,  
658.500,   4.0526E-008,   2.8458E-006,   2.3239E-012,   1.3329E-011,   1.5063E-011,   1.8877E-011,   6.3118E-012,   2.8625E-013,  
663.531,   3.8945E-008,   2.8354E-006,   2.1300E-011,   1.3786E-011,   1.4044E-011,   1.8446E-011,   7.5460E-012,   3.6383E-013,  
668.593,   3.8822E-008,   2.8439E-006,   6.4652E-012,   1.4012E-011,   1.4960E-011,   1.8160E-011,   7.8697E-012,   8.9175E-016,  
674.593,   4.0631E-008,   2.8448E-006,   2.1974E-011,   1.2919E-011,   1.5522E-011,   1.8094E-011,   6.8727E-012,   2.4345E-013,  
679.640,   3.9276E-008,   2.8220E-006,   1.9468E-011,   1.4117E-011,   1.5294E-011,   1.7509E-011,   6.8843E-012,   3.4154E-013,  
685.625,   3.8133E-008,   2.7439E-006,   1.9961E-011,   1.3878E-011,   1.4840E-011,   1.8057E-011,   7.3471E-012,  -1.7924E-013,  
690.671,   3.6867E-008,   2.7799E-006,   2.0096E-011,   1.3681E-011,   1.5124E-011,   1.8133E-011,   7.5941E-012,   4.3339E-013,  
696.656,   3.8600E-008,   2.8152E-006,   2.0862E-011,   1.3828E-011,   1.5841E-011,   1.8093E-011,   8.0302E-012,   3.5313E-013,  
701.718,   3.9463E-008,   2.8235E-006,   2.1843E-011,   1.3967E-011,   1.5978E-011,   1.7762E-011,   7.8385E-012,   2.0867E-013,  
706.781,   4.0930E-008,   2.8139E-006,   2.0816E-011,   1.3152E-011,   1.5771E-011,   1.8489E-011,   7.6405E-012,   2.0332E-013,  
711.843,   3.9305E-008,   2.8267E-006,   2.0559E-011,   1.3915E-011,   1.5228E-011,   1.5744E-011,   6.2993E-012,   3.3886E-013,  
716.843,   3.7319E-008,   2.8330E-006,   2.0924E-011,   1.3796E-011,   1.5268E-011,   1.8531E-011,   7.8287E-012,   5.5021E-013,  
721.937,   3.8613E-008,   2.8233E-006,   1.9412E-011,   1.3726E-011,   1.5540E-011,   1.8210E-011,   6.3903E-012,   9.2742E-014,  
726.937,   4.0313E-008,   2.8281E-006,   2.1340E-011,   1.4170E-011,   1.5147E-011,   1.8072E-011,   6.0817E-012,   2.2205E-013,  
731.984,   3.7959E-008,   2.8161E-006,   5.1481E-012,   1.3520E-011,   1.4972E-011,   1.8608E-011,   8.2826E-012,   2.0332E-013,  
737.015,   3.9326E-008,   2.8287E-006,   2.8536E-014,   1.3846E-011,   1.5002E-011,   1.8357E-011,   8.3869E-012,  -1.3911E-013,  
742.046,   4.2646E-008,   2.8365E-006,   2.0289E-011,   1.3929E-011,   1.4645E-011,   1.8193E-011,   6.5356E-012,   2.0956E-013,  
747.078,   3.9277E-008,   2.8145E-006,   2.0611E-011,   1.3549E-011,   1.5466E-011,   1.8347E-011,   7.7431E-012,   4.1020E-014,  
752.140,   3.8854E-008,   2.8179E-006,   2.0897E-011,   1.3757E-011,   1.5149E-011,   1.8276E-011,   6.3903E-012,   2.6663E-013,  
757.140,   4.0587E-008,   2.8228E-006,   1.9884E-011,   1.3809E-011,   1.5701E-011,   1.8735E-011,   7.3106E-012,   5.1721E-014,  
762.171,   3.9716E-008,   2.7842E-006,   4.5640E-012,   1.3706E-011,   1.4699E-011,   1.8623E-011,   7.4497E-012,   4.7084E-013,  
767.187,   3.9627E-008,   2.8125E-006,   7.5932E-012,   1.3380E-011,   1.5247E-011,   1.8071E-011,   7.6824E-012,   5.1008E-013,  
772.218,   3.9045E-008,   2.8108E-006,   2.0103E-011,   1.3416E-011,   1.5280E-011,   1.8558E-011,   7.4078E-012,  -6.0639E-014,  
777.281,   4.1632E-008,   2.8041E-006,   6.9030E-012,   1.3935E-011,   1.5024E-011,   1.8287E-011,   6.8834E-012,   7.5799E-014,  
782.312,   3.7939E-008,   2.8004E-006,   1.9166E-011,   1.3158E-011,   1.5935E-011,   1.7753E-011,   8.3093E-012,   1.5873E-013,  
787.343,   3.6814E-008,   2.8028E-006,   2.1207E-011,   1.3630E-011,   1.5534E-011,   1.7856E-011,   8.0008E-012,   3.6740E-013,  
793.375,   3.8748E-008,   2.7944E-006,   6.3733E-012,   1.3588E-011,   1.5151E-011,   2.0053E-011,   7.1465E-012,   4.0040E-013,  
798.406,   4.0102E-008,   2.7993E-006,   6.5044E-012,   1.3576E-011,   1.5639E-011,   6.9199E-011,   7.5763E-012,   3.8524E-013,  
803.468,   3.7107E-008,   2.8057E-006,   5.4183E-012,   1.3198E-011,   1.6108E-011,   2.0396E-010,   8.4386E-012,   1.9975E-013,  
808.500,   3.8067E-008,   2.7920E-006,   1.9033E-011,   1.3439E-011,   1.6534E-011,   1.9433E-010,   6.6212E-012,   5.7161E-013,  
813.484,   3.8341E-008,   2.8162E-006,   2.0841E-011,   1.3476E-011,   1.7139E-011,   1.1246E-010,   7.2330E-012,  -8.7213E-013,  
818.546,   3.7442E-008,   2.8182E-006,   1.9905E-011,   1.3481E-011,   1.6522E-011,   5.6546E-011,   8.4440E-012,   1.7924E-013,  
823.593,   4.0482E-008,   2.8011E-006,   1.9698E-011,   1.3081E-011,   1.5679E-011,   3.2894E-011,   7.8492E-012,   2.4434E-013,  
828.640,   4.0850E-008,   2.8038E-006,   5.0839E-012,   1.3864E-011,   1.5354E-011,   2.5163E-011,   5.6796E-012,   1.8638E-013,  
833.703,   3.8117E-008,   2.8140E-006,   1.9204E-011,   1.4095E-011,   1.5636E-011,   2.0033E-011,   6.0229E-012,   2.2294E-014,  
838.718,   3.8305E-008,   2.8075E-006,   1.8717E-011,   1.4589E-011,   1.4713E-011,   1.9217E-011,   7.3346E-012,   1.6141E-013,  
843.781,   4.2427E-008,   2.7994E-006,   5.5904E-012,   1.3795E-011,   1.5145E-011,   1.8571E-011,   8.0712E-012,   2.2294E-014,  
848.796,   4.1660E-008,   2.8241E-006,   4.6701E-012,   1.3200E-011,   1.4820E-011,   1.8704E-011,   7.9945E-012,   1.6765E-013,  
853.828,   3.7807E-008,   2.8127E-006,   1.9329E-011,   1.3683E-011,   1.4684E-011,   1.8785E-011,   7.9544E-012,   3.0498E-013,  
858.875,   3.9743E-008,   2.7855E-006,   1.8341E-011,   1.3160E-011,   1.1995E-011,   1.7957E-011,   7.0172E-012,  -1.9618E-014,  
863.921,   4.2164E-008,   2.8195E-006,   1.9217E-011,   1.3209E-011,   1.5102E-011,   1.8269E-011,   7.1179E-012,   3.4154E-013,  
868.937,   4.0086E-008,   2.8173E-006,   2.0075E-011,   1.3504E-011,   1.5121E-011,   1.7667E-011,   7.2588E-012,  -1.7032E-013,  
874.000,   4.1253E-008,   2.8170E-006,   1.9816E-011,   1.3626E-011,   1.5313E-011,   1.5830E-011,   6.1682E-012,   4.0664E-013,  
879.062,   3.9229E-008,   2.8061E-006,   1.8720E-011,   1.3224E-011,   1.5003E-011,   1.7816E-011,   8.7543E-012,   1.0612E-013,  
884.078,   4.0428E-008,   2.7823E-006,   1.8490E-011,   1.3259E-011,   1.5145E-011,   1.8664E-011,   7.0350E-012,   1.2574E-013,  
889.109,   4.0979E-008,   2.7951E-006,   1.9244E-011,   1.2915E-011,   1.4857E-011,   1.7977E-011,   8.5349E-012,  -3.5670E-014,  
894.125,   4.0211E-008,   2.8039E-006,   1.8648E-011,   1.4038E-011,   1.5079E-011,   1.7435E-011,   6.7844E-012,   6.6525E-013,  
899.187,   4.1408E-008,   2.7973E-006,   1.7003E-011,   1.2818E-011,   1.4214E-011,   1.7872E-011,   8.0480E-012,   2.6931E-013,  
904.234,   4.0111E-008,   2.7814E-006,   1.7801E-011,   1.2995E-011,   1.4380E-011,   1.7539E-011,   6.6355E-012,  -6.9556E-014,  
909.250,   4.0958E-008,   2.8020E-006,   1.8868E-011,   1.4037E-011,   1.5060E-011,   1.7683E-011,   6.7764E-012,  -1.3376E-014,  
914.296,   3.8728E-008,   2.8013E-006,   1.8935E-011,   1.3209E-011,   1.5409E-011,   1.8039E-011,   7.7591E-012,  -1.4892E-013,  
920.312,   3.9172E-008,   2.7920E-006,   4.9314E-013,   1.2786E-011,   1.4534E-011,   1.7578E-011,   7.7957E-012,   1.5516E-013,  
925.328,   3.9208E-008,   2.8005E-006,   1.8183E-011,   1.3449E-011,   1.5630E-011,   1.5191E-011,   8.7481E-012,  -1.3020E-013,  
930.390,   4.0421E-008,   2.8115E-006,   5.0009E-012,   1.2902E-011,   1.4470E-011,   1.7617E-011,   5.9078E-012,   3.2995E-014,  
935.437,   3.9858E-008,   2.7983E-006,   1.6941E-011,   1.3143E-011,   1.4718E-011,   1.8069E-011,   5.9622E-012,   2.6485E-013,  
940.468,   3.7727E-008,   2.7956E-006,   1.8447E-011,   1.3481E-011,   1.5288E-011,   1.7369E-011,   6.1629E-012,  -9.8092E-014,  
945.484,   3.6991E-008,   2.7921E-006,   1.8555E-011,   1.3834E-011,   1.5492E-011,   1.7704E-011,   8.4163E-012,   1.1593E-013,  
950.515,   3.6971E-008,   2.7999E-006,   1.9140E-011,   1.3568E-011,   1.5533E-011,   1.8225E-011,   8.3031E-012,   6.3938E-013,  
955.515,   3.9842E-008,   2.7781E-006,  -4.1020E-014,   1.3058E-011,   1.5442E-011,   1.8149E-011,   6.9334E-012,   4.1110E-013,  
960.531,   3.7904E-008,   2.7818E-006,   1.9520E-011,   1.4697E-011,   1.4188E-011,   1.8555E-011,   6.4848E-012,   2.2918E-013,  
965.562,   3.9954E-008,   2.7775E-006,   1.9516E-011,   2.1194E-011,   1.5432E-011,   1.8243E-011,   8.4975E-012,   7.0448E-014,  
970.593,   3.5735E-008,   2.7976E-006,   1.9653E-011,   4.5304E-011,   1.5478E-011,   1.7878E-011,   8.4921E-012,   2.6396E-013,  
976.625,   4.0509E-008,   2.7737E-006,   1.9944E-011,   9.2952E-011,   1.5050E-011,   1.8213E-011,   6.0550E-012,   1.6765E-013,  
981.625,   3.8179E-008,   2.7725E-006,   5.8026E-012,   1.2065E-010,   1.4879E-011,   1.8306E-011,   6.3582E-012,   4.7263E-014,  
986.640,   3.8239E-008,   2.7879E-006,   5.0848E-012,   1.1199E-010,   1.5137E-011,   1.8544E-011,   7.6164E-012,   2.8982E-013,  
991.671,   3.9479E-008,   2.8022E-006,   1.8371E-011,   8.0403E-011,   1.4802E-011,   1.7888E-011,   5.9756E-012,  -1.5873E-013,  
996.703,   4.1010E-008,   2.7855E-006,   1.7275E-011,   5.1079E-011,   1.4982E-011,   1.8145E-011,   7.1251E-012,  -1.2395E-013,  
1001.765,   3.9408E-008,   2.7882E-006,   1.7548E-011,   3.2480E-011,   1.4216E-011,   1.8333E-011,   6.4135E-012,   4.3607E-013,  
1006.812,   4.1716E-009,   7.4275E-007,   1.7507E-011,   2.3070E-011,   1.4442E-011,   1.6690E-011,   6.7184E-012,   1.4625E-013,  
1012.828,   4.5223E-008,   3.4590E-006,   5.3237E-012,   1.7000E-011,   1.5219E-011,   1.8384E-011,   6.7461E-012,   2.8893E-013,  
1017.875,   5.0200E-008,   3.4910E-006,   1.9332E-011,   1.8391E-011,   1.5511E-011,   1.9130E-011,   7.3195E-012,   2.7555E-013,  
1022.890,   4.7909E-008,   3.4601E-006,   1.8970E-011,   1.7056E-011,   1.6343E-011,   1.9891E-011,   6.4527E-012,   9.0869E-013,  
1027.906,   4.7203E-008,   3.4945E-006,   1.9430E-011,   1.6818E-011,   1.6189E-011,   1.9083E-011,   7.1706E-012,   7.1385E-012,  
1032.953,   4.7607E-008,   3.4630E-006,   2.0013E-011,   1.5351E-011,   1.5785E-011,   1.9454E-011,   8.0400E-012,   9.2671E-012,  
1038.000,   4.7149E-008,   3.4479E-006,   2.0082E-011,   1.5428E-011,   1.5916E-011,   1.9772E-011,   7.2544E-012,   7.3614E-012,  
1043.015,   4.8179E-008,   3.4743E-006,   2.0101E-011,   1.5101E-011,   1.5608E-011,   1.9675E-011,   6.5437E-012,   7.7190E-012,  
1048.046,   4.8442E-008,   3.4510E-006,   1.9197E-011,   1.4853E-011,   1.5536E-011,   2.0493E-011,   1.4241E-012,   7.7190E-012,  
1053.078,   4.6845E-008,   3.4605E-006,   1.8613E-011,   1.5071E-011,   1.6027E-011,   1.9463E-011,   9.9965E-013,   8.8007E-012,  
1058.109,   5.0175E-008,   3.4631E-006,   1.9416E-011,   1.4711E-011,   1.5558E-011,   2.0042E-011,   6.4331E-012,   8.0489E-012,  
1063.140,   4.5471E-008,   3.4780E-006,   2.0049E-011,   1.4607E-011,   1.5412E-011,   2.0633E-011,   6.1647E-012,   7.3436E-012,  
1068.171,   4.8997E-008,   3.4721E-006,   4.7958E-012,   1.4395E-011,   1.6791E-011,   2.0121E-011,   7.3409E-012,   6.2556E-012,  
1073.171,   4.7902E-008,   3.4512E-006,   1.8822E-011,   1.5057E-011,   1.5685E-011,   2.0303E-011,   7.5103E-012,   4.5354E-012,  
1078.187,   4.6887E-008,   3.4822E-006,   1.7867E-011,   1.4129E-011,   1.5432E-011,   2.1484E-011,   7.0181E-012,   8.5207E-012,  
1083.203,   5.1370E-008,   3.4618E-006,   1.8284E-011,   1.3283E-011,   1.5311E-011,   1.9103E-011,   8.7427E-012,   8.3512E-012,  
1088.265,   4.8297E-008,   3.4700E-006,   1.9762E-011,   1.4121E-011,   1.6439E-011,   1.9633E-011,   7.4568E-012,   6.8584E-012,  
1093.296,   4.8786E-008,   3.4654E-006,   1.9371E-011,   1.3461E-011,   1.5880E-011,   1.9783E-011,   6.9102E-012,   5.6180E-012,  
1098.359,   5.0559E-008,   3.4589E-006,   1.7757E-011,   1.4539E-011,   1.4957E-011,   1.9929E-011,   6.1513E-012,   7.4586E-012,  
1103.390,   4.7135E-008,   3.4533E-006,   1.8919E-011,   1.3994E-011,   1.5674E-011,   1.9066E-011,   6.3073E-012,   5.3505E-012,  
1108.390,   4.7864E-008,   3.4717E-006,   1.9710E-011,   1.4412E-011,   1.6060E-011,   1.9805E-011,   7.7876E-012,   1.0014E-012,  
1113.453,   4.6947E-008,   3.4569E-006,   1.9357E-011,   1.4541E-011,   1.5987E-011,   1.9742E-011,   6.4349E-012,   6.1531E-013,  
1118.468,   4.4308E-008,   3.4719E-006,   1.8081E-011,   1.5186E-011,   1.6245E-011,   1.9547E-011,   6.9218E-012,   8.7659E-013,  
1123.500,   4.9523E-008,   3.4589E-006,   1.8430E-011,   1.5328E-011,   1.5986E-011,   1.9417E-011,   6.1192E-012,   3.6116E-013,  
1129.515,   4.6647E-008,   3.4672E-006,   1.9695E-011,   1.2359E-011,   1.5696E-011,   2.0372E-011,   6.8700E-012,   4.0129E-013,  
1134.546,   4.4874E-008,   3.4418E-006,   1.9640E-011,   1.4015E-011,   1.6100E-011,   1.9891E-011,   7.4764E-012,   4.0842E-013,  
1139.593,   4.5176E-008,   3.4388E-006,   1.4027E-012,   1.4408E-011,   1.5936E-011,   2.0269E-011,   7.6815E-012,   2.9517E-013,  
1144.609,   4.9097E-008,   3.4647E-006,   1.8673E-011,   1.4194E-011,   1.5044E-011,   1.9525E-011,   6.7398E-012,   3.4778E-013,  
1149.640,   4.7955E-008,   3.4562E-006,   1.9747E-011,   1.4245E-011,   1.6641E-011,   1.8489E-011,   6.3394E-012,   1.4000E-013,  
1154.640,   4.4860E-008,   3.4494E-006,   1.8520E-011,   1.4475E-011,   1.6251E-011,   1.9539E-011,   5.9239E-012,   3.3173E-013,  
1160.640,   2.7642E-009,   6.8801E-007,   3.9727E-012,   1.1582E-011,   1.2160E-011,   1.3279E-011,   6.1700E-012,   2.6039E-013,  
