Aug 07, 2026  01:41:15 PM
Residual Gas Analyzer Software 
Software Version, 3.214.004

Analog Scan Setup:

Data Points in Scan, 891 
Units, Torr 
Noise Floor, 2 
CEM Status, ON 
Points Per AMU, 10
Scan Start Mass, 1, amu 
Scan Stop Mass, 90, amu
Focus Voltage, 90, Volts 
Ion Energy, HIGH 
Electron Energy, 70, eV 
CEM Voltage, 1159, Volts
CEM Gain, 1.01E+003 
Sensitivity Factor, 1.11E-004 
Filament Current, 1.00, mAmps


  1.00,  -3.88E-012, 
  1.10,  -3.36E-012, 
  1.20,   1.47E-012, 
  1.30,   2.89E-012, 
  1.40,   3.01E-012, 
  1.50,   6.58E-012, 
  1.60,   1.33E-011, 
  1.70,   1.89E-011, 
  1.80,   2.03E-011, 
  1.90,   2.05E-011, 
  2.00,   2.31E-011, 
  2.10,   2.31E-011, 
  2.20,   2.07E-011, 
  2.30,   1.44E-011, 
  2.40,   6.27E-012, 
  2.50,   2.81E-012, 
  2.60,   2.14E-012, 
  2.70,   3.63E-012, 
  2.80,   4.51E-012, 
  2.90,   3.68E-012, 
  3.00,   3.90E-012, 
  3.10,   5.11E-012, 
  3.20,   8.44E-012, 
  3.30,   1.60E-011, 
  3.40,   4.27E-011, 
  3.50,   1.63E-010, 
  3.60,   3.41E-010, 
  3.70,   4.58E-010, 
  3.80,   5.70E-010, 
  3.90,   7.96E-010, 
  4.00,   9.24E-010, 
  4.10,   8.75E-010, 
  4.20,   6.55E-010, 
  4.30,   2.27E-010, 
  4.40,   2.59E-011, 
  4.50,   6.76E-012, 
  4.60,   4.10E-012, 
  4.70,   3.93E-012, 
  4.80,   1.38E-012, 
  4.90,  -1.10E-012, 
  5.00,  -5.01E-013, 
  5.10,   5.35E-014, 
  5.20,  -1.13E-013, 
  5.30,   2.14E-013, 
  5.40,   1.28E-013, 
  5.50,  -2.47E-013, 
  5.60,  -7.58E-014, 
  5.70,   1.22E-013, 
  5.80,   1.77E-013, 
  5.90,   5.44E-014, 
  6.00,   3.16E-013, 
  6.10,   3.35E-013, 
  6.20,   2.85E-013, 
  6.30,   3.13E-013, 
  6.40,   9.27E-014, 
  6.50,   1.70E-013, 
  6.60,   2.29E-013, 
  6.70,   1.03E-013, 
  6.80,  -1.82E-013, 
  6.90,  -8.47E-014, 
  7.00,  -3.57E-015, 
  7.10,  -8.92E-015, 
  7.20,  -4.01E-014, 
  7.30,   2.58E-013, 
  7.40,   3.33E-013, 
  7.50,   3.34E-013, 
  7.60,   7.04E-014, 
  7.70,   3.44E-013, 
  7.80,   1.17E-013, 
  7.90,   2.76E-014, 
  8.00,   1.39E-013, 
  8.10,   1.67E-013, 
  8.20,   3.20E-013, 
  8.30,   1.15E-013, 
  8.40,   1.85E-013, 
  8.50,   3.90E-013, 
  8.60,   1.60E-013, 
  8.70,  -4.64E-014, 
  8.80,   1.85E-013, 
  8.90,   2.18E-013, 
  9.00,   3.89E-013, 
  9.10,   5.60E-013, 
  9.20,   5.37E-013, 
  9.30,   2.18E-013, 
  9.40,   2.27E-013, 
  9.50,   6.96E-014, 
  9.60,   2.77E-013, 
  9.70,   6.96E-014, 
  9.80,   1.98E-013, 
  9.90,   9.63E-014, 
 10.00,   3.03E-014, 
 10.10,   1.78E-015, 
 10.20,   7.13E-014, 
 10.30,   1.25E-014, 
 10.40,   7.04E-014, 
 10.50,   3.85E-013, 
 10.60,   3.80E-013, 
 10.70,   2.45E-013, 
 10.80,   3.83E-013, 
 10.90,   2.68E-013, 
 11.00,   8.92E-016, 
 11.10,   2.19E-013, 
 11.20,   1.07E-014, 
 11.30,  -1.03E-013, 
 11.40,   8.56E-014, 
 11.50,   1.87E-013, 
 11.60,  -8.92E-014, 
 11.70,   2.23E-013, 
 11.80,   3.75E-013, 
 11.90,   5.10E-013, 
 12.00,   7.57E-013, 
 12.10,   7.48E-013, 
 12.20,   7.38E-013, 
 12.30,   6.05E-013, 
 12.40,   4.25E-013, 
 12.50,   2.59E-013, 
 12.60,   4.10E-014, 
 12.70,   2.89E-013, 
 12.80,   5.37E-013, 
 12.90,   6.78E-013, 
 13.00,   6.21E-013, 
 13.10,   9.17E-013, 
 13.20,   8.58E-013, 
 13.30,   9.89E-013, 
 13.40,   3.40E-012, 
 13.50,   4.85E-012, 
 13.60,   5.70E-012, 
 13.70,   5.06E-012, 
 13.80,   8.33E-012, 
 13.90,   1.34E-011, 
 14.00,   1.65E-011, 
 14.10,   1.52E-011, 
 14.20,   1.19E-011, 
 14.30,   6.43E-012, 
 14.40,   3.33E-012, 
 14.50,   2.45E-012, 
 14.60,   2.72E-012, 
 14.70,   3.62E-012, 
 14.80,   4.98E-012, 
 14.90,   6.08E-012, 
 15.00,   6.66E-012, 
 15.10,   6.78E-012, 
 15.20,   6.17E-012, 
 15.30,   3.99E-012, 
 15.40,   2.51E-012, 
 15.50,   5.19E-013, 
 15.60,   1.01E-012, 
 15.70,   3.98E-012, 
 15.80,   6.15E-012, 
 15.90,   8.41E-012, 
 16.00,   9.22E-012, 
 16.10,   9.11E-012, 
 16.20,   7.67E-012, 
 16.30,   4.68E-012, 
 16.40,   2.39E-012, 
 16.50,   2.41E-012, 
 16.60,   9.41E-013, 
 16.70,   1.24E-013, 
 16.80,  -6.41E-013, 
 16.90,  -2.06E-013, 
 17.00,  -1.53E-012, 
 17.10,  -7.60E-013, 
 17.20,  -2.18E-013, 
 17.30,   2.76E-014, 
 17.40,  -4.58E-013, 
 17.50,  -2.31E-012, 
 17.60,  -2.80E-012, 
 17.70,  -3.68E-013, 
 17.80,   1.14E-012, 
 17.90,   3.45E-012, 
 18.00,   1.29E-012, 
 18.10,   3.17E-012, 
 18.20,   5.26E-012, 
 18.30,   9.47E-013, 
 18.40,   4.70E-013, 
 18.50,   2.66E-013, 
 18.60,   4.58E-013, 
 18.70,   1.69E-013, 
 18.80,  -1.37E-012, 
 18.90,  -1.67E-012, 
 19.00,   1.53E-012, 
 19.10,   8.43E-013, 
 19.20,   3.06E-012, 
 19.30,   2.47E-012, 
 19.40,   8.03E-013, 
 19.50,  -8.98E-013, 
 19.60,   3.27E-012, 
 19.70,   4.58E-012, 
 19.80,   4.39E-012, 
 19.90,   2.88E-012, 
 20.00,   1.43E-012, 
 20.10,   2.71E-012, 
 20.20,   3.14E-012, 
 20.30,   3.68E-012, 
 20.40,  -8.21E-013, 
 20.50,  -2.59E-013, 
 20.60,  -9.90E-014, 
 20.70,   1.33E-013, 
 20.80,   2.24E-013, 
 20.90,   1.60E-013, 
 21.00,   4.22E-013, 
 21.10,   3.12E-013, 
 21.20,   2.14E-013, 
 21.30,   1.36E-013, 
 21.40,  -3.21E-014, 
 21.50,   2.59E-013, 
 21.60,   1.14E-013, 
 21.70,   1.07E-014, 
 21.80,   1.32E-013, 
 21.90,  -7.22E-014, 
 22.00,   1.27E-013, 
 22.10,   1.95E-013, 
 22.20,   2.75E-013, 
 22.30,   3.17E-013, 
 22.40,   1.03E-013, 
 22.50,  -3.21E-014, 
 22.60,  -2.95E-012, 
 22.70,  -2.05E-012, 
 22.80,   1.76E-012, 
 22.90,   1.45E-012, 
 23.00,   9.61E-013, 
 23.10,   6.35E-013, 
 23.20,   3.04E-013, 
 23.30,   3.64E-013, 
 23.40,   2.76E-013, 
 23.50,   4.47E-013, 
 23.60,   3.87E-013, 
 23.70,   5.11E-013, 
 23.80,   3.32E-013, 
 23.90,   4.63E-013, 
 24.00,   2.26E-013, 
 24.10,   2.31E-013, 
 24.20,   1.97E-013, 
 24.30,   3.22E-013, 
 24.40,   3.42E-013, 
 24.50,   5.52E-013, 
 24.60,   4.34E-013, 
 24.70,   3.47E-013, 
 24.80,   1.99E-013, 
 24.90,   1.91E-013, 
 25.00,   2.09E-013, 
 25.10,   2.65E-013, 
 25.20,   3.02E-013, 
 25.30,   4.32E-013, 
 25.40,   3.47E-013, 
 25.50,   3.86E-013, 
 25.60,   3.77E-013, 
 25.70,   2.16E-013, 
 25.80,   1.16E-013, 
 25.90,   4.96E-013, 
 26.00,   2.89E-013, 
 26.10,   4.54E-013, 
 26.20,   4.29E-013, 
 26.30,   4.05E-013, 
 26.40,   4.32E-013, 
 26.50,   3.82E-013, 
 26.60,   4.08E-013, 
 26.70,   6.55E-013, 
 26.80,   8.28E-013, 
 26.90,   8.88E-013, 
 27.00,   7.94E-013, 
 27.10,   2.76E-012, 
 27.20,   4.37E-012, 
 27.30,   5.51E-012, 
 27.40,   1.30E-011, 
 27.50,   4.59E-011, 
 27.60,   9.99E-011, 
 27.70,   1.24E-010, 
 27.80,   1.50E-010, 
 27.90,   1.69E-010, 
 28.00,   1.72E-010, 
 28.10,   1.50E-010, 
 28.20,   8.65E-011, 
 28.30,   1.84E-011, 
 28.40,   5.89E-012, 
 28.50,   5.82E-012, 
 28.60,   3.20E-012, 
 28.70,   2.56E-012, 
 28.80,   2.27E-012, 
 28.90,   2.09E-012, 
 29.00,   2.18E-012, 
 29.10,   1.58E-012, 
 29.20,  -1.31E-012, 
 29.30,  -4.88E-013, 
 29.40,  -1.79E-013, 
 29.50,  -1.98E-013, 
 29.60,   5.44E-014, 
 29.70,   1.22E-012, 
 29.80,   3.86E-012, 
 29.90,   2.74E-012, 
 30.00,   1.89E-012, 
 30.10,   1.30E-012, 
 30.20,   9.71E-013, 
 30.30,  -1.74E-012, 
 30.40,  -8.74E-013, 
 30.50,  -3.16E-013, 
 30.60,  -4.10E-014, 
 30.70,   4.08E-013, 
 30.80,   4.81E-013, 
 30.90,   2.69E-013, 
 31.00,   3.84E-013, 
 31.10,   3.79E-013, 
 31.20,   2.40E-013, 
 31.30,   1.23E-013, 
 31.40,   1.77E-012, 
 31.50,   3.52E-013, 
 31.60,   1.65E-012, 
 31.70,   2.44E-012, 
 31.80,   3.12E-012, 
 31.90,   3.47E-012, 
 32.00,   2.55E-012, 
 32.10,   2.77E-012, 
 32.20,   2.31E-012, 
 32.30,   1.18E-012, 
 32.40,   5.63E-013, 
 32.50,   1.60E-012, 
 32.60,   2.68E-015, 
 32.70,   2.07E-013, 
 32.80,   2.44E-013, 
 32.90,   1.77E-013, 
 33.00,   2.43E-013, 
 33.10,   1.31E-013, 
 33.20,  -8.83E-014, 
 33.30,  -6.42E-014, 
 33.40,   2.08E-013, 
 33.50,   5.42E-013, 
 33.60,   4.27E-013, 
 33.70,   3.58E-013, 
 33.80,   5.58E-013, 
 33.90,   4.35E-013, 
 34.00,  -8.92E-015, 
 34.10,   1.02E-013, 
 34.20,   1.76E-013, 
 34.30,   6.87E-014, 
 34.40,   2.51E-013, 
 34.50,   2.33E-013, 
 34.60,   3.52E-013, 
 34.70,   3.62E-013, 
 34.80,   9.10E-014, 
 34.90,   1.19E-013, 
 35.00,   1.91E-013, 
 35.10,   3.38E-013, 
 35.20,   4.16E-013, 
 35.30,   6.42E-013, 
 35.40,   6.80E-013, 
 35.50,   5.25E-013, 
 35.60,   5.44E-013, 
 35.70,   3.68E-013, 
 35.80,   3.30E-013, 
 35.90,   5.54E-013, 
 36.00,   6.10E-013, 
 36.10,   5.34E-013, 
 36.20,   4.58E-013, 
 36.30,   3.42E-013, 
 36.40,   5.24E-013, 
 36.50,   2.86E-013, 
 36.60,   3.50E-013, 
 36.70,   4.40E-013, 
 36.80,   3.87E-013, 
 36.90,   3.66E-013, 
 37.00,   2.42E-013, 
 37.10,   2.59E-013, 
 37.20,  -3.57E-015, 
 37.30,   6.87E-014, 
 37.40,   2.69E-013, 
 37.50,   2.47E-013, 
 37.60,   3.96E-013, 
 37.70,   5.11E-013, 
 37.80,   2.86E-013, 
 37.90,  -5.35E-015, 
 38.00,   1.13E-013, 
 38.10,   4.28E-013, 
 38.20,   3.18E-013, 
 38.30,   4.76E-013, 
 38.40,   5.03E-013, 
 38.50,   6.00E-013, 
 38.60,   6.97E-013, 
 38.70,   8.21E-013, 
 38.80,   1.34E-012, 
 38.90,   3.75E-012, 
 39.00,   2.09E-012, 
 39.10,   1.76E-012, 
 39.20,   2.12E-012, 
 39.30,   2.83E-012, 
 39.40,   6.31E-012, 
 39.50,   1.24E-011, 
 39.60,   2.39E-011, 
 39.70,   3.18E-011, 
 39.80,   4.11E-011, 
 39.90,   4.58E-011, 
 40.00,   4.61E-011, 
 40.10,   3.71E-011, 
 40.20,   1.58E-011, 
 40.30,   5.82E-012, 
 40.40,   8.07E-012, 
 40.50,   1.03E-011, 
 40.60,   1.27E-011, 
 40.70,   1.57E-011, 
 40.80,   1.94E-011, 
 40.90,   2.47E-011, 
 41.00,   3.03E-011, 
 41.10,   3.02E-011, 
 41.20,   2.58E-011, 
 41.30,   2.69E-011, 
 41.40,   4.17E-011, 
 41.50,   6.78E-011, 
 41.60,   7.68E-011, 
 41.70,   8.06E-011, 
 41.80,   9.47E-011, 
 41.90,   1.04E-010, 
 42.00,   1.01E-010, 
 42.10,   7.19E-011, 
 42.20,   2.82E-011, 
 42.30,   1.04E-011, 
 42.40,   8.48E-012, 
 42.50,   1.23E-011, 
 42.60,   1.64E-011, 
 42.70,   2.07E-011, 
 42.80,   2.54E-011, 
 42.90,   2.94E-011, 
 43.00,   3.01E-011, 
 43.10,   2.40E-011, 
 43.20,   1.19E-011, 
 43.30,   5.14E-012, 
 43.40,   2.80E-012, 
 43.50,   1.97E-012, 
 43.60,   1.73E-012, 
 43.70,   1.72E-012, 
 43.80,   1.92E-012, 
 43.90,   1.82E-012, 
 44.00,  -4.94E-013, 
 44.10,  -2.32E-013, 
 44.20,   1.36E-012, 
 44.30,  -2.94E-014, 
 44.40,   2.55E-013, 
 44.50,   4.62E-013, 
 44.60,   3.86E-013, 
 44.70,   3.56E-013, 
 44.80,   5.76E-013, 
 44.90,   3.13E-013, 
 45.00,   3.44E-013, 
 45.10,   4.79E-013, 
 45.20,   6.09E-013, 
 45.30,   4.73E-014, 
 45.40,   1.11E-013, 
 45.50,   3.66E-013, 
 45.60,   3.69E-013, 
 45.70,   4.88E-013, 
 45.80,   5.15E-013, 
 45.90,   5.72E-013, 
 46.00,   5.81E-013, 
 46.10,   4.75E-013, 
 46.20,   4.68E-013, 
 46.30,   4.12E-013, 
 46.40,   3.25E-013, 
 46.50,   3.54E-013, 
 46.60,   4.48E-013, 
 46.70,   3.83E-013, 
 46.80,   3.00E-013, 
 46.90,   4.55E-014, 
 47.00,   1.11E-013, 
 47.10,   2.55E-013, 
 47.20,   3.49E-013, 
 47.30,   5.20E-013, 
 47.40,   4.62E-013, 
 47.50,   3.47E-013, 
 47.60,   2.82E-013, 
 47.70,   7.40E-013, 
 47.80,   4.38E-013, 
 47.90,   5.48E-013, 
 48.00,   4.99E-013, 
 48.10,   5.06E-013, 
 48.20,   4.74E-013, 
 48.30,   7.82E-013, 
 48.40,   4.34E-013, 
 48.50,   3.30E-013, 
 48.60,   2.97E-013, 
 48.70,   3.28E-013, 
 48.80,   1.02E-013, 
 48.90,   2.94E-013, 
 49.00,   2.33E-013, 
 49.10,   3.16E-013, 
 49.20,   4.60E-013, 
 49.30,   4.13E-013, 
 49.40,   3.98E-013, 
 49.50,   2.06E-013, 
 49.60,   3.63E-013, 
 49.70,   2.98E-013, 
 49.80,   4.33E-013, 
 49.90,   2.52E-013, 
 50.00,   4.76E-013, 
 50.10,   2.76E-013, 
 50.20,   1.54E-013, 
 50.30,   1.07E-013, 
 50.40,   1.61E-013, 
 50.50,   1.61E-013, 
 50.60,   4.35E-013, 
 50.70,   2.41E-013, 
 50.80,   2.48E-013, 
 50.90,   2.17E-013, 
 51.00,   3.02E-013, 
 51.10,   3.29E-013, 
 51.20,   2.93E-013, 
 51.30,   4.00E-013, 
 51.40,   4.60E-013, 
 51.50,   4.64E-013, 
 51.60,   2.46E-013, 
 51.70,   3.63E-013, 
 51.80,   2.19E-013, 
 51.90,   3.89E-013, 
 52.00,   3.44E-013, 
 52.10,   1.22E-013, 
 52.20,   2.67E-013, 
 52.30,   3.09E-013, 
 52.40,   3.53E-013, 
 52.50,   3.81E-013, 
 52.60,   1.74E-013, 
 52.70,  -5.35E-015, 
 52.80,   2.33E-013, 
 52.90,   2.98E-013, 
 53.00,   1.07E-013, 
 53.10,   3.66E-014, 
 53.20,   1.98E-013, 
 53.30,   3.12E-014, 
 53.40,   7.40E-014, 
 53.50,   2.66E-013, 
 53.60,   3.86E-013, 
 53.70,   4.24E-013, 
 53.80,   3.20E-013, 
 53.90,   6.24E-014, 
 54.00,   6.69E-014, 
 54.10,   2.66E-013, 
 54.20,   2.68E-013, 
 54.30,   8.20E-014, 
 54.40,   1.96E-014, 
 54.50,   1.31E-013, 
 54.60,   4.37E-013, 
 54.70,   2.93E-013, 
 54.80,   3.22E-013, 
 54.90,   3.72E-013, 
 55.00,   3.91E-013, 
 55.10,   9.81E-014, 
 55.20,   1.50E-013, 
 55.30,   2.10E-013, 
 55.40,   2.36E-013, 
 55.50,   6.36E-013, 
 55.60,   4.89E-013, 
 55.70,   2.57E-013, 
 55.80,   3.42E-013, 
 55.90,   4.21E-013, 
 56.00,  -8.29E-014, 
 56.10,   1.93E-013, 
 56.20,   3.25E-013, 
 56.30,   3.15E-013, 
 56.40,   1.21E-013, 
 56.50,  -1.86E-013, 
 56.60,  -5.35E-014, 
 56.70,   1.61E-013, 
 56.80,   9.19E-014, 
 56.90,   2.05E-014, 
 57.00,  -1.72E-013, 
 57.10,  -5.62E-014, 
 57.20,  -9.63E-014, 
 57.30,   5.17E-014, 
 57.40,   5.31E-013, 
 57.50,   6.15E-013, 
 57.60,   4.69E-013, 
 57.70,   4.47E-013, 
 57.80,   2.81E-013, 
 57.90,   2.63E-013, 
 58.00,   3.15E-013, 
 58.10,   2.06E-013, 
 58.20,   1.33E-013, 
 58.30,   2.19E-013, 
 58.40,   1.22E-013, 
 58.50,   1.51E-013, 
 58.60,  -3.57E-015, 
 58.70,  -1.83E-013, 
 58.80,  -3.21E-014, 
 58.90,  -1.85E-013, 
 59.00,  -4.46E-014, 
 59.10,   2.05E-014, 
 59.20,   1.52E-013, 
 59.30,   4.28E-014, 
 59.40,  -3.75E-014, 
 59.50,  -1.44E-013, 
 59.60,   1.18E-013, 
 59.70,   5.35E-014, 
 59.80,   8.92E-014, 
 59.90,   2.32E-014, 
 60.00,   1.43E-013, 
 60.10,   2.35E-013, 
 60.20,   3.75E-013, 
 60.30,   2.87E-013, 
 60.40,   8.47E-014, 
 60.50,  -3.92E-014, 
 60.60,   4.00E-013, 
 60.70,   3.17E-013, 
 60.80,   2.10E-013, 
 60.90,   2.27E-013, 
 61.00,   1.27E-013, 
 61.10,   3.50E-013, 
 61.20,   3.59E-013, 
 61.30,   5.61E-013, 
 61.40,   5.42E-013, 
 61.50,   2.84E-013, 
 61.60,   4.97E-013, 
 61.70,   2.33E-013, 
 61.80,   3.38E-013, 
 61.90,   4.28E-013, 
 62.00,   2.04E-013, 
 62.10,   2.09E-013, 
 62.20,   6.51E-014, 
 62.30,   4.01E-014, 
 62.40,   1.85E-013, 
 62.50,   3.17E-013, 
 62.60,   1.14E-013, 
 62.70,   1.03E-013, 
 62.80,   1.61E-013, 
 62.90,   3.57E-015, 
 63.00,   1.15E-013, 
 63.10,   1.42E-013, 
 63.20,   1.96E-014, 
 63.30,   1.67E-013, 
 63.40,   2.57E-013, 
 63.50,   3.12E-014, 
 63.60,   2.38E-013, 
 63.70,   1.97E-013, 
 63.80,   6.60E-014, 
 63.90,   2.95E-013, 
 64.00,   5.31E-013, 
 64.10,   5.45E-013, 
 64.20,   1.67E-013, 
 64.30,   5.35E-015, 
 64.40,   2.31E-013, 
 64.50,   1.01E-013, 
 64.60,   1.73E-013, 
 64.70,  -1.88E-013, 
 64.80,  -1.75E-013, 
 64.90,  -9.99E-014, 
 65.00,  -2.68E-015, 
 65.10,   2.08E-013, 
 65.20,   3.00E-013, 
 65.30,  -3.39E-014, 
 65.40,  -1.32E-013, 
 65.50,  -1.05E-013, 
 65.60,   4.73E-014, 
 65.70,  -1.44E-013, 
 65.80,  -4.82E-014, 
 65.90,   6.78E-014, 
 66.00,   1.29E-013, 
 66.10,   4.21E-013, 
 66.20,   3.36E-013, 
 66.30,  -9.81E-014, 
 66.40,   0.00E+000, 
 66.50,   1.31E-013, 
 66.60,   4.49E-013, 
 66.70,   3.52E-013, 
 66.80,   1.67E-013, 
 66.90,   3.39E-014, 
 67.00,   4.07E-013, 
 67.10,   2.86E-013, 
 67.20,   3.43E-013, 
 67.30,   2.53E-013, 
 67.40,   3.03E-013, 
 67.50,   4.41E-013, 
 67.60,   1.54E-013, 
 67.70,   8.92E-016, 
 67.80,  -4.10E-014, 
 67.90,  -1.19E-013, 
 68.00,  -1.48E-013, 
 68.10,   4.10E-014, 
 68.20,  -6.78E-014, 
 68.30,   3.46E-013, 
 68.40,   3.33E-013, 
 68.50,   2.96E-013, 
 68.60,   8.56E-014, 
 68.70,   3.48E-014, 
 68.80,  -3.42E-013, 
 68.90,  -1.88E-013, 
 69.00,   3.83E-014, 
 69.10,   2.32E-014, 
 69.20,  -3.48E-013, 
 69.30,   1.78E-015, 
 69.40,   9.27E-014, 
 69.50,   1.52E-013, 
 69.60,   1.49E-013, 
 69.70,   2.02E-013, 
 69.80,   5.62E-014, 
 69.90,   0.00E+000, 
 70.00,  -6.51E-014, 
 70.10,  -1.25E-013, 
 70.20,  -1.11E-013, 
 70.30,   1.31E-013, 
 70.40,  -3.57E-015, 
 70.50,  -1.67E-013, 
 70.60,  -1.41E-013, 
 70.70,   2.41E-014, 
 70.80,  -1.52E-014, 
 70.90,   2.61E-013, 
 71.00,  -4.73E-014, 
 71.10,  -3.12E-014, 
 71.20,  -1.27E-013, 
 71.30,  -6.78E-014, 
 71.40,   2.25E-013, 
 71.50,   3.85E-013, 
 71.60,   2.32E-013, 
 71.70,   3.01E-013, 
 71.80,   2.65E-013, 
 71.90,   1.56E-013, 
 72.00,   2.07E-013, 
 72.10,   1.61E-013, 
 72.20,   2.40E-013, 
 72.30,   2.23E-014, 
 72.40,   6.15E-014, 
 72.50,   3.92E-014, 
 72.60,  -7.13E-014, 
 72.70,   3.83E-014, 
 72.80,   3.21E-014, 
 72.90,  -1.10E-013, 
 73.00,   1.72E-013, 
 73.10,   2.23E-013, 
 73.20,   4.55E-014, 
 73.30,   2.92E-013, 
 73.40,   3.58E-013, 
 73.50,   4.52E-013, 
 73.60,   3.29E-013, 
 73.70,   2.90E-013, 
 73.80,   1.47E-013, 
 73.90,   1.95E-013, 
 74.00,   1.87E-013, 
 74.10,   6.60E-014, 
 74.20,   2.01E-013, 
 74.30,   2.35E-013, 
 74.40,   1.87E-013, 
 74.50,   2.85E-014, 
 74.60,   2.94E-014, 
 74.70,   1.52E-014, 
 74.80,   1.64E-013, 
 74.90,   2.41E-014, 
 75.00,   9.72E-014, 
 75.10,   3.21E-013, 
 75.20,   4.54E-013, 
 75.30,   1.77E-013, 
 75.40,  -2.59E-014, 
 75.50,  -1.87E-014, 
 75.60,  -1.59E-013, 
 75.70,   6.51E-014, 
 75.80,   1.34E-013, 
 75.90,   2.21E-013, 
 76.00,   3.56E-013, 
 76.10,   9.81E-014, 
 76.20,   3.73E-013, 
 76.30,   8.65E-014, 
 76.40,  -9.63E-014, 
 76.50,  -1.44E-013, 
 76.60,  -3.06E-013, 
 76.70,  -4.46E-014, 
 76.80,   3.87E-013, 
 76.90,   2.89E-013, 
 77.00,   2.51E-013, 
 77.10,   3.29E-013, 
 77.20,   4.65E-013, 
 77.30,   3.63E-013, 
 77.40,   6.11E-013, 
 77.50,   8.50E-013, 
 77.60,   4.69E-012, 
 77.70,   3.56E-012, 
 77.80,   3.32E-012, 
 77.90,   3.56E-012, 
 78.00,   3.45E-012, 
 78.10,   2.62E-012, 
 78.20,   7.86E-013, 
 78.30,  -1.70E-012, 
 78.40,  -6.97E-013, 
 78.50,  -4.79E-013, 
 78.60,   1.61E-013, 
 78.70,   4.34E-013, 
 78.80,   6.88E-013, 
 78.90,   4.32E-013, 
 79.00,   4.91E-013, 
 79.10,   4.37E-013, 
 79.20,   1.50E-012, 
 79.30,   4.40E-012, 
 79.40,   4.67E-012, 
 79.50,   7.62E-012, 
 79.60,   1.05E-011, 
 79.70,   1.42E-011, 
 79.80,   1.91E-011, 
 79.90,   2.38E-011, 
 80.00,   2.28E-011, 
 80.10,   1.49E-011, 
 80.20,   6.74E-012, 
 80.30,   3.44E-012, 
 80.40,   2.02E-012, 
 80.50,   1.66E-012, 
 80.60,   1.81E-012, 
 80.70,   2.11E-012, 
 80.80,   2.62E-012, 
 80.90,   2.55E-012, 
 81.00,   2.58E-012, 
 81.10,   3.41E-012, 
 81.20,   4.40E-012, 
 81.30,   7.23E-012, 
 81.40,   2.08E-011, 
 81.50,   4.81E-011, 
 81.60,   6.05E-011, 
 81.70,   8.34E-011, 
 81.80,   1.15E-010, 
 81.90,   1.34E-010, 
 82.00,   1.08E-010, 
 82.10,   5.17E-011, 
 82.20,   2.11E-011, 
 82.30,   1.50E-011, 
 82.40,   2.58E-011, 
 82.50,   5.54E-011, 
 82.60,   6.74E-011, 
 82.70,   9.11E-011, 
 82.80,   1.23E-010, 
 82.90,   1.41E-010, 
 83.00,   1.15E-010, 
 83.10,   6.48E-011, 
 83.20,   3.21E-011, 
 83.30,   4.05E-011, 
 83.40,   1.39E-010, 
 83.50,   2.79E-010, 
 83.60,   3.02E-010, 
 83.70,   4.43E-010, 
 83.80,   5.96E-010, 
 83.90,   6.61E-010, 
 84.00,   4.64E-010, 
 84.10,   1.82E-010, 
 84.20,   3.21E-011, 
 84.30,   9.94E-012, 
 84.40,   5.20E-012, 
 84.50,   4.07E-012, 
 84.60,   3.78E-012, 
 84.70,   3.96E-012, 
 84.80,   3.79E-012, 
 84.90,   3.78E-012, 
 85.00,   4.29E-012, 
 85.10,   4.73E-012, 
 85.20,   5.49E-012, 
 85.30,   9.49E-012, 
 85.40,   3.04E-011, 
 85.50,   7.17E-011, 
 85.60,   8.36E-011, 
 85.70,   1.19E-010, 
 85.80,   1.68E-010, 
 85.90,   1.91E-010, 
 86.00,   1.40E-010, 
 86.10,   6.09E-011, 
 86.20,   1.71E-011, 
 86.30,   6.58E-012, 
 86.40,   3.14E-012, 
 86.50,   7.83E-013, 
 86.60,  -1.23E-012, 
 86.70,  -3.77E-013, 
 86.80,  -3.30E-014, 
 86.90,   2.25E-013, 
 87.00,   3.34E-013, 
 87.10,   1.52E-013, 
 87.20,  -6.51E-014, 
 87.30,  -1.35E-013, 
 87.40,  -1.53E-013, 
 87.50,  -7.04E-014, 
 87.60,   3.39E-014, 
 87.70,  -1.87E-014, 
 87.80,   1.22E-013, 
 87.90,   8.29E-014, 
 88.00,   2.48E-013, 
 88.10,   9.45E-014, 
 88.20,   2.44E-013, 
 88.30,   1.83E-013, 
 88.40,   3.25E-013, 
 88.50,   0.00E+000, 
 88.60,   4.19E-014, 
 88.70,   3.68E-013, 
 88.80,   1.19E-013, 
 88.90,   2.33E-013, 
 89.00,   1.23E-013, 
 89.10,  -3.12E-014, 
 89.20,  -1.25E-014, 
 89.30,   7.76E-014, 
 89.40,   1.16E-014, 
 89.50,   2.68E-014, 
 89.60,   8.74E-014, 
 89.70,   2.68E-013, 
 89.80,   1.98E-013, 
 89.90,   2.51E-013, 
 90.00,   1.24E-013, 
