Aug 07, 2026  01:55:02 PM
Residual Gas Analyzer Software 
Software Version, 3.214.004

Analog Scan Setup:

Data Points in Scan, 891 
Units, Torr 
Noise Floor, 2 
CEM Status, OFF 
Points Per AMU, 10
Scan Start Mass, 1, amu 
Scan Stop Mass, 90, amu
Focus Voltage, 90, Volts 
Ion Energy, HIGH 
Electron Energy, 70, eV 
CEM Voltage, 1159, Volts
CEM Gain, 1.01E+003 
Sensitivity Factor, 1.11E-004 
Filament Current, 1.00, mAmps


  1.00,   1.89E-012, 
  1.10,   1.77E-012, 
  1.20,   2.26E-013, 
  1.30,   2.72E-012, 
  1.40,   9.57E-012, 
  1.50,   1.12E-010, 
  1.60,   2.53E-010, 
  1.70,   3.27E-010, 
  1.80,   3.80E-010, 
  1.90,   4.45E-010, 
  2.00,   4.88E-010, 
  2.10,   4.86E-010, 
  2.20,   4.20E-010, 
  2.30,   2.26E-010, 
  2.40,   4.84E-011, 
  2.50,   8.41E-012, 
  2.60,   3.33E-012, 
  2.70,   2.63E-012, 
  2.80,   3.22E-012, 
  2.90,   1.45E-012, 
  3.00,  -9.95E-013, 
  3.10,  -1.10E-013, 
  3.20,   1.89E-012, 
  3.30,   4.89E-012, 
  3.40,   6.48E-012, 
  3.50,   1.43E-011, 
  3.60,   4.26E-011, 
  3.70,   6.93E-011, 
  3.80,   8.68E-011, 
  3.90,   1.22E-010, 
  4.00,   1.46E-010, 
  4.10,   1.44E-010, 
  4.20,   1.11E-010, 
  4.30,   5.06E-011, 
  4.40,   1.25E-011, 
  4.50,   4.07E-012, 
  4.60,   4.29E-012, 
  4.70,   2.03E-012, 
  4.80,  -1.03E-012, 
  4.90,  -5.40E-013, 
  5.00,  -8.74E-014, 
  5.10,   1.69E-013, 
  5.20,  -6.78E-014, 
  5.30,   7.58E-014, 
  5.40,   1.88E-013, 
  5.50,   5.89E-014, 
  5.60,   1.81E-013, 
  5.70,   4.40E-013, 
  5.80,   5.04E-013, 
  5.90,  -9.81E-014, 
  6.00,  -2.68E-013, 
  6.10,  -1.65E-013, 
  6.20,  -1.85E-013, 
  6.30,  -1.67E-013, 
  6.40,  -2.80E-013, 
  6.50,  -1.09E-013, 
  6.60,  -1.36E-013, 
  6.70,  -6.51E-014, 
  6.80,   8.92E-016, 
  6.90,  -1.92E-013, 
  7.00,  -8.56E-014, 
  7.10,  -4.28E-014, 
  7.20,   2.59E-014, 
  7.30,   4.90E-014, 
  7.40,  -1.96E-014, 
  7.50,   1.36E-013, 
  7.60,   4.10E-014, 
  7.70,   3.22E-013, 
  7.80,   3.30E-013, 
  7.90,   1.73E-013, 
  8.00,   1.64E-013, 
  8.10,   1.06E-013, 
  8.20,  -5.97E-014, 
  8.30,  -2.43E-013, 
  8.40,   6.24E-015, 
  8.50,  -6.24E-014, 
  8.60,  -1.69E-013, 
  8.70,  -2.68E-013, 
  8.80,   7.13E-014, 
  8.90,   9.81E-014, 
  9.00,   1.69E-014, 
  9.10,  -1.19E-013, 
  9.20,  -2.41E-014, 
  9.30,  -3.30E-014, 
  9.40,   2.94E-014, 
  9.50,  -7.85E-014, 
  9.60,  -8.74E-014, 
  9.70,  -1.30E-013, 
  9.80,   7.94E-014, 
  9.90,   5.08E-014, 
 10.00,   1.71E-013, 
 10.10,   1.09E-013, 
 10.20,  -2.76E-014, 
 10.30,  -1.44E-013, 
 10.40,  -5.35E-015, 
 10.50,  -3.83E-014, 
 10.60,  -1.78E-015, 
 10.70,  -1.35E-013, 
 10.80,  -1.58E-013, 
 10.90,  -1.34E-013, 
 11.00,   1.78E-014, 
 11.10,  -4.19E-014, 
 11.20,   1.09E-013, 
 11.30,   4.46E-015, 
 11.40,   2.23E-014, 
 11.50,   9.99E-014, 
 11.60,   2.72E-013, 
 11.70,   5.53E-013, 
 11.80,   6.73E-013, 
 11.90,   8.45E-013, 
 12.00,   4.10E-012, 
 12.10,   2.56E-012, 
 12.20,   9.58E-013, 
 12.30,  -1.31E-012, 
 12.40,  -5.50E-013, 
 12.50,  -2.03E-013, 
 12.60,  -1.32E-013, 
 12.70,   1.25E-013, 
 12.80,   6.98E-013, 
 12.90,   3.59E-013, 
 13.00,   3.01E-013, 
 13.10,   1.22E-012, 
 13.20,   3.70E-012, 
 13.30,   2.24E-012, 
 13.40,   1.87E-012, 
 13.50,   4.43E-012, 
 13.60,   9.74E-012, 
 13.70,   1.51E-011, 
 13.80,   2.16E-011, 
 13.90,   2.77E-011, 
 14.00,   3.09E-011, 
 14.10,   2.88E-011, 
 14.20,   2.18E-011, 
 14.30,   1.07E-011, 
 14.40,   4.63E-012, 
 14.50,   3.55E-012, 
 14.60,   4.98E-012, 
 14.70,   6.86E-012, 
 14.80,   9.01E-012, 
 14.90,   1.18E-011, 
 15.00,   1.35E-011, 
 15.10,   1.34E-011, 
 15.20,   1.15E-011, 
 15.30,   6.55E-012, 
 15.40,   3.36E-012, 
 15.50,   1.87E-012, 
 15.60,   3.25E-012, 
 15.70,   8.36E-012, 
 15.80,   1.14E-011, 
 15.90,   1.49E-011, 
 16.00,   1.74E-011, 
 16.10,   1.69E-011, 
 16.20,   1.35E-011, 
 16.30,   7.09E-012, 
 16.40,   2.98E-012, 
 16.50,   1.22E-012, 
 16.60,   6.71E-013, 
 16.70,  -2.32E-014, 
 16.80,   4.42E-013, 
 16.90,   1.11E-013, 
 17.00,   5.23E-013, 
 17.10,   5.45E-013, 
 17.20,  -3.01E-013, 
 17.30,   4.34E-013, 
 17.40,  -8.29E-014, 
 17.50,  -1.20E-012, 
 17.60,   2.16E-012, 
 17.70,   2.48E-012, 
 17.80,   1.00E-012, 
 17.90,   4.67E-012, 
 18.00,   2.58E-012, 
 18.10,   2.52E-012, 
 18.20,   1.83E-012, 
 18.30,   1.48E-012, 
 18.40,   3.13E-013, 
 18.50,   1.44E-013, 
 18.60,   2.10E-013, 
 18.70,   1.60E-012, 
 18.80,   8.60E-013, 
 18.90,  -9.79E-013, 
 19.00,  -3.59E-013, 
 19.10,  -2.96E-012, 
 19.20,   3.48E-013, 
 19.30,   2.05E-012, 
 19.40,   3.85E-012, 
 19.50,   3.62E-012, 
 19.60,   3.98E-012, 
 19.70,   4.78E-012, 
 19.80,   5.70E-012, 
 19.90,   4.80E-012, 
 20.00,   5.34E-012, 
 20.10,   6.09E-012, 
 20.20,   6.29E-012, 
 20.30,   4.85E-012, 
 20.40,   1.82E-012, 
 20.50,  -1.25E-012, 
 20.60,  -6.40E-013, 
 20.70,  -5.05E-013, 
 20.80,  -2.41E-013, 
 20.90,  -1.99E-013, 
 21.00,  -1.22E-013, 
 21.10,  -2.59E-014, 
 21.20,   3.83E-014, 
 21.30,   1.27E-013, 
 21.40,   2.09E-013, 
 21.50,   2.69E-013, 
 21.60,   8.29E-014, 
 21.70,   1.36E-013, 
 21.80,   8.47E-014, 
 21.90,   8.92E-015, 
 22.00,  -5.35E-014, 
 22.10,  -1.33E-013, 
 22.20,  -7.31E-014, 
 22.30,  -6.69E-014, 
 22.40,   4.28E-014, 
 22.50,   1.78E-013, 
 22.60,   8.11E-014, 
 22.70,  -8.83E-014, 
 22.80,  -3.86E-013, 
 22.90,  -4.94E-013, 
 23.00,  -2.56E-013, 
 23.10,  -9.27E-014, 
 23.20,  -3.12E-014, 
 23.30,  -1.51E-013, 
 23.40,  -2.56E-013, 
 23.50,  -4.00E-013, 
 23.60,  -3.25E-013, 
 23.70,  -2.05E-013, 
 23.80,  -3.58E-013, 
 23.90,  -1.05E-013, 
 24.00,   1.69E-013, 
 24.10,   1.96E-014, 
 24.20,  -1.52E-014, 
 24.30,   2.02E-013, 
 24.40,   2.46E-013, 
 24.50,   1.08E-013, 
 24.60,   1.77E-013, 
 24.70,   1.61E-013, 
 24.80,   1.44E-013, 
 24.90,   1.70E-013, 
 25.00,  -1.28E-013, 
 25.10,  -4.14E-013, 
 25.20,   2.50E-014, 
 25.30,   1.16E-014, 
 25.40,   1.19E-013, 
 25.50,  -2.94E-014, 
 25.60,   2.05E-014, 
 25.70,  -2.41E-014, 
 25.80,  -1.28E-013, 
 25.90,   7.40E-014, 
 26.00,  -2.76E-014, 
 26.10,  -5.35E-015, 
 26.20,   1.52E-013, 
 26.30,   6.24E-014, 
 26.40,   2.17E-013, 
 26.50,   2.10E-013, 
 26.60,   5.44E-014, 
 26.70,  -1.52E-014, 
 26.80,   2.30E-013, 
 26.90,   1.02E-012, 
 27.00,   4.18E-012, 
 27.10,   3.45E-012, 
 27.20,   4.73E-012, 
 27.30,   9.36E-012, 
 27.40,   2.95E-011, 
 27.50,   1.21E-010, 
 27.60,   2.26E-010, 
 27.70,   2.73E-010, 
 27.80,   3.26E-010, 
 27.90,   3.60E-010, 
 28.00,   3.65E-010, 
 28.10,   3.14E-010, 
 28.20,   1.69E-010, 
 28.30,   2.56E-011, 
 28.40,   6.98E-012, 
 28.50,   6.18E-012, 
 28.60,   3.95E-012, 
 28.70,   3.07E-012, 
 28.80,   2.37E-012, 
 28.90,   2.37E-012, 
 29.00,   2.70E-012, 
 29.10,   2.63E-012, 
 29.20,   2.17E-012, 
 29.30,  -1.03E-012, 
 29.40,  -1.28E-012, 
 29.50,  -2.24E-013, 
 29.60,   5.07E-013, 
 29.70,   4.17E-012, 
 29.80,   2.80E-012, 
 29.90,   2.39E-012, 
 30.00,   2.23E-012, 
 30.10,   2.25E-012, 
 30.20,   1.49E-012, 
 30.30,  -1.82E-012, 
 30.40,  -1.26E-012, 
 30.50,  -7.33E-013, 
 30.60,  -3.32E-013, 
 30.70,  -3.10E-013, 
 30.80,  -5.89E-013, 
 30.90,  -1.75E-013, 
 31.00,  -1.80E-013, 
 31.10,  -8.65E-014, 
 31.20,   1.20E-013, 
 31.30,   1.86E-013, 
 31.40,   5.01E-013, 
 31.50,   1.88E-012, 
 31.60,   2.71E-012, 
 31.70,   3.78E-012, 
 31.80,   4.85E-012, 
 31.90,   5.03E-012, 
 32.00,   5.92E-012, 
 32.10,   5.69E-012, 
 32.20,   3.76E-012, 
 32.30,   1.59E-012, 
 32.40,   1.49E-012, 
 32.50,   3.07E-012, 
 32.60,  -1.15E-012, 
 32.70,  -6.69E-013, 
 32.80,  -3.25E-013, 
 32.90,  -2.23E-013, 
 33.00,  -4.55E-014, 
 33.10,  -1.68E-013, 
 33.20,  -2.68E-013, 
 33.30,  -1.15E-013, 
 33.40,  -1.47E-013, 
 33.50,  -2.57E-013, 
 33.60,  -2.98E-013, 
 33.70,  -1.51E-013, 
 33.80,  -1.30E-013, 
 33.90,  -1.44E-013, 
 34.00,   1.25E-014, 
 34.10,   1.68E-013, 
 34.20,   2.60E-013, 
 34.30,   2.45E-013, 
 34.40,  -3.17E-013, 
 34.50,  -2.68E-013, 
 34.60,  -2.75E-013, 
 34.70,  -3.25E-013, 
 34.80,  -2.91E-013, 
 34.90,  -3.95E-013, 
 35.00,  -2.08E-013, 
 35.10,  -3.32E-013, 
 35.20,  -1.69E-013, 
 35.30,  -1.54E-013, 
 35.40,   1.33E-013, 
 35.50,   1.13E-013, 
 35.60,   1.33E-013, 
 35.70,  -1.10E-013, 
 35.80,  -1.10E-013, 
 35.90,  -2.50E-014, 
 36.00,   1.20E-013, 
 36.10,   3.48E-014, 
 36.20,  -8.65E-014, 
 36.30,  -1.28E-013, 
 36.40,  -1.54E-013, 
 36.50,  -4.77E-013, 
 36.60,  -3.90E-013, 
 36.70,  -3.04E-013, 
 36.80,  -2.05E-013, 
 36.90,  -8.83E-014, 
 37.00,  -1.42E-013, 
 37.10,  -4.10E-014, 
 37.20,  -1.68E-013, 
 37.30,   7.13E-015, 
 37.40,   2.02E-013, 
 37.50,   1.44E-013, 
 37.60,   2.85E-014, 
 37.70,  -3.57E-014, 
 37.80,  -8.29E-014, 
 37.90,  -4.29E-013, 
 38.00,  -1.26E-013, 
 38.10,   4.90E-014, 
 38.20,  -4.99E-014, 
 38.30,   5.89E-014, 
 38.40,  -1.78E-015, 
 38.50,   2.70E-013, 
 38.60,   2.90E-012, 
 38.70,   2.83E-012, 
 38.80,   2.01E-012, 
 38.90,   1.68E-012, 
 39.00,  -1.34E-012, 
 39.10,   1.79E-013, 
 39.20,   4.25E-012, 
 39.30,   5.71E-012, 
 39.40,   1.05E-011, 
 39.50,   2.92E-011, 
 39.60,   4.86E-011, 
 39.70,   6.30E-011, 
 39.80,   7.71E-011, 
 39.90,   8.45E-011, 
 40.00,   8.32E-011, 
 40.10,   6.37E-011, 
 40.20,   2.45E-011, 
 40.30,   9.10E-012, 
 40.40,   9.57E-012, 
 40.50,   1.59E-011, 
 40.60,   2.17E-011, 
 40.70,   2.83E-011, 
 40.80,   3.58E-011, 
 40.90,   4.74E-011, 
 41.00,   5.65E-011, 
 41.10,   5.51E-011, 
 41.20,   4.51E-011, 
 41.30,   4.88E-011, 
 41.40,   8.12E-011, 
 41.50,   1.28E-010, 
 41.60,   1.39E-010, 
 41.70,   1.48E-010, 
 41.80,   1.74E-010, 
 41.90,   1.91E-010, 
 42.00,   1.81E-010, 
 42.10,   1.22E-010, 
 42.20,   4.07E-011, 
 42.30,   1.36E-011, 
 42.40,   1.27E-011, 
 42.50,   2.23E-011, 
 42.60,   3.09E-011, 
 42.70,   3.86E-011, 
 42.80,   4.92E-011, 
 42.90,   5.44E-011, 
 43.00,   5.48E-011, 
 43.10,   4.04E-011, 
 43.20,   1.71E-011, 
 43.30,   6.45E-012, 
 43.40,   3.17E-012, 
 43.50,   2.26E-012, 
 43.60,   2.27E-012, 
 43.70,   2.65E-012, 
 43.80,   3.00E-012, 
 43.90,   3.61E-012, 
 44.00,   3.89E-012, 
 44.10,   1.99E-012, 
 44.20,   8.03E-015, 
 44.30,   2.05E-012, 
 44.40,  -5.70E-013, 
 44.50,  -3.27E-013, 
 44.60,   1.61E-014, 
 44.70,   5.26E-014, 
 44.80,  -2.47E-013, 
 44.90,  -1.30E-013, 
 45.00,   4.82E-014, 
 45.10,   9.45E-014, 
 45.20,  -2.41E-013, 
 45.30,  -3.77E-013, 
 45.40,  -1.97E-013, 
 45.50,  -1.04E-013, 
 45.60,  -1.92E-013, 
 45.70,  -1.34E-014, 
 45.80,   1.20E-013, 
 45.90,   2.85E-014, 
 46.00,   2.17E-013, 
 46.10,   1.02E-013, 
 46.20,  -3.03E-014, 
 46.30,   1.25E-014, 
 46.40,  -3.00E-013, 
 46.50,  -2.50E-013, 
 46.60,  -8.11E-014, 
 46.70,   6.15E-014, 
 46.80,   2.23E-014, 
 46.90,   5.35E-015, 
 47.00,  -7.40E-014, 
 47.10,  -3.57E-015, 
 47.20,  -1.59E-013, 
 47.30,  -2.04E-013, 
 47.40,  -3.82E-013, 
 47.50,  -3.72E-013, 
 47.60,   1.07E-014, 
 47.70,   2.18E-013, 
 47.80,  -1.34E-014, 
 47.90,  -1.35E-013, 
 48.00,   7.13E-014, 
 48.10,   8.03E-014, 
 48.20,  -2.26E-013, 
 48.30,  -1.12E-013, 
 48.40,  -2.17E-013, 
 48.50,  -3.19E-013, 
 48.60,  -3.55E-013, 
 48.70,  -2.96E-013, 
 48.80,  -2.85E-013, 
 48.90,  -1.54E-013, 
 49.00,  -2.20E-013, 
 49.10,  -4.82E-014, 
 49.20,  -8.56E-014, 
 49.30,  -2.40E-013, 
 49.40,  -1.18E-013, 
 49.50,  -2.13E-013, 
 49.60,   4.46E-015, 
 49.70,  -5.08E-014, 
 49.80,  -9.72E-014, 
 49.90,  -7.94E-014, 
 50.00,  -3.07E-013, 
 50.10,  -3.57E-013, 
 50.20,  -5.05E-013, 
 50.30,  -3.17E-013, 
 50.40,  -1.46E-013, 
 50.50,  -8.74E-014, 
 50.60,  -1.17E-013, 
 50.70,  -1.33E-013, 
 50.80,  -2.43E-013, 
 50.90,  -4.16E-013, 
 51.00,  -4.16E-013, 
 51.10,  -6.33E-013, 
 51.20,  -4.08E-013, 
 51.30,  -2.02E-013, 
 51.40,  -3.97E-013, 
 51.50,  -1.14E-013, 
 51.60,  -7.94E-014, 
 51.70,  -2.85E-013, 
 51.80,  -2.33E-013, 
 51.90,  -1.47E-013, 
 52.00,  -1.61E-013, 
 52.10,  -1.72E-013, 
 52.20,  -2.17E-013, 
 52.30,  -1.34E-014, 
 52.40,  -5.53E-014, 
 52.50,  -1.28E-013, 
 52.60,   3.39E-014, 
 52.70,  -1.42E-013, 
 52.80,  -2.00E-013, 
 52.90,  -3.57E-013, 
 53.00,  -1.13E-013, 
 53.10,  -1.87E-013, 
 53.20,  -3.95E-013, 
 53.30,  -3.25E-013, 
 53.40,  -2.40E-013, 
 53.50,  -8.83E-014, 
 53.60,  -2.60E-013, 
 53.70,  -6.69E-014, 
 53.80,  -1.22E-013, 
 53.90,  -1.36E-013, 
 54.00,  -2.33E-013, 
 54.10,  -1.39E-013, 
 54.20,   2.86E-013, 
 54.30,  -1.20E-013, 
 54.40,   6.33E-014, 
 54.50,   1.53E-013, 
 54.60,   1.73E-013, 
 54.70,   1.07E-014, 
 54.80,  -9.90E-014, 
 54.90,  -8.65E-014, 
 55.00,   1.10E-013, 
 55.10,   3.48E-014, 
 55.20,  -3.11E-013, 
 55.30,  -4.11E-013, 
 55.40,  -1.65E-013, 
 55.50,  -2.18E-013, 
 55.60,  -3.63E-013, 
 55.70,  -3.06E-013, 
 55.80,  -2.23E-013, 
 55.90,  -2.33E-013, 
 56.00,  -1.23E-013, 
 56.10,  -2.06E-013, 
 56.20,  -1.62E-013, 
 56.30,  -2.68E-014, 
 56.40,  -6.78E-014, 
 56.50,   6.96E-014, 
 56.60,   3.30E-014, 
 56.70,  -8.03E-015, 
 56.80,  -3.66E-014, 
 56.90,  -8.11E-014, 
 57.00,  -1.63E-013, 
 57.10,  -6.60E-014, 
 57.20,  -6.06E-014, 
 57.30,  -8.56E-014, 
 57.40,   6.33E-014, 
 57.50,  -1.65E-013, 
 57.60,  -3.03E-014, 
 57.70,   4.46E-014, 
 57.80,   8.83E-014, 
 57.90,  -3.30E-014, 
 58.00,  -1.47E-013, 
 58.10,  -2.28E-013, 
 58.20,  -1.16E-014, 
 58.30,   2.89E-013, 
 58.40,   1.24E-013, 
 58.50,   2.05E-014, 
 58.60,  -1.74E-013, 
 58.70,  -7.31E-014, 
 58.80,  -1.42E-013, 
 58.90,  -8.65E-014, 
 59.00,  -7.22E-014, 
 59.10,  -6.51E-014, 
 59.20,  -5.17E-014, 
 59.30,  -3.12E-014, 
 59.40,  -5.62E-014, 
 59.50,  -1.13E-013, 
 59.60,  -9.81E-014, 
 59.70,   1.10E-013, 
 59.80,   2.52E-013, 
 59.90,   1.16E-014, 
 60.00,   1.43E-014, 
 60.10,   9.81E-014, 
 60.20,   5.62E-014, 
 60.30,   6.78E-014, 
 60.40,  -2.05E-013, 
 60.50,  -1.94E-013, 
 60.60,  -2.88E-013, 
 60.70,  -1.33E-013, 
 60.80,  -2.83E-013, 
 60.90,  -4.01E-014, 
 61.00,   1.96E-014, 
 61.10,  -2.14E-014, 
 61.20,  -1.02E-013, 
 61.30,  -3.10E-013, 
 61.40,  -2.72E-013, 
 61.50,  -3.98E-013, 
 61.60,  -1.77E-013, 
 61.70,  -2.13E-013, 
 61.80,  -2.27E-013, 
 61.90,  -1.49E-013, 
 62.00,   1.16E-014, 
 62.10,  -1.49E-013, 
 62.20,  -2.49E-013, 
 62.30,  -1.38E-013, 
 62.40,  -4.55E-014, 
 62.50,  -2.40E-013, 
 62.60,  -4.81E-013, 
 62.70,  -3.19E-013, 
 62.80,  -2.05E-014, 
 62.90,  -2.05E-014, 
 63.00,  -6.96E-014, 
 63.10,   2.14E-014, 
 63.20,   1.16E-013, 
 63.30,   3.96E-013, 
 63.40,   8.74E-014, 
 63.50,  -1.93E-013, 
 63.60,  -1.12E-013, 
 63.70,  -3.02E-013, 
 63.80,  -1.57E-013, 
 63.90,   1.06E-013, 
 64.00,   5.62E-014, 
 64.10,   7.04E-014, 
 64.20,  -1.82E-013, 
 64.30,  -3.80E-013, 
 64.40,  -2.53E-013, 
 64.50,  -2.09E-013, 
 64.60,  -1.33E-013, 
 64.70,  -3.66E-014, 
 64.80,   2.94E-014, 
 64.90,  -6.24E-014, 
 65.00,   4.73E-014, 
 65.10,   1.52E-013, 
 65.20,  -6.96E-014, 
 65.30,   2.68E-015, 
 65.40,   9.45E-014, 
 65.50,   1.24E-013, 
 65.60,   2.05E-013, 
 65.70,  -5.89E-014, 
 65.80,  -4.90E-014, 
 65.90,   2.03E-013, 
 66.00,   1.16E-014, 
 66.10,   3.30E-014, 
 66.20,  -1.34E-013, 
 66.30,  -1.19E-013, 
 66.40,   3.12E-014, 
 66.50,   5.26E-014, 
 66.60,   2.14E-014, 
 66.70,  -2.41E-014, 
 66.80,  -3.48E-014, 
 66.90,  -2.50E-014, 
 67.00,  -2.68E-014, 
 67.10,  -4.37E-014, 
 67.20,  -1.36E-013, 
 67.30,  -2.03E-013, 
 67.40,  -1.19E-013, 
 67.50,   4.46E-015, 
 67.60,   1.05E-013, 
 67.70,  -1.23E-013, 
 67.80,  -2.55E-013, 
 67.90,  -1.38E-013, 
 68.00,  -1.22E-013, 
 68.10,  -2.03E-013, 
 68.20,  -1.86E-013, 
 68.30,  -1.01E-013, 
 68.40,  -8.92E-015, 
 68.50,  -1.09E-013, 
 68.60,   1.16E-014, 
 68.70,   6.60E-014, 
 68.80,  -1.21E-013, 
 68.90,  -2.76E-013, 
 69.00,  -2.90E-013, 
 69.10,  -6.15E-014, 
 69.20,  -8.20E-014, 
 69.30,  -4.35E-013, 
 69.40,  -4.58E-013, 
 69.50,  -2.56E-013, 
 69.60,  -2.25E-013, 
 69.70,  -2.79E-013, 
 69.80,  -2.44E-013, 
 69.90,  -2.41E-013, 
 70.00,   7.49E-014, 
 70.10,  -1.50E-013, 
 70.20,  -5.17E-014, 
 70.30,  -5.97E-014, 
 70.40,   1.16E-014, 
 70.50,   8.03E-014, 
 70.60,   1.40E-013, 
 70.70,   4.19E-014, 
 70.80,  -3.12E-014, 
 70.90,   2.85E-014, 
 71.00,   5.97E-014, 
 71.10,  -4.19E-014, 
 71.20,  -1.96E-014, 
 71.30,  -1.23E-013, 
 71.40,  -1.28E-013, 
 71.50,   1.22E-013, 
 71.60,   5.17E-014, 
 71.70,   5.62E-014, 
 71.80,  -5.35E-014, 
 71.90,  -2.00E-013, 
 72.00,  -1.88E-013, 
 72.10,   6.60E-014, 
 72.20,  -1.29E-013, 
 72.30,  -2.15E-013, 
 72.40,  -4.32E-013, 
 72.50,  -5.81E-013, 
 72.60,  -3.58E-013, 
 72.70,  -1.31E-013, 
 72.80,  -2.68E-013, 
 72.90,  -9.99E-014, 
 73.00,  -6.96E-014, 
 73.10,  -8.92E-014, 
 73.20,  -8.03E-015, 
 73.30,  -7.40E-014, 
 73.40,   1.11E-013, 
 73.50,  -6.42E-014, 
 73.60,  -2.98E-013, 
 73.70,  -1.48E-013, 
 73.80,  -7.13E-014, 
 73.90,  -1.17E-013, 
 74.00,   1.52E-014, 
 74.10,   1.49E-013, 
 74.20,  -1.54E-013, 
 74.30,  -8.83E-014, 
 74.40,  -1.23E-013, 
 74.50,  -2.14E-014, 
 74.60,  -2.68E-014, 
 74.70,  -3.57E-014, 
 74.80,  -2.21E-013, 
 74.90,  -2.41E-013, 
 75.00,  -4.82E-014, 
 75.10,  -2.21E-013, 
 75.20,  -1.85E-013, 
 75.30,  -7.22E-014, 
 75.40,  -8.47E-014, 
 75.50,  -1.35E-013, 
 75.60,  -2.68E-014, 
 75.70,  -2.14E-014, 
 75.80,  -1.27E-013, 
 75.90,   1.12E-013, 
 76.00,  -2.41E-014, 
 76.10,  -2.51E-013, 
 76.20,  -1.69E-013, 
 76.30,  -1.94E-013, 
 76.40,   1.28E-013, 
 76.50,   1.16E-013, 
 76.60,   2.27E-013, 
 76.70,   1.72E-013, 
 76.80,   2.97E-013, 
 76.90,   2.32E-013, 
 77.00,  -1.82E-013, 
 77.10,  -6.33E-014, 
 77.20,   7.31E-014, 
 77.30,   1.54E-013, 
 77.40,   4.95E-013, 
 77.50,   4.93E-012, 
 77.60,   3.86E-012, 
 77.70,   4.25E-012, 
 77.80,   5.43E-012, 
 77.90,   6.35E-012, 
 78.00,   6.43E-012, 
 78.10,   4.33E-012, 
 78.20,   2.32E-012, 
 78.30,  -2.96E-013, 
 78.40,  -1.32E-012, 
 78.50,  -4.40E-013, 
 78.60,  -1.56E-013, 
 78.70,   3.85E-013, 
 78.80,   5.07E-013, 
 78.90,   6.56E-013, 
 79.00,   9.77E-013, 
 79.10,   4.30E-012, 
 79.20,   3.09E-012, 
 79.30,   2.94E-012, 
 79.40,   6.20E-012, 
 79.50,   1.37E-011, 
 79.60,   1.86E-011, 
 79.70,   2.60E-011, 
 79.80,   3.67E-011, 
 79.90,   4.53E-011, 
 80.00,   4.07E-011, 
 80.10,   2.31E-011, 
 80.20,   9.66E-012, 
 80.30,   4.62E-012, 
 80.40,   3.09E-012, 
 80.50,   3.03E-012, 
 80.60,   3.25E-012, 
 80.70,   3.65E-012, 
 80.80,   4.14E-012, 
 80.90,   4.47E-012, 
 81.00,   5.17E-012, 
 81.10,   5.85E-012, 
 81.20,   7.90E-012, 
 81.30,   1.37E-011, 
 81.40,   4.53E-011, 
 81.50,   1.01E-010, 
 81.60,   1.15E-010, 
 81.70,   1.58E-010, 
 81.80,   2.14E-010, 
 81.90,   2.45E-010, 
 82.00,   1.87E-010, 
 82.10,   8.20E-011, 
 82.20,   3.03E-011, 
 82.30,   2.45E-011, 
 82.40,   5.23E-011, 
 82.50,   1.08E-010, 
 82.60,   1.26E-010, 
 82.70,   1.68E-010, 
 82.80,   2.30E-010, 
 82.90,   2.58E-010, 
 83.00,   2.02E-010, 
 83.10,   1.06E-010, 
 83.20,   5.26E-011, 
 83.30,   7.93E-011, 
 83.40,   2.88E-010, 
 83.50,   5.28E-010, 
 83.60,   5.71E-010, 
 83.70,   8.20E-010, 
 83.80,   1.08E-009, 
 83.90,   1.20E-009, 
 84.00,   8.23E-010, 
 84.10,   3.13E-010, 
 84.20,   4.15E-011, 
 84.30,   1.17E-011, 
 84.40,   7.08E-012, 
 84.50,   5.99E-012, 
 84.60,   6.08E-012, 
 84.70,   6.07E-012, 
 84.80,   6.49E-012, 
 84.90,   6.78E-012, 
 85.00,   7.02E-012, 
 85.10,   8.29E-012, 
 85.20,   1.04E-011, 
 85.30,   1.83E-011, 
 85.40,   6.98E-011, 
 85.50,   1.43E-010, 
 85.60,   1.58E-010, 
 85.70,   2.30E-010, 
 85.80,   3.11E-010, 
 85.90,   3.47E-010, 
 86.00,   2.46E-010, 
 86.10,   9.92E-011, 
 86.20,   2.26E-011, 
 86.30,   7.69E-012, 
 86.40,   3.52E-012, 
 86.50,   1.69E-012, 
 86.60,  -1.98E-012, 
 86.70,  -8.44E-013, 
 86.80,  -3.60E-013, 
 86.90,  -7.58E-014, 
 87.00,   4.28E-014, 
 87.10,   1.06E-013, 
 87.20,  -5.97E-014, 
 87.30,  -7.40E-014, 
 87.40,  -9.45E-014, 
 87.50,  -3.09E-013, 
 87.60,  -2.02E-013, 
 87.70,   6.42E-014, 
 87.80,   5.71E-014, 
 87.90,  -1.83E-013, 
 88.00,  -8.92E-014, 
 88.10,  -2.42E-013, 
 88.20,  -2.92E-013, 
 88.30,  -2.47E-013, 
 88.40,  -8.56E-014, 
 88.50,   4.46E-014, 
 88.60,  -2.84E-013, 
 88.70,  -3.20E-013, 
 88.80,  -1.85E-013, 
 88.90,  -3.26E-013, 
 89.00,  -2.31E-013, 
 89.10,   6.24E-014, 
 89.20,  -1.02E-013, 
 89.30,  -5.42E-013, 
 89.40,  -3.23E-013, 
 89.50,  -1.66E-013, 
 89.60,  -1.06E-013, 
 89.70,  -1.51E-013, 
 89.80,  -7.31E-014, 
 89.90,   3.83E-014, 
 90.00,   2.13E-013, 
