Jun 25, 2026  11:28:35 AM
Residual Gas Analyzer Software 
Software Version, 3.214.004

Analog Scan Setup:

Data Points in Scan, 891 
Units, Torr 
Noise Floor, 2 
CEM Status, ON 
Points Per AMU, 10
Scan Start Mass, 1, amu 
Scan Stop Mass, 90, amu
Focus Voltage, 90, Volts 
Ion Energy, HIGH 
Electron Energy, 70, eV 
CEM Voltage, 1159, Volts
CEM Gain, 1.01E+003 
Sensitivity Factor, 1.11E-004 
Filament Current, 1.00, mAmps


  1.00,  -2.33E-013, 
  1.10,  -2.75E-012, 
  1.20,   1.03E-012, 
  1.30,   2.74E-012, 
  1.40,  -7.97E-013, 
  1.50,   2.00E-011, 
  1.60,   6.37E-011, 
  1.70,   9.17E-011, 
  1.80,   1.12E-010, 
  1.90,   1.29E-010, 
  2.00,   1.44E-010, 
  2.10,   1.47E-010, 
  2.20,   1.33E-010, 
  2.30,   8.73E-011, 
  2.40,   2.76E-011, 
  2.50,   5.47E-012, 
  2.60,   2.53E-012, 
  2.70,   2.95E-012, 
  2.80,   2.12E-012, 
  2.90,  -1.19E-012, 
  3.00,  -4.67E-013, 
  3.10,  -1.16E-014, 
  3.20,   4.64E-013, 
  3.30,   3.08E-012, 
  3.40,   3.82E-012, 
  3.50,   5.24E-012, 
  3.60,   1.29E-011, 
  3.70,   2.69E-011, 
  3.80,   3.60E-011, 
  3.90,   5.07E-011, 
  4.00,   6.40E-011, 
  4.10,   6.68E-011, 
  4.20,   5.70E-011, 
  4.30,   3.28E-011, 
  4.40,   1.05E-011, 
  4.50,   3.24E-012, 
  4.60,   2.70E-012, 
  4.70,   4.56E-013, 
  4.80,  -1.69E-014, 
  4.90,   9.72E-014, 
  5.00,   4.40E-013, 
  5.10,   2.57E-013, 
  5.20,   7.49E-014, 
  5.30,   1.07E-013, 
  5.40,   1.48E-013, 
  5.50,   7.13E-014, 
  5.60,  -7.40E-014, 
  5.70,  -1.69E-014, 
  5.80,   1.48E-013, 
  5.90,   1.27E-013, 
  6.00,  -3.83E-014, 
  6.10,  -4.88E-013, 
  6.20,  -2.23E-014, 
  6.30,  -1.93E-013, 
  6.40,  -1.05E-013, 
  6.50,  -8.11E-014, 
  6.60,  -5.08E-014, 
  6.70,  -4.37E-014, 
  6.80,  -3.08E-013, 
  6.90,  -1.08E-013, 
  7.00,  -7.49E-014, 
  7.10,  -3.11E-013, 
  7.20,  -3.85E-013, 
  7.30,  -1.43E-013, 
  7.40,   1.16E-014, 
  7.50,   4.46E-015, 
  7.60,   1.12E-013, 
  7.70,   1.92E-013, 
  7.80,  -1.78E-014, 
  7.90,  -6.96E-014, 
  8.00,  -4.19E-014, 
  8.10,  -1.86E-013, 
  8.20,  -1.65E-013, 
  8.30,  -2.22E-013, 
  8.40,   1.78E-014, 
  8.50,  -9.54E-014, 
  8.60,  -1.81E-013, 
  8.70,  -1.87E-013, 
  8.80,  -1.12E-013, 
  8.90,  -6.69E-014, 
  9.00,   8.38E-014, 
  9.10,   3.57E-014, 
  9.20,   1.86E-013, 
  9.30,   6.87E-014, 
  9.40,   1.44E-013, 
  9.50,   3.56E-013, 
  9.60,   3.64E-013, 
  9.70,  -1.54E-013, 
  9.80,  -2.20E-013, 
  9.90,  -3.30E-014, 
 10.00,  -1.17E-013, 
 10.10,  -8.29E-014, 
 10.20,  -8.38E-014, 
 10.30,  -1.78E-015, 
 10.40,   1.03E-013, 
 10.50,  -1.20E-013, 
 10.60,  -1.53E-013, 
 10.70,  -2.62E-013, 
 10.80,  -2.03E-013, 
 10.90,   2.39E-013, 
 11.00,   7.85E-014, 
 11.10,  -1.58E-013, 
 11.20,  -1.34E-013, 
 11.30,  -9.63E-014, 
 11.40,  -7.04E-014, 
 11.50,   5.35E-015, 
 11.60,   1.54E-013, 
 11.70,   2.35E-013, 
 11.80,   2.36E-013, 
 11.90,   2.96E-012, 
 12.00,   2.75E-012, 
 12.10,   1.55E-012, 
 12.20,  -1.15E-012, 
 12.30,  -1.23E-012, 
 12.40,  -6.21E-013, 
 12.50,  -3.55E-013, 
 12.60,   8.83E-014, 
 12.70,   2.82E-012, 
 12.80,   3.25E-012, 
 12.90,   2.22E-012, 
 13.00,   1.76E-012, 
 13.10,   1.77E-012, 
 13.20,   1.81E-012, 
 13.30,   1.15E-012, 
 13.40,  -1.97E-012, 
 13.50,  -5.37E-013, 
 13.60,   3.98E-012, 
 13.70,   5.01E-012, 
 13.80,   5.55E-012, 
 13.90,   7.19E-012, 
 14.00,   8.12E-012, 
 14.10,   7.98E-012, 
 14.20,   4.15E-012, 
 14.30,   3.01E-012, 
 14.40,   4.68E-012, 
 14.50,   4.84E-012, 
 14.60,   7.62E-012, 
 14.70,   1.34E-011, 
 14.80,   1.75E-011, 
 14.90,   2.20E-011, 
 15.00,   2.59E-011, 
 15.10,   2.67E-011, 
 15.20,   2.22E-011, 
 15.30,   1.51E-011, 
 15.40,   6.68E-012, 
 15.50,   3.46E-012, 
 15.60,   8.34E-012, 
 15.70,   1.60E-011, 
 15.80,   2.16E-011, 
 15.90,   2.99E-011, 
 16.00,   3.50E-011, 
 16.10,   3.41E-011, 
 16.20,   2.72E-011, 
 16.30,   1.60E-011, 
 16.40,   6.33E-012, 
 16.50,   4.96E-012, 
 16.60,   7.49E-012, 
 16.70,   6.36E-012, 
 16.80,   6.75E-012, 
 16.90,   4.03E-012, 
 17.00,   1.48E-012, 
 17.10,  -1.07E-014, 
 17.20,  -3.80E-012, 
 17.30,  -6.58E-012, 
 17.40,   9.78E-013, 
 17.50,   1.32E-011, 
 17.60,   2.45E-011, 
 17.70,   1.15E-011, 
 17.80,   1.73E-011, 
 17.90,   1.54E-011, 
 18.00,   4.63E-013, 
 18.10,  -1.01E-011, 
 18.20,  -1.49E-011, 
 18.30,  -3.10E-011, 
 18.40,  -3.33E-012, 
 18.50,  -6.07E-013, 
 18.60,   2.50E-014, 
 18.70,   4.16E-013, 
 18.80,   7.67E-014, 
 18.90,   2.96E-013, 
 19.00,   2.81E-013, 
 19.10,   2.27E-012, 
 19.20,   1.03E-012, 
 19.30,  -1.51E-012, 
 19.40,  -9.77E-013, 
 19.50,  -3.09E-013, 
 19.60,   3.49E-013, 
 19.70,   4.01E-012, 
 19.80,   2.68E-012, 
 19.90,   2.39E-012, 
 20.00,  -1.07E-012, 
 20.10,   5.69E-013, 
 20.20,   1.31E-012, 
 20.30,   1.31E-012, 
 20.40,  -4.97E-013, 
 20.50,  -2.02E-013, 
 20.60,  -9.27E-014, 
 20.70,  -1.61E-013, 
 20.80,  -3.56E-013, 
 20.90,  -1.89E-013, 
 21.00,   2.21E-013, 
 21.10,  -7.31E-014, 
 21.20,  -2.79E-013, 
 21.30,  -1.61E-014, 
 21.40,   5.71E-014, 
 21.50,   9.90E-014, 
 21.60,   3.63E-013, 
 21.70,   3.02E-013, 
 21.80,   9.36E-014, 
 21.90,   1.13E-013, 
 22.00,  -1.26E-013, 
 22.10,  -4.21E-013, 
 22.20,  -4.24E-013, 
 22.30,  -3.03E-013, 
 22.40,  -3.66E-013, 
 22.50,  -1.61E-013, 
 22.60,   7.76E-014, 
 22.70,   2.92E-013, 
 22.80,   5.53E-014, 
 22.90,  -3.57E-014, 
 23.00,  -1.43E-013, 
 23.10,  -1.81E-013, 
 23.20,   6.87E-014, 
 23.30,  -8.03E-014, 
 23.40,   1.07E-013, 
 23.50,   9.27E-014, 
 23.60,  -7.94E-014, 
 23.70,   2.68E-013, 
 23.80,   2.64E-013, 
 23.90,   7.94E-014, 
 24.00,   1.15E-013, 
 24.10,   1.96E-014, 
 24.20,  -5.44E-014, 
 24.30,   1.74E-013, 
 24.40,   2.36E-013, 
 24.50,  -8.92E-015, 
 24.60,  -1.75E-013, 
 24.70,   1.80E-013, 
 24.80,   2.60E-013, 
 24.90,   2.06E-013, 
 25.00,   9.45E-014, 
 25.10,   2.29E-013, 
 25.20,   3.48E-014, 
 25.30,  -2.32E-013, 
 25.40,  -9.10E-014, 
 25.50,  -1.64E-013, 
 25.60,  -1.03E-013, 
 25.70,  -8.92E-016, 
 25.80,   5.62E-014, 
 25.90,  -1.11E-013, 
 26.00,  -1.44E-013, 
 26.10,  -4.37E-014, 
 26.20,  -1.02E-013, 
 26.30,  -4.74E-013, 
 26.40,  -2.18E-013, 
 26.50,  -1.23E-013, 
 26.60,   2.14E-014, 
 26.70,   1.34E-014, 
 26.80,   1.34E-014, 
 26.90,   1.89E-013, 
 27.00,   2.59E-014, 
 27.10,   3.68E-013, 
 27.20,   4.33E-013, 
 27.30,   2.50E-012, 
 27.40,   4.82E-012, 
 27.50,   6.94E-012, 
 27.60,   2.15E-011, 
 27.70,   3.58E-011, 
 27.80,   4.55E-011, 
 27.90,   5.29E-011, 
 28.00,   5.58E-011, 
 28.10,   5.22E-011, 
 28.20,   3.86E-011, 
 28.30,   1.38E-011, 
 28.40,   4.11E-012, 
 28.50,   2.43E-012, 
 28.60,   3.53E-012, 
 28.70,  -3.71E-013, 
 28.80,  -7.66E-013, 
 28.90,  -3.79E-013, 
 29.00,   1.23E-013, 
 29.10,   3.09E-013, 
 29.20,   3.63E-013, 
 29.30,   2.67E-013, 
 29.40,   1.42E-013, 
 29.50,   7.39E-013, 
 29.60,   4.04E-012, 
 29.70,   2.87E-012, 
 29.80,   2.01E-012, 
 29.90,   4.24E-013, 
 30.00,  -9.52E-013, 
 30.10,   2.94E-013, 
 30.20,   7.11E-013, 
 30.30,   9.45E-013, 
 30.40,  -3.54E-013, 
 30.50,   1.13E-013, 
 30.60,   1.02E-013, 
 30.70,  -1.25E-013, 
 30.80,  -1.87E-013, 
 30.90,  -2.76E-014, 
 31.00,  -1.83E-013, 
 31.10,  -2.30E-013, 
 31.20,   8.92E-015, 
 31.30,   1.37E-013, 
 31.40,   2.22E-012, 
 31.50,   4.24E-013, 
 31.60,   1.93E-012, 
 31.70,   3.48E-012, 
 31.80,   4.66E-012, 
 31.90,   5.43E-012, 
 32.00,   4.83E-012, 
 32.10,   4.26E-012, 
 32.20,   2.77E-012, 
 32.30,   7.08E-013, 
 32.40,   1.08E-013, 
 32.50,   4.12E-013, 
 32.60,  -3.78E-013, 
 32.70,  -9.01E-014, 
 32.80,  -1.72E-013, 
 32.90,   3.83E-014, 
 33.00,   6.51E-014, 
 33.10,  -1.64E-013, 
 33.20,  -1.82E-013, 
 33.30,  -2.09E-013, 
 33.40,  -1.34E-014, 
 33.50,   1.05E-013, 
 33.60,   2.14E-013, 
 33.70,   2.30E-013, 
 33.80,   1.49E-013, 
 33.90,   5.44E-014, 
 34.00,   8.92E-016, 
 34.10,   1.14E-013, 
 34.20,   1.01E-013, 
 34.30,   6.06E-014, 
 34.40,  -1.52E-013, 
 34.50,  -1.52E-013, 
 34.60,   2.15E-013, 
 34.70,  -1.49E-013, 
 34.80,  -3.31E-013, 
 34.90,  -2.53E-013, 
 35.00,  -2.73E-013, 
 35.10,  -3.20E-013, 
 35.20,   6.15E-014, 
 35.30,   3.42E-012, 
 35.40,   1.68E-012, 
 35.50,  -1.85E-012, 
 35.60,  -1.08E-012, 
 35.70,  -5.50E-013, 
 35.80,  -3.58E-013, 
 35.90,  -3.75E-013, 
 36.00,  -3.26E-013, 
 36.10,  -2.49E-013, 
 36.20,  -2.24E-013, 
 36.30,   2.41E-014, 
 36.40,   3.39E-014, 
 36.50,  -2.05E-013, 
 36.60,  -1.91E-013, 
 36.70,   1.16E-014, 
 36.80,   2.50E-014, 
 36.90,  -1.95E-013, 
 37.00,  -3.61E-013, 
 37.10,   3.66E-014, 
 37.20,   3.83E-014, 
 37.30,  -8.83E-014, 
 37.40,   1.03E-013, 
 37.50,  -1.16E-014, 
 37.60,   3.83E-014, 
 37.70,   1.78E-014, 
 37.80,   1.96E-014, 
 37.90,  -3.21E-014, 
 38.00,   1.05E-013, 
 38.10,  -7.22E-014, 
 38.20,   4.46E-014, 
 38.30,   2.30E-013, 
 38.40,   2.87E-013, 
 38.50,   4.12E-013, 
 38.60,   1.73E-013, 
 38.70,   4.25E-013, 
 38.80,   2.82E-012, 
 38.90,   2.81E-012, 
 39.00,   1.92E-012, 
 39.10,   1.53E-012, 
 39.20,   4.14E-013, 
 39.30,  -7.61E-013, 
 39.40,   2.64E-012, 
 39.50,   8.56E-012, 
 39.60,   1.35E-011, 
 39.70,   1.72E-011, 
 39.80,   1.97E-011, 
 39.90,   2.28E-011, 
 40.00,   2.69E-011, 
 40.10,   2.52E-011, 
 40.20,   1.93E-011, 
 40.30,   1.04E-011, 
 40.40,   7.03E-012, 
 40.50,   9.90E-012, 
 40.60,   1.60E-011, 
 40.70,   2.13E-011, 
 40.80,   2.74E-011, 
 40.90,   3.42E-011, 
 41.00,   4.39E-011, 
 41.10,   4.86E-011, 
 41.20,   4.13E-011, 
 41.30,   3.76E-011, 
 41.40,   5.11E-011, 
 41.50,   9.50E-011, 
 41.60,   1.21E-010, 
 41.70,   1.22E-010, 
 41.80,   1.36E-010, 
 41.90,   1.55E-010, 
 42.00,   1.59E-010, 
 42.10,   1.29E-010, 
 42.20,   6.42E-011, 
 42.30,   1.76E-011, 
 42.40,   1.07E-011, 
 42.50,   1.53E-011, 
 42.60,   2.33E-011, 
 42.70,   2.89E-011, 
 42.80,   3.77E-011, 
 42.90,   4.43E-011, 
 43.00,   4.79E-011, 
 43.10,   4.19E-011, 
 43.20,   2.44E-011, 
 43.30,   9.79E-012, 
 43.40,   4.23E-012, 
 43.50,   2.65E-012, 
 43.60,   2.16E-012, 
 43.70,  -1.19E-013, 
 43.80,  -5.50E-013, 
 43.90,   1.00E-012, 
 44.00,   1.63E-012, 
 44.10,   2.01E-012, 
 44.20,   1.22E-012, 
 44.30,   2.31E-012, 
 44.40,  -7.06E-013, 
 44.50,  -4.80E-013, 
 44.60,  -9.45E-014, 
 44.70,  -3.03E-014, 
 44.80,   4.10E-014, 
 44.90,  -1.76E-013, 
 45.00,   2.85E-014, 
 45.10,   3.15E-013, 
 45.20,   6.33E-014, 
 45.30,   2.20E-013, 
 45.40,   1.42E-013, 
 45.50,   9.10E-014, 
 45.60,   2.17E-013, 
 45.70,   2.24E-013, 
 45.80,   3.30E-013, 
 45.90,   1.01E-013, 
 46.00,   1.19E-013, 
 46.10,  -6.51E-014, 
 46.20,   1.19E-013, 
 46.30,   2.29E-013, 
 46.40,   2.68E-015, 
 46.50,   2.02E-013, 
 46.60,   2.39E-013, 
 46.70,   6.24E-014, 
 46.80,  -7.67E-014, 
 46.90,  -1.85E-013, 
 47.00,  -8.83E-014, 
 47.10,   1.52E-014, 
 47.20,  -4.02E-013, 
 47.30,  -4.90E-013, 
 47.40,  -3.45E-013, 
 47.50,  -4.19E-013, 
 47.60,  -3.58E-013, 
 47.70,   1.14E-013, 
 47.80,   3.08E-013, 
 47.90,   1.61E-013, 
 48.00,   1.52E-013, 
 48.10,   2.14E-013, 
 48.20,   1.47E-013, 
 48.30,  -2.85E-014, 
 48.40,  -9.10E-014, 
 48.50,  -4.19E-014, 
 48.60,   1.87E-014, 
 48.70,  -6.96E-014, 
 48.80,   3.48E-014, 
 48.90,   3.89E-013, 
 49.00,   2.33E-013, 
 49.10,   1.91E-013, 
 49.20,   6.06E-014, 
 49.30,  -2.68E-015, 
 49.40,  -2.43E-013, 
 49.50,  -2.40E-013, 
 49.60,  -1.77E-013, 
 49.70,  -1.91E-013, 
 49.80,  -2.42E-013, 
 49.90,  -1.39E-013, 
 50.00,   9.54E-014, 
 50.10,   2.27E-013, 
 50.20,   4.93E-013, 
 50.30,   1.94E-013, 
 50.40,  -3.48E-014, 
 50.50,   9.99E-014, 
 50.60,  -2.89E-013, 
 50.70,  -4.41E-013, 
 50.80,  -9.01E-014, 
 50.90,   2.58E-013, 
 51.00,  -2.68E-015, 
 51.10,  -2.29E-013, 
 51.20,  -2.48E-013, 
 51.30,  -1.13E-013, 
 51.40,   6.15E-014, 
 51.50,   2.07E-013, 
 51.60,  -8.92E-014, 
 51.70,  -2.21E-013, 
 51.80,  -2.29E-013, 
 51.90,  -2.26E-013, 
 52.00,  -2.32E-013, 
 52.10,   3.75E-014, 
 52.20,   4.55E-014, 
 52.30,  -3.92E-014, 
 52.40,  -6.42E-014, 
 52.50,   1.06E-013, 
 52.60,   5.80E-014, 
 52.70,  -3.32E-013, 
 52.80,  -2.68E-013, 
 52.90,  -1.69E-013, 
 53.00,  -3.27E-013, 
 53.10,  -2.06E-013, 
 53.20,  -2.60E-013, 
 53.30,  -3.66E-014, 
 53.40,  -2.23E-014, 
 53.50,  -1.96E-013, 
 53.60,  -2.25E-013, 
 53.70,  -1.41E-013, 
 53.80,  -2.80E-013, 
 53.90,  -9.81E-015, 
 54.00,   2.76E-014, 
 54.10,  -1.14E-013, 
 54.20,   4.46E-014, 
 54.30,  -1.52E-014, 
 54.40,   7.49E-014, 
 54.50,   2.73E-013, 
 54.60,   2.68E-014, 
 54.70,   2.49E-013, 
 54.80,   2.06E-013, 
 54.90,   4.46E-015, 
 55.00,  -2.19E-013, 
 55.10,  -1.52E-013, 
 55.20,  -1.15E-013, 
 55.30,  -8.83E-014, 
 55.40,   4.01E-014, 
 55.50,  -4.90E-014, 
 55.60,   7.67E-014, 
 55.70,   1.13E-013, 
 55.80,  -1.25E-014, 
 55.90,   1.02E-013, 
 56.00,  -2.46E-013, 
 56.10,  -1.95E-013, 
 56.20,  -3.12E-014, 
 56.30,   1.11E-013, 
 56.40,   3.12E-014, 
 56.50,   1.02E-013, 
 56.60,  -1.07E-013, 
 56.70,  -2.68E-013, 
 56.80,   1.87E-014, 
 56.90,   5.35E-015, 
 57.00,  -2.05E-013, 
 57.10,   3.92E-014, 
 57.20,   1.69E-014, 
 57.30,  -3.23E-013, 
 57.40,  -1.54E-013, 
 57.50,  -3.17E-013, 
 57.60,  -2.76E-013, 
 57.70,   7.85E-014, 
 57.80,  -8.92E-014, 
 57.90,   2.44E-013, 
 58.00,   1.56E-013, 
 58.10,  -2.19E-013, 
 58.20,  -3.33E-013, 
 58.30,  -3.20E-013, 
 58.40,  -2.45E-013, 
 58.50,  -1.37E-013, 
 58.60,  -6.87E-014, 
 58.70,  -3.35E-013, 
 58.80,  -1.71E-013, 
 58.90,   2.14E-014, 
 59.00,  -1.71E-013, 
 59.10,  -2.56E-013, 
 59.20,   5.08E-014, 
 59.30,  -3.12E-014, 
 59.40,  -8.38E-014, 
 59.50,  -1.61E-014, 
 59.60,   5.80E-014, 
 59.70,  -5.08E-014, 
 59.80,  -1.27E-013, 
 59.90,  -1.87E-014, 
 60.00,  -1.37E-013, 
 60.10,  -6.87E-014, 
 60.20,  -8.47E-014, 
 60.30,  -3.01E-013, 
 60.40,  -4.33E-013, 
 60.50,  -2.98E-013, 
 60.60,  -2.41E-014, 
 60.70,  -1.87E-014, 
 60.80,  -8.29E-014, 
 60.90,  -7.31E-014, 
 61.00,  -8.92E-016, 
 61.10,  -8.47E-014, 
 61.20,  -1.77E-013, 
 61.30,  -6.06E-014, 
 61.40,  -1.96E-014, 
 61.50,  -1.99E-013, 
 61.60,  -2.80E-013, 
 61.70,  -1.69E-013, 
 61.80,  -3.39E-014, 
 61.90,   3.75E-014, 
 62.00,  -5.26E-014, 
 62.10,  -7.58E-014, 
 62.20,  -3.18E-013, 
 62.30,  -4.14E-013, 
 62.40,  -3.30E-013, 
 62.50,   6.69E-014, 
 62.60,  -3.03E-014, 
 62.70,   1.31E-013, 
 62.80,  -4.82E-014, 
 62.90,  -6.60E-014, 
 63.00,  -4.28E-014, 
 63.10,  -2.55E-013, 
 63.20,  -3.52E-013, 
 63.30,  -3.50E-013, 
 63.40,  -4.82E-013, 
 63.50,  -2.59E-013, 
 63.60,  -3.57E-015, 
 63.70,   6.33E-014, 
 63.80,   9.45E-014, 
 63.90,   7.94E-014, 
 64.00,   6.42E-014, 
 64.10,  -1.22E-013, 
 64.20,  -1.84E-013, 
 64.30,  -3.59E-013, 
 64.40,  -2.24E-013, 
 64.50,  -2.50E-014, 
 64.60,  -6.60E-014, 
 64.70,   9.81E-014, 
 64.80,  -2.68E-015, 
 64.90,   0.00E+000, 
 65.00,   7.22E-014, 
 65.10,   6.15E-014, 
 65.20,  -6.78E-014, 
 65.30,  -1.44E-013, 
 65.40,  -1.54E-013, 
 65.50,  -2.80E-013, 
 65.60,  -7.85E-014, 
 65.70,   1.03E-013, 
 65.80,  -1.70E-013, 
 65.90,  -8.29E-014, 
 66.00,   1.96E-014, 
 66.10,   1.03E-013, 
 66.20,   9.63E-014, 
 66.30,   8.92E-016, 
 66.40,  -6.42E-014, 
 66.50,  -5.02E-013, 
 66.60,  -3.50E-013, 
 66.70,  -3.48E-013, 
 66.80,  -3.01E-013, 
 66.90,  -3.25E-013, 
 67.00,  -1.16E-013, 
 67.10,  -9.54E-014, 
 67.20,  -3.46E-013, 
 67.30,  -1.55E-013, 
 67.40,  -1.70E-013, 
 67.50,  -1.46E-013, 
 67.60,  -2.57E-013, 
 67.70,  -9.72E-014, 
 67.80,  -2.85E-013, 
 67.90,   1.27E-013, 
 68.00,   2.69E-013, 
 68.10,   3.84E-013, 
 68.20,   6.96E-014, 
 68.30,   1.21E-013, 
 68.40,  -5.89E-014, 
 68.50,  -1.61E-013, 
 68.60,  -9.27E-014, 
 68.70,   8.03E-015, 
 68.80,  -4.46E-015, 
 68.90,   5.17E-014, 
 69.00,  -1.65E-013, 
 69.10,  -1.88E-013, 
 69.20,  -3.66E-014, 
 69.30,   3.83E-014, 
 69.40,   3.92E-014, 
 69.50,   8.03E-015, 
 69.60,  -1.43E-013, 
 69.70,  -2.35E-013, 
 69.80,  -2.38E-013, 
 69.90,  -2.02E-013, 
 70.00,  -1.11E-013, 
 70.10,   7.22E-014, 
 70.20,   2.09E-013, 
 70.30,  -9.45E-014, 
 70.40,   2.68E-015, 
 70.50,  -3.92E-014, 
 70.60,   1.87E-014, 
 70.70,  -6.42E-014, 
 70.80,   1.42E-013, 
 70.90,  -8.03E-015, 
 71.00,  -4.46E-014, 
 71.10,   3.66E-014, 
 71.20,  -2.08E-013, 
 71.30,  -1.21E-013, 
 71.40,   1.23E-013, 
 71.50,   1.43E-013, 
 71.60,   1.50E-013, 
 71.70,  -6.78E-014, 
 71.80,  -1.07E-014, 
 71.90,  -5.89E-014, 
 72.00,  -4.28E-014, 
 72.10,  -4.73E-014, 
 72.20,   1.71E-013, 
 72.30,   8.92E-014, 
 72.40,   1.91E-013, 
 72.50,   2.12E-013, 
 72.60,   1.25E-014, 
 72.70,  -2.73E-013, 
 72.80,  -4.41E-013, 
 72.90,  -2.45E-013, 
 73.00,  -2.92E-013, 
 73.10,  -2.49E-013, 
 73.20,   4.01E-014, 
 73.30,  -2.66E-013, 
 73.40,  -1.92E-013, 
 73.50,   3.57E-014, 
 73.60,  -1.12E-013, 
 73.70,  -5.97E-014, 
 73.80,  -2.59E-013, 
 73.90,  -5.71E-014, 
 74.00,  -2.91E-013, 
 74.10,  -3.67E-013, 
 74.20,  -1.55E-013, 
 74.30,  -2.13E-013, 
 74.40,  -7.76E-014, 
 74.50,   3.75E-014, 
 74.60,   4.73E-014, 
 74.70,  -1.52E-013, 
 74.80,  -2.48E-013, 
 74.90,  -2.16E-013, 
 75.00,  -2.20E-013, 
 75.10,   3.30E-014, 
 75.20,  -1.67E-013, 
 75.30,  -1.28E-013, 
 75.40,   2.08E-013, 
 75.50,   4.01E-014, 
 75.60,   1.48E-013, 
 75.70,  -4.82E-014, 
 75.80,  -5.08E-014, 
 75.90,  -5.35E-014, 
 76.00,  -1.45E-013, 
 76.10,  -6.33E-014, 
 76.20,  -1.33E-013, 
 76.30,  -7.85E-014, 
 76.40,  -2.35E-013, 
 76.50,   1.05E-013, 
 76.60,   1.64E-013, 
 76.70,  -8.92E-016, 
 76.80,   2.94E-014, 
 76.90,   2.10E-013, 
 77.00,   3.40E-013, 
 77.10,   1.51E-013, 
 77.20,  -3.57E-014, 
 77.30,   2.46E-013, 
 77.40,   3.56E-013, 
 77.50,   2.52E-012, 
 77.60,   4.01E-012, 
 77.70,   3.29E-012, 
 77.80,   3.77E-012, 
 77.90,   4.37E-012, 
 78.00,   5.49E-012, 
 78.10,   5.05E-012, 
 78.20,   3.32E-012, 
 78.30,   6.85E-013, 
 78.40,  -1.45E-012, 
 78.50,  -5.09E-013, 
 78.60,  -8.47E-014, 
 78.70,   8.56E-014, 
 78.80,   2.57E-012, 
 78.90,   2.31E-012, 
 79.00,   1.61E-012, 
 79.10,  -1.54E-012, 
 79.20,  -3.05E-013, 
 79.30,   2.27E-012, 
 79.40,   4.37E-012, 
 79.50,   7.58E-012, 
 79.60,   1.43E-011, 
 79.70,   1.78E-011, 
 79.80,   2.45E-011, 
 79.90,   3.31E-011, 
 80.00,   3.72E-011, 
 80.10,   2.92E-011, 
 80.20,   1.51E-011, 
 80.30,   6.46E-012, 
 80.40,   3.38E-012, 
 80.50,   2.79E-012, 
 80.60,   2.69E-012, 
 80.70,   2.77E-012, 
 80.80,   3.13E-012, 
 80.90,   3.85E-012, 
 81.00,   4.18E-012, 
 81.10,   4.49E-012, 
 81.20,   5.28E-012, 
 81.30,   7.04E-012, 
 81.40,   1.38E-011, 
 81.50,   4.94E-011, 
 81.60,   9.32E-011, 
 81.70,   1.09E-010, 
 81.80,   1.50E-010, 
 81.90,   1.96E-010, 
 82.00,   2.02E-010, 
 82.10,   1.23E-010, 
 82.20,   4.87E-011, 
 82.30,   1.98E-011, 
 82.40,   2.15E-011, 
 82.50,   5.32E-011, 
 82.60,   9.93E-011, 
 82.70,   1.16E-010, 
 82.80,   1.58E-010, 
 82.90,   2.02E-010, 
 83.00,   2.14E-010, 
 83.10,   1.39E-010, 
 83.20,   6.87E-011, 
 83.30,   4.25E-011, 
 83.40,   7.94E-011, 
 83.50,   3.27E-010, 
 83.60,   4.75E-010, 
 83.70,   5.39E-010, 
 83.80,   7.65E-010, 
 83.90,   9.70E-010, 
 84.00,   9.73E-010, 
 84.10,   5.28E-010, 
 84.20,   1.38E-010, 
 84.30,   2.22E-011, 
 84.40,   9.16E-012, 
 84.50,   5.89E-012, 
 84.60,   5.14E-012, 
 84.70,   5.22E-012, 
 84.80,   5.33E-012, 
 84.90,   5.29E-012, 
 85.00,   5.65E-012, 
 85.10,   6.02E-012, 
 85.20,   6.72E-012, 
 85.30,   8.86E-012, 
 85.40,   1.73E-011, 
 85.50,   7.07E-011, 
 85.60,   1.28E-010, 
 85.70,   1.50E-010, 
 85.80,   2.11E-010, 
 85.90,   2.79E-010, 
 86.00,   2.78E-010, 
 86.10,   1.59E-010, 
 86.20,   5.63E-011, 
 86.30,   1.37E-011, 
 86.40,   5.55E-012, 
 86.50,   2.74E-012, 
 86.60,   4.10E-013, 
 86.70,  -1.50E-012, 
 86.80,  -5.48E-013, 
 86.90,  -2.85E-014, 
 87.00,   1.02E-013, 
 87.10,   1.64E-013, 
 87.20,  -4.19E-014, 
 87.30,   6.42E-014, 
 87.40,   2.94E-014, 
 87.50,  -1.25E-014, 
 87.60,   1.01E-013, 
 87.70,   1.29E-013, 
 87.80,   2.32E-014, 
 87.90,  -5.17E-014, 
 88.00,  -1.44E-013, 
 88.10,  -1.39E-013, 
 88.20,  -1.44E-013, 
 88.30,  -1.94E-013, 
 88.40,  -1.25E-013, 
 88.50,   2.28E-013, 
 88.60,  -7.13E-015, 
 88.70,  -2.35E-013, 
 88.80,  -3.03E-014, 
 88.90,   2.68E-015, 
 89.00,  -6.42E-014, 
 89.10,  -6.42E-014, 
 89.20,  -1.93E-013, 
 89.30,  -5.17E-014, 
 89.40,   5.35E-014, 
 89.50,  -2.70E-013, 
 89.60,  -4.42E-013, 
 89.70,  -6.01E-013, 
 89.80,  -5.63E-013, 
 89.90,  -4.74E-013, 
 90.00,  -1.17E-013, 
