Jun 25, 2026  03:05:35 PM
Residual Gas Analyzer Software 
Software Version, 3.214.004

Analog Scan Setup:

Data Points in Scan, 891 
Units, Torr 
Noise Floor, 2 
CEM Status, OFF 
Points Per AMU, 10
Scan Start Mass, 1, amu 
Scan Stop Mass, 90, amu
Focus Voltage, 90, Volts 
Ion Energy, HIGH 
Electron Energy, 70, eV 
CEM Voltage, 1159, Volts
CEM Gain, 1.01E+003 
Sensitivity Factor, 1.11E-004 
Filament Current, 1.00, mAmps


  1.00,   1.46E-012, 
  1.10,   1.07E-013, 
  1.20,  -8.99E-013, 
  1.30,   4.12E-012, 
  1.40,   7.49E-012, 
  1.50,   2.20E-011, 
  1.60,   5.59E-011, 
  1.70,   8.30E-011, 
  1.80,   1.00E-010, 
  1.90,   1.15E-010, 
  2.00,   1.31E-010, 
  2.10,   1.34E-010, 
  2.20,   1.26E-010, 
  2.30,   8.87E-011, 
  2.40,   3.26E-011, 
  2.50,   7.09E-012, 
  2.60,   2.75E-012, 
  2.70,   2.96E-012, 
  2.80,   3.03E-012, 
  2.90,   2.23E-012, 
  3.00,  -5.04E-013, 
  3.10,  -9.28E-013, 
  3.20,   3.21E-013, 
  3.30,   4.82E-012, 
  3.40,   5.91E-012, 
  3.50,   1.18E-011, 
  3.60,   3.26E-011, 
  3.70,   6.16E-011, 
  3.80,   8.04E-011, 
  3.90,   1.14E-010, 
  4.00,   1.47E-010, 
  4.10,   1.53E-010, 
  4.20,   1.28E-010, 
  4.30,   7.32E-011, 
  4.40,   1.97E-011, 
  4.50,   5.97E-012, 
  4.60,   5.42E-012, 
  4.70,   2.84E-012, 
  4.80,  -1.03E-012, 
  4.90,  -4.93E-013, 
  5.00,  -2.56E-013, 
  5.10,  -4.29E-013, 
  5.20,  -2.65E-013, 
  5.30,   1.34E-014, 
  5.40,  -3.83E-014, 
  5.50,  -1.77E-013, 
  5.60,  -1.94E-013, 
  5.70,   2.68E-014, 
  5.80,  -1.21E-013, 
  5.90,   1.94E-013, 
  6.00,   5.42E-013, 
  6.10,   1.36E-013, 
  6.20,  -2.76E-014, 
  6.30,  -3.83E-014, 
  6.40,  -2.35E-013, 
  6.50,  -2.42E-013, 
  6.60,  -1.24E-013, 
  6.70,   1.34E-013, 
  6.80,   1.07E-014, 
  6.90,   1.37E-013, 
  7.00,   4.99E-014, 
  7.10,   5.89E-014, 
  7.20,   3.09E-013, 
  7.30,   2.77E-013, 
  7.40,   4.99E-014, 
  7.50,  -2.50E-013, 
  7.60,   6.06E-014, 
  7.70,  -8.74E-014, 
  7.80,  -1.07E-013, 
  7.90,   8.74E-014, 
  8.00,  -5.08E-014, 
  8.10,  -6.78E-014, 
  8.20,  -8.20E-014, 
  8.30,   7.22E-014, 
  8.40,   9.36E-014, 
  8.50,  -6.24E-014, 
  8.60,   1.97E-013, 
  8.70,  -6.06E-014, 
  8.80,  -1.55E-013, 
  8.90,  -3.29E-013, 
  9.00,   5.26E-014, 
  9.10,   1.69E-013, 
  9.20,   3.92E-014, 
  9.30,  -1.48E-013, 
  9.40,  -6.60E-014, 
  9.50,   2.17E-013, 
  9.60,  -9.45E-014, 
  9.70,  -3.15E-013, 
  9.80,  -2.96E-013, 
  9.90,  -1.64E-013, 
 10.00,  -3.36E-013, 
 10.10,  -3.30E-013, 
 10.20,  -2.77E-013, 
 10.30,  -3.07E-013, 
 10.40,  -5.80E-014, 
 10.50,  -1.06E-013, 
 10.60,  -7.49E-014, 
 10.70,  -8.92E-016, 
 10.80,  -1.54E-013, 
 10.90,  -8.11E-014, 
 11.00,  -6.96E-014, 
 11.10,   8.20E-014, 
 11.20,   8.83E-014, 
 11.30,   3.16E-013, 
 11.40,   1.64E-013, 
 11.50,   1.64E-013, 
 11.60,   2.59E-013, 
 11.70,   5.96E-013, 
 11.80,   4.47E-012, 
 11.90,   3.24E-012, 
 12.00,   2.75E-012, 
 12.10,   2.60E-012, 
 12.20,   2.24E-012, 
 12.30,   5.95E-013, 
 12.40,  -1.63E-012, 
 12.50,  -2.26E-013, 
 12.60,   3.95E-012, 
 12.70,   4.94E-012, 
 12.80,   4.80E-012, 
 12.90,   5.58E-012, 
 13.00,   6.52E-012, 
 13.10,   7.02E-012, 
 13.20,   6.16E-012, 
 13.30,   4.31E-012, 
 13.40,   2.78E-012, 
 13.50,   2.84E-012, 
 13.60,   5.75E-012, 
 13.70,   1.01E-011, 
 13.80,   1.21E-011, 
 13.90,   1.45E-011, 
 14.00,   1.87E-011, 
 14.10,   2.01E-011, 
 14.20,   1.95E-011, 
 14.30,   1.22E-011, 
 14.40,   7.61E-012, 
 14.50,   1.29E-011, 
 14.60,   3.36E-011, 
 14.70,   5.63E-011, 
 14.80,   7.37E-011, 
 14.90,   9.49E-011, 
 15.00,   1.06E-010, 
 15.10,   9.80E-011, 
 15.20,   7.29E-011, 
 15.30,   4.21E-011, 
 15.40,   1.51E-011, 
 15.50,   1.40E-011, 
 15.60,   4.23E-011, 
 15.70,   7.16E-011, 
 15.80,   9.03E-011, 
 15.90,   1.17E-010, 
 16.00,   1.29E-010, 
 16.10,   1.20E-010, 
 16.20,   9.06E-011, 
 16.30,   4.64E-011, 
 16.40,   1.23E-011, 
 16.50,   4.47E-012, 
 16.60,   2.28E-012, 
 16.70,   1.85E-012, 
 16.80,   9.62E-013, 
 16.90,  -9.60E-013, 
 17.00,   2.93E-012, 
 17.10,   3.06E-012, 
 17.20,   2.92E-012, 
 17.30,   1.49E-012, 
 17.40,  -1.87E-014, 
 17.50,  -3.73E-012, 
 17.60,   7.26E-013, 
 17.70,   3.90E-012, 
 17.80,   6.71E-013, 
 17.90,   6.48E-012, 
 18.00,   7.29E-012, 
 18.10,   7.27E-012, 
 18.20,   8.34E-012, 
 18.30,   5.56E-012, 
 18.40,   9.37E-013, 
 18.50,   2.57E-013, 
 18.60,  -7.58E-014, 
 18.70,   2.32E-013, 
 18.80,   3.27E-013, 
 18.90,   7.22E-014, 
 19.00,  -3.02E-012, 
 19.10,   5.71E-013, 
 19.20,   1.03E-012, 
 19.30,   5.40E-013, 
 19.40,   2.33E-013, 
 19.50,   2.04E-012, 
 19.60,   3.16E-012, 
 19.70,   2.07E-012, 
 19.80,   1.86E-012, 
 19.90,   1.71E-012, 
 20.00,   1.71E-012, 
 20.10,   1.80E-012, 
 20.20,   1.64E-012, 
 20.30,  -1.89E-012, 
 20.40,  -1.09E-012, 
 20.50,  -6.12E-013, 
 20.60,  -9.81E-015, 
 20.70,  -2.16E-013, 
 20.80,  -5.15E-013, 
 20.90,  -2.80E-013, 
 21.00,  -1.08E-013, 
 21.10,  -5.17E-014, 
 21.20,   1.51E-013, 
 21.30,   1.57E-013, 
 21.40,   1.86E-013, 
 21.50,   3.79E-013, 
 21.60,   1.55E-013, 
 21.70,   2.19E-013, 
 21.80,   5.35E-014, 
 21.90,   2.19E-013, 
 22.00,   3.37E-013, 
 22.10,   2.05E-013, 
 22.20,   1.94E-013, 
 22.30,   2.03E-013, 
 22.40,   1.70E-013, 
 22.50,   3.62E-013, 
 22.60,   1.61E-014, 
 22.70,  -2.94E-014, 
 22.80,  -8.92E-016, 
 22.90,  -2.05E-013, 
 23.00,  -3.73E-013, 
 23.10,  -1.23E-013, 
 23.20,  -2.70E-013, 
 23.30,  -1.77E-013, 
 23.40,  -1.94E-013, 
 23.50,  -3.83E-013, 
 23.60,  -2.69E-013, 
 23.70,   1.34E-014, 
 23.80,   6.69E-014, 
 23.90,   5.71E-014, 
 24.00,  -6.96E-014, 
 24.10,   9.45E-014, 
 24.20,   3.28E-013, 
 24.30,   4.58E-013, 
 24.40,   3.54E-013, 
 24.50,   4.45E-013, 
 24.60,   7.76E-014, 
 24.70,   2.10E-013, 
 24.80,   8.56E-014, 
 24.90,   1.88E-013, 
 25.00,   2.00E-013, 
 25.10,   1.18E-013, 
 25.20,   1.39E-013, 
 25.30,   8.92E-015, 
 25.40,  -4.55E-014, 
 25.50,   1.70E-013, 
 25.60,  -9.63E-014, 
 25.70,   1.61E-013, 
 25.80,   4.42E-013, 
 25.90,   1.68E-013, 
 26.00,   2.43E-013, 
 26.10,   2.02E-013, 
 26.20,   2.31E-013, 
 26.30,   3.76E-013, 
 26.40,   4.59E-013, 
 26.50,   3.61E-013, 
 26.60,   1.35E-013, 
 26.70,  -4.99E-014, 
 26.80,   8.74E-014, 
 26.90,  -9.01E-014, 
 27.00,   1.83E-013, 
 27.10,   1.69E-013, 
 27.20,   6.34E-013, 
 27.30,   4.74E-012, 
 27.40,   3.92E-012, 
 27.50,   1.24E-011, 
 27.60,   3.30E-011, 
 27.70,   4.61E-011, 
 27.80,   5.63E-011, 
 27.90,   6.52E-011, 
 28.00,   6.59E-011, 
 28.10,   6.01E-011, 
 28.20,   4.28E-011, 
 28.30,   1.31E-011, 
 28.40,   4.61E-012, 
 28.50,   4.84E-012, 
 28.60,   3.08E-012, 
 28.70,   2.13E-012, 
 28.80,  -1.48E-012, 
 28.90,  -5.15E-013, 
 29.00,  -8.74E-014, 
 29.10,   3.25E-013, 
 29.20,   3.45E-013, 
 29.30,   4.73E-014, 
 29.40,   2.14E-013, 
 29.50,   1.97E-012, 
 29.60,   3.11E-012, 
 29.70,   5.08E-013, 
 29.80,  -1.05E-012, 
 29.90,   1.77E-013, 
 30.00,   3.73E-012, 
 30.10,   2.75E-012, 
 30.20,   1.82E-012, 
 30.30,  -1.09E-012, 
 30.40,  -1.04E-012, 
 30.50,  -4.84E-013, 
 30.60,  -2.59E-013, 
 30.70,  -3.22E-013, 
 30.80,   9.19E-014, 
 30.90,   3.66E-014, 
 31.00,   1.98E-013, 
 31.10,   3.91E-013, 
 31.20,   4.07E-013, 
 31.30,   3.57E-015, 
 31.40,   1.37E-012, 
 31.50,   1.28E-012, 
 31.60,   2.92E-012, 
 31.70,   3.74E-012, 
 31.80,   5.41E-012, 
 31.90,   6.87E-012, 
 32.00,   7.12E-012, 
 32.10,   6.98E-012, 
 32.20,   4.78E-012, 
 32.30,   1.91E-012, 
 32.40,   1.44E-012, 
 32.50,   1.69E-012, 
 32.60,  -7.13E-013, 
 32.70,  -2.33E-013, 
 32.80,   8.65E-014, 
 32.90,   5.26E-014, 
 33.00,   8.38E-014, 
 33.10,   3.75E-014, 
 33.20,   3.26E-013, 
 33.30,   4.82E-013, 
 33.40,   4.85E-013, 
 33.50,   6.11E-013, 
 33.60,   3.75E-013, 
 33.70,   5.31E-013, 
 33.80,   4.32E-013, 
 33.90,   4.49E-013, 
 34.00,   2.33E-013, 
 34.10,   1.77E-013, 
 34.20,   1.08E-013, 
 34.30,   1.48E-013, 
 34.40,   6.96E-014, 
 34.50,  -2.23E-014, 
 34.60,  -8.38E-014, 
 34.70,   1.07E-013, 
 34.80,   3.42E-013, 
 34.90,   1.13E-013, 
 35.00,   1.18E-013, 
 35.10,   7.67E-014, 
 35.20,   1.62E-013, 
 35.30,   9.90E-014, 
 35.40,  -5.89E-014, 
 35.50,  -9.36E-014, 
 35.60,   2.28E-013, 
 35.70,   3.05E-013, 
 35.80,   9.27E-014, 
 35.90,   6.06E-014, 
 36.00,   2.61E-013, 
 36.10,   3.82E-013, 
 36.20,   4.06E-013, 
 36.30,   4.73E-013, 
 36.40,   3.09E-013, 
 36.50,   1.25E-013, 
 36.60,   9.27E-014, 
 36.70,   2.35E-013, 
 36.80,   1.83E-013, 
 36.90,  -7.13E-015, 
 37.00,   6.42E-014, 
 37.10,   3.23E-013, 
 37.20,   1.99E-013, 
 37.30,   8.47E-014, 
 37.40,   3.21E-013, 
 37.50,   2.51E-013, 
 37.60,   1.14E-013, 
 37.70,  -5.35E-014, 
 37.80,  -1.10E-013, 
 37.90,   1.09E-013, 
 38.00,  -3.03E-014, 
 38.10,   1.52E-013, 
 38.20,   3.83E-014, 
 38.30,  -1.19E-013, 
 38.40,   9.99E-014, 
 38.50,   2.33E-012, 
 38.60,   3.29E-012, 
 38.70,   2.33E-012, 
 38.80,   1.61E-012, 
 38.90,  -1.26E-012, 
 39.00,  -3.35E-013, 
 39.10,   6.85E-013, 
 39.20,   3.52E-012, 
 39.30,   3.77E-012, 
 39.40,   4.81E-012, 
 39.50,   8.44E-012, 
 39.60,   1.27E-011, 
 39.70,   1.36E-011, 
 39.80,   1.79E-011, 
 39.90,   2.30E-011, 
 40.00,   2.42E-011, 
 40.10,   2.45E-011, 
 40.20,   1.35E-011, 
 40.30,   7.34E-012, 
 40.40,   8.09E-012, 
 40.50,   1.47E-011, 
 40.60,   2.09E-011, 
 40.70,   2.65E-011, 
 40.80,   3.44E-011, 
 40.90,   4.49E-011, 
 41.00,   5.49E-011, 
 41.10,   5.21E-011, 
 41.20,   4.32E-011, 
 41.30,   4.74E-011, 
 41.40,   7.97E-011, 
 41.50,   1.25E-010, 
 41.60,   1.36E-010, 
 41.70,   1.44E-010, 
 41.80,   1.65E-010, 
 41.90,   1.81E-010, 
 42.00,   1.72E-010, 
 42.10,   1.16E-010, 
 42.20,   4.04E-011, 
 42.30,   1.40E-011, 
 42.40,   1.33E-011, 
 42.50,   2.24E-011, 
 42.60,   3.01E-011, 
 42.70,   3.77E-011, 
 42.80,   4.67E-011, 
 42.90,   5.33E-011, 
 43.00,   5.24E-011, 
 43.10,   3.82E-011, 
 43.20,   1.78E-011, 
 43.30,   6.86E-012, 
 43.40,   3.77E-012, 
 43.50,   2.59E-012, 
 43.60,   9.95E-013, 
 43.70,  -1.05E-012, 
 43.80,   6.03E-013, 
 43.90,   1.56E-012, 
 44.00,   2.22E-012, 
 44.10,   2.40E-012, 
 44.20,   4.05E-012, 
 44.30,   2.76E-012, 
 44.40,  -8.09E-013, 
 44.50,  -4.97E-013, 
 44.60,  -1.49E-013, 
 44.70,  -1.28E-013, 
 44.80,  -6.51E-014, 
 44.90,   1.34E-014, 
 45.00,   1.52E-014, 
 45.10,   1.58E-013, 
 45.20,   2.04E-013, 
 45.30,   1.04E-013, 
 45.40,  -1.80E-013, 
 45.50,  -4.10E-014, 
 45.60,   1.07E-014, 
 45.70,   3.04E-013, 
 45.80,   3.63E-013, 
 45.90,   5.80E-014, 
 46.00,   1.08E-013, 
 46.10,   2.94E-013, 
 46.20,   3.47E-013, 
 46.30,   1.38E-013, 
 46.40,  -1.36E-013, 
 46.50,   1.87E-014, 
 46.60,   1.85E-013, 
 46.70,   1.03E-013, 
 46.80,   1.36E-013, 
 46.90,  -8.92E-015, 
 47.00,  -2.59E-014, 
 47.10,   1.02E-013, 
 47.20,  -1.28E-013, 
 47.30,  -9.10E-014, 
 47.40,   8.83E-014, 
 47.50,   3.60E-013, 
 47.60,   5.73E-013, 
 47.70,   3.81E-013, 
 47.80,  -1.25E-013, 
 47.90,  -1.37E-013, 
 48.00,   1.20E-013, 
 48.10,  -8.11E-014, 
 48.20,  -6.87E-014, 
 48.30,   1.38E-013, 
 48.40,   9.72E-014, 
 48.50,   6.24E-015, 
 48.60,  -3.92E-014, 
 48.70,   1.28E-013, 
 48.80,   9.63E-014, 
 48.90,   1.60E-013, 
 49.00,   9.10E-014, 
 49.10,   6.06E-014, 
 49.20,  -2.50E-014, 
 49.30,  -9.81E-015, 
 49.40,   3.12E-014, 
 49.50,   1.19E-013, 
 49.60,   3.58E-013, 
 49.70,   3.65E-013, 
 49.80,   2.43E-013, 
 49.90,   1.53E-013, 
 50.00,   4.69E-013, 
 50.10,   3.44E-013, 
 50.20,   1.18E-013, 
 50.30,   1.74E-013, 
 50.40,   3.79E-013, 
 50.50,   3.18E-013, 
 50.60,   4.91E-013, 
 50.70,   5.15E-013, 
 50.80,   4.31E-013, 
 50.90,   2.38E-013, 
 51.00,   2.14E-013, 
 51.10,   3.67E-013, 
 51.20,   1.96E-013, 
 51.30,  -3.75E-014, 
 51.40,   1.33E-013, 
 51.50,  -4.82E-014, 
 51.60,   4.57E-013, 
 51.70,   4.00E-013, 
 51.80,   1.15E-013, 
 51.90,  -3.92E-014, 
 52.00,   4.46E-015, 
 52.10,   8.03E-014, 
 52.20,   1.93E-013, 
 52.30,  -6.87E-014, 
 52.40,  -1.13E-013, 
 52.50,  -1.39E-013, 
 52.60,  -5.26E-014, 
 52.70,  -2.37E-013, 
 52.80,  -1.03E-013, 
 52.90,   1.63E-013, 
 53.00,   4.90E-014, 
 53.10,   1.24E-013, 
 53.20,   1.68E-013, 
 53.30,   1.34E-013, 
 53.40,   6.42E-014, 
 53.50,   1.46E-013, 
 53.60,  -1.37E-013, 
 53.70,  -1.67E-013, 
 53.80,   2.51E-013, 
 53.90,   2.97E-013, 
 54.00,   1.09E-013, 
 54.10,  -1.33E-013, 
 54.20,  -6.33E-014, 
 54.30,   8.03E-015, 
 54.40,  -1.43E-014, 
 54.50,   2.38E-013, 
 54.60,   2.54E-013, 
 54.70,   3.10E-013, 
 54.80,   1.79E-013, 
 54.90,   2.88E-013, 
 55.00,   2.31E-013, 
 55.10,   3.12E-014, 
 55.20,  -5.26E-014, 
 55.30,   4.10E-014, 
 55.40,  -1.14E-013, 
 55.50,  -3.40E-013, 
 55.60,  -2.29E-013, 
 55.70,  -1.32E-013, 
 55.80,   8.03E-014, 
 55.90,   3.68E-013, 
 56.00,   2.59E-013, 
 56.10,   2.41E-013, 
 56.20,   4.05E-013, 
 56.30,   5.40E-013, 
 56.40,   1.40E-013, 
 56.50,   2.38E-013, 
 56.60,   2.44E-013, 
 56.70,   3.85E-013, 
 56.80,   1.41E-013, 
 56.90,   2.97E-013, 
 57.00,   2.62E-013, 
 57.10,   2.26E-013, 
 57.20,   1.03E-013, 
 57.30,   2.65E-013, 
 57.40,   3.77E-013, 
 57.50,   1.61E-013, 
 57.60,   4.82E-014, 
 57.70,  -2.34E-013, 
 57.80,  -1.88E-013, 
 57.90,   3.48E-014, 
 58.00,   2.13E-013, 
 58.10,   1.04E-013, 
 58.20,   2.32E-013, 
 58.30,   4.73E-014, 
 58.40,  -1.21E-013, 
 58.50,   4.28E-014, 
 58.60,   2.68E-014, 
 58.70,   7.76E-014, 
 58.80,   2.08E-013, 
 58.90,   1.96E-013, 
 59.00,  -6.06E-014, 
 59.10,   3.38E-013, 
 59.20,   3.23E-013, 
 59.30,  -2.64E-013, 
 59.40,  -1.97E-013, 
 59.50,   2.38E-013, 
 59.60,   1.64E-013, 
 59.70,   1.55E-013, 
 59.80,   9.81E-014, 
 59.90,   2.76E-014, 
 60.00,   1.22E-013, 
 60.10,  -1.49E-013, 
 60.20,   3.57E-015, 
 60.30,   9.72E-014, 
 60.40,   1.67E-013, 
 60.50,  -1.87E-014, 
 60.60,  -4.28E-014, 
 60.70,   6.33E-014, 
 60.80,   1.13E-013, 
 60.90,   1.55E-013, 
 61.00,   1.19E-013, 
 61.10,   7.13E-015, 
 61.20,   3.30E-014, 
 61.30,   4.99E-014, 
 61.40,   9.19E-014, 
 61.50,  -1.59E-013, 
 61.60,  -1.19E-013, 
 61.70,  -1.11E-013, 
 61.80,   8.65E-014, 
 61.90,   3.60E-013, 
 62.00,   1.36E-013, 
 62.10,   2.61E-013, 
 62.20,   1.39E-013, 
 62.30,   1.81E-013, 
 62.40,   7.40E-014, 
 62.50,   1.36E-013, 
 62.60,   1.61E-014, 
 62.70,   1.25E-014, 
 62.80,   6.24E-014, 
 62.90,  -7.22E-014, 
 63.00,  -5.35E-015, 
 63.10,   7.76E-014, 
 63.20,   2.36E-013, 
 63.30,   2.30E-013, 
 63.40,   1.93E-013, 
 63.50,   4.46E-013, 
 63.60,   4.55E-013, 
 63.70,   2.22E-013, 
 63.80,   2.58E-013, 
 63.90,   3.81E-013, 
 64.00,   1.46E-013, 
 64.10,  -8.38E-014, 
 64.20,   5.44E-014, 
 64.30,  -7.04E-014, 
 64.40,  -2.66E-013, 
 64.50,  -1.16E-014, 
 64.60,   1.65E-013, 
 64.70,   1.11E-013, 
 64.80,   1.96E-013, 
 64.90,   1.36E-013, 
 65.00,   2.43E-013, 
 65.10,   2.42E-013, 
 65.20,   1.92E-013, 
 65.30,   3.01E-013, 
 65.40,   7.49E-014, 
 65.50,   2.09E-013, 
 65.60,   1.36E-013, 
 65.70,   2.35E-013, 
 65.80,   3.76E-013, 
 65.90,   1.73E-013, 
 66.00,   1.53E-013, 
 66.10,   4.73E-014, 
 66.20,   5.44E-014, 
 66.30,   7.94E-014, 
 66.40,   7.94E-014, 
 66.50,   1.69E-013, 
 66.60,   2.35E-013, 
 66.70,   2.29E-013, 
 66.80,   2.30E-013, 
 66.90,   1.66E-013, 
 67.00,   1.85E-013, 
 67.10,   4.01E-013, 
 67.20,   4.88E-013, 
 67.30,   2.21E-013, 
 67.40,   7.76E-014, 
 67.50,   1.79E-013, 
 67.60,   4.64E-014, 
 67.70,   2.22E-013, 
 67.80,   1.53E-013, 
 67.90,   2.52E-013, 
 68.00,   3.67E-013, 
 68.10,   1.84E-013, 
 68.20,   1.64E-013, 
 68.30,   1.19E-013, 
 68.40,  -1.76E-013, 
 68.50,   5.97E-014, 
 68.60,   4.00E-013, 
 68.70,   4.45E-013, 
 68.80,   2.31E-013, 
 68.90,   2.43E-013, 
 69.00,  -9.72E-014, 
 69.10,  -3.95E-013, 
 69.20,  -1.96E-014, 
 69.30,  -2.68E-014, 
 69.40,   2.50E-013, 
 69.50,   1.86E-013, 
 69.60,   4.47E-013, 
 69.70,   6.45E-013, 
 69.80,   2.18E-013, 
 69.90,   1.71E-013, 
 70.00,   1.69E-013, 
 70.10,  -4.55E-014, 
 70.20,   2.72E-013, 
 70.30,   2.85E-013, 
 70.40,   3.91E-013, 
 70.50,   9.19E-014, 
 70.60,  -5.97E-014, 
 70.70,   1.14E-013, 
 70.80,   4.29E-013, 
 70.90,   4.72E-013, 
 71.00,   1.74E-013, 
 71.10,  -6.78E-014, 
 71.20,   1.37E-013, 
 71.30,   1.06E-013, 
 71.40,  -8.92E-015, 
 71.50,   8.92E-016, 
 71.60,   1.63E-013, 
 71.70,   4.55E-014, 
 71.80,   9.27E-014, 
 71.90,  -4.55E-014, 
 72.00,  -1.32E-013, 
 72.10,   6.33E-014, 
 72.20,   2.48E-013, 
 72.30,   1.68E-013, 
 72.40,   1.04E-013, 
 72.50,   3.98E-013, 
 72.60,   3.45E-013, 
 72.70,   4.82E-014, 
 72.80,   1.65E-013, 
 72.90,   1.37E-013, 
 73.00,  -4.01E-014, 
 73.10,   1.18E-013, 
 73.20,   4.13E-013, 
 73.30,   3.09E-013, 
 73.40,   1.49E-013, 
 73.50,   3.83E-014, 
 73.60,   1.03E-013, 
 73.70,   1.26E-013, 
 73.80,   2.44E-013, 
 73.90,   2.02E-013, 
 74.00,   1.22E-013, 
 74.10,   4.01E-014, 
 74.20,   5.08E-014, 
 74.30,   1.99E-013, 
 74.40,   1.86E-013, 
 74.50,   4.05E-013, 
 74.60,   2.15E-013, 
 74.70,   1.83E-013, 
 74.80,   3.03E-013, 
 74.90,   2.92E-013, 
 75.00,   3.56E-013, 
 75.10,   2.99E-013, 
 75.20,   3.28E-013, 
 75.30,   1.03E-013, 
 75.40,   9.54E-014, 
 75.50,   1.97E-013, 
 75.60,  -9.45E-014, 
 75.70,  -1.90E-013, 
 75.80,   8.03E-014, 
 75.90,   2.02E-013, 
 76.00,   8.92E-014, 
 76.10,   1.11E-013, 
 76.20,   1.83E-013, 
 76.30,   5.80E-014, 
 76.40,   9.01E-014, 
 76.50,   8.74E-014, 
 76.60,   1.45E-013, 
 76.70,  -3.30E-014, 
 76.80,  -1.40E-013, 
 76.90,   1.04E-013, 
 77.00,   4.01E-014, 
 77.10,   2.63E-013, 
 77.20,   3.47E-013, 
 77.30,   4.19E-013, 
 77.40,   4.01E-012, 
 77.50,   4.03E-012, 
 77.60,   3.34E-012, 
 77.70,   3.72E-012, 
 77.80,   5.06E-012, 
 77.90,   6.52E-012, 
 78.00,   6.31E-012, 
 78.10,   4.46E-012, 
 78.20,   2.61E-012, 
 78.30,  -7.36E-013, 
 78.40,  -9.81E-013, 
 78.50,  -4.98E-013, 
 78.60,   1.30E-013, 
 78.70,   7.01E-013, 
 78.80,   2.03E-012, 
 78.90,   3.47E-012, 
 79.00,   2.11E-012, 
 79.10,   1.79E-012, 
 79.20,   1.83E-012, 
 79.30,   2.71E-012, 
 79.40,   8.23E-012, 
 79.50,   1.53E-011, 
 79.60,   1.99E-011, 
 79.70,   2.78E-011, 
 79.80,   3.78E-011, 
 79.90,   4.35E-011, 
 80.00,   3.57E-011, 
 80.10,   1.89E-011, 
 80.20,   7.93E-012, 
 80.30,   4.25E-012, 
 80.40,   3.07E-012, 
 80.50,   2.87E-012, 
 80.60,   3.34E-012, 
 80.70,   4.07E-012, 
 80.80,   4.50E-012, 
 80.90,   4.44E-012, 
 81.00,   5.22E-012, 
 81.10,   6.40E-012, 
 81.20,   8.70E-012, 
 81.30,   1.77E-011, 
 81.40,   6.02E-011, 
 81.50,   1.01E-010, 
 81.60,   1.16E-010, 
 81.70,   1.69E-010, 
 81.80,   2.17E-010, 
 81.90,   2.32E-010, 
 82.00,   1.48E-010, 
 82.10,   6.33E-011, 
 82.20,   2.53E-011, 
 82.30,   2.68E-011, 
 82.40,   6.84E-011, 
 82.50,   1.11E-010, 
 82.60,   1.28E-010, 
 82.70,   1.80E-010, 
 82.80,   2.32E-010, 
 82.90,   2.47E-010, 
 83.00,   1.72E-010, 
 83.10,   8.55E-011, 
 83.20,   5.25E-011, 
 83.30,   1.02E-010, 
 83.40,   3.97E-010, 
 83.50,   5.10E-010, 
 83.60,   6.11E-010, 
 83.70,   8.66E-010, 
 83.80,   1.10E-009, 
 83.90,   1.10E-009, 
 84.00,   6.39E-010, 
 84.10,   1.91E-010, 
 84.20,   2.58E-011, 
 84.30,   9.90E-012, 
 84.40,   6.48E-012, 
 84.50,   5.39E-012, 
 84.60,   5.87E-012, 
 84.70,   6.02E-012, 
 84.80,   6.27E-012, 
 84.90,   6.49E-012, 
 85.00,   7.00E-012, 
 85.10,   8.46E-012, 
 85.20,   1.14E-011, 
 85.30,   2.50E-011, 
 85.40,   9.39E-011, 
 85.50,   1.42E-010, 
 85.60,   1.67E-010, 
 85.70,   2.42E-010, 
 85.80,   3.15E-010, 
 85.90,   3.20E-010, 
 86.00,   1.85E-010, 
 86.10,   6.88E-011, 
 86.20,   1.62E-011, 
 86.30,   6.16E-012, 
 86.40,   3.15E-012, 
 86.50,   1.95E-012, 
 86.60,  -1.61E-012, 
 86.70,  -9.50E-013, 
 86.80,  -4.65E-013, 
 86.90,   1.19E-013, 
 87.00,  -3.30E-014, 
 87.10,   2.76E-014, 
 87.20,   4.46E-015, 
 87.30,   2.19E-013, 
 87.40,   1.53E-013, 
 87.50,   6.33E-014, 
 87.60,   3.12E-014, 
 87.70,   2.34E-013, 
 87.80,   1.38E-013, 
 87.90,  -1.88E-013, 
 88.00,  -2.57E-013, 
 88.10,  -2.18E-013, 
 88.20,  -1.09E-013, 
 88.30,   5.35E-014, 
 88.40,  -9.90E-014, 
 88.50,   1.36E-013, 
 88.60,  -7.85E-014, 
 88.70,   2.77E-013, 
 88.80,   2.28E-013, 
 88.90,   1.58E-013, 
 89.00,  -1.29E-013, 
 89.10,  -1.53E-013, 
 89.20,   4.28E-014, 
 89.30,   2.09E-013, 
 89.40,   2.48E-013, 
 89.50,   2.61E-013, 
 89.60,   1.80E-013, 
 89.70,  -9.27E-014, 
 89.80,  -2.88E-013, 
 89.90,  -3.67E-013, 
 90.00,  -2.62E-013, 
