Jun 25, 2026  03:27:29 PM
Residual Gas Analyzer Software 
RGA Software Version, 3.214.004

Pressure vs Time Scan Setup:

Active channels in Scan, 8 
Units, Torr
Sample Period, 1.00, sec
Focus Voltage, 90, Volts 
Ion Energy, HIGH 
Electron Energy, 70, eV 
CEM Voltage, 1159, Volts
CEM Gain, 1.01E+003 
Sensitivity Factor, 1.11E-004 
Filament Current, 1.00, mAmps
Start time, Jun 25, 2026  03:27:29 PM 
Channel,  Mass(amu),     Name,                 Cal Factor,  Noise Floor, CEM Status

1         2.00           Hydrogen              1.00         3            OFF
2         4.00           Helium                1.00         3            OFF
3         26.00          Dummy-26              1.00         3            ON
4         28.00          Nitrogen              1.00         3            ON
5         32.00          Oxygen                1.00         3            ON
6         40.00          Argon                 1.00         3            ON
7         44.00          Carbon dioxide        1.00         3            ON
8         84.00          Krypton               1.00         3            ON


Time(s)      Channel#1   Channel#2   Channel#3   Channel#4   Channel#5   Channel#6   Channel#7   Channel#8   

0.000,   4.6021E-008,   2.9484E-006,   1.6267E-011,   4.8950E-011,   1.8463E-011,   8.8203E-012,   6.2333E-012,   2.7555E-013,  
5.640,   4.9704E-008,   3.1835E-006,   2.3579E-011,   1.8335E-011,   1.6273E-011,   5.1552E-012,   5.8258E-012,   4.1377E-013,  
10.656,   5.2089E-008,   3.2680E-006,   5.9783E-012,   1.6742E-011,   1.5815E-011,   7.5139E-012,   5.0277E-012,   9.1583E-013,  
15.703,   5.1486E-008,   3.2837E-006,   2.5294E-011,   1.5845E-011,   1.6824E-011,   5.7741E-012,   7.4131E-012,   6.4384E-013,  
20.703,   5.3466E-008,   3.2693E-006,   2.4775E-011,   1.5981E-011,   1.6123E-011,   6.6114E-012,   4.9563E-012,   6.9111E-013,  
25.765,   5.3996E-008,   3.2869E-006,   2.4388E-011,   1.6018E-011,   1.5749E-011,   6.2271E-012,   5.8410E-013,   7.0983E-013,  
30.781,   5.2281E-008,   3.2540E-006,   2.3936E-011,   1.5707E-011,   1.5773E-011,   6.8522E-012,   7.1839E-012,   7.5174E-013,  
35.781,   5.2648E-008,   3.2702E-006,   2.4907E-011,   1.6250E-011,   1.5727E-011,   6.7826E-012,   5.7447E-012,   5.5199E-013,  
40.796,   5.2213E-008,   3.2665E-006,   2.4058E-011,   1.6681E-011,   1.5342E-011,   6.7505E-012,   7.6396E-012,   1.0291E-012,  
45.843,   5.3243E-008,   3.2671E-006,   2.1680E-011,   1.5340E-011,   1.5546E-011,   6.8888E-012,   8.5153E-012,   9.0423E-013,  
50.875,   5.4628E-008,   3.2597E-006,   2.3182E-011,   1.6159E-011,   1.5276E-011,   6.6632E-012,   5.3657E-012,   9.2029E-013,  
55.921,   5.2899E-008,   3.2686E-006,   2.3598E-011,   1.5949E-011,   1.5865E-011,   6.8139E-012,   5.7464E-012,   9.7022E-013,  
60.968,   5.1245E-008,   3.2531E-006,   2.3733E-011,   1.5458E-011,   1.4287E-011,   6.6230E-012,   3.4662E-012,   9.2029E-013,  
65.984,   5.1500E-008,   3.2685E-006,   2.3834E-011,   1.6360E-011,   1.5169E-011,   6.5258E-012,   3.9531E-012,   1.0835E-012,  
70.984,   5.0443E-008,   3.2248E-006,   2.3817E-011,   1.5144E-011,   1.6088E-011,   6.3778E-012,   6.4295E-012,   6.3582E-013,  
76.031,   5.0729E-008,   3.2551E-006,   2.2939E-011,   1.4750E-011,   1.6690E-011,   6.5026E-012,   4.5979E-012,   6.8397E-013,  
81.062,   5.1891E-008,   3.2486E-006,   2.4616E-011,   1.6176E-011,   1.6489E-011,   6.7461E-012,   4.4284E-012,   1.0255E-012,  
86.109,   5.2112E-008,   3.2358E-006,   2.5720E-011,   1.7024E-011,   1.5317E-011,   6.6195E-012,   4.4944E-012,   1.3162E-012,  
91.156,   5.1108E-008,   3.2270E-006,   2.4117E-011,   1.6055E-011,   1.5691E-011,   6.7933E-012,   4.4757E-012,   1.1388E-012,  
96.203,   5.2005E-008,   3.2587E-006,   2.3673E-011,   1.6702E-011,   1.4632E-011,   6.6747E-012,   4.5230E-012,   7.5620E-013,  
101.234,   5.2054E-008,   3.2561E-006,   2.4732E-011,   1.6242E-011,   1.4968E-011,   8.1658E-012,   4.8476E-012,   1.1905E-012,  
106.265,   4.8577E-008,   3.2274E-006,   2.5825E-011,   1.6037E-011,   1.5815E-011,   6.7390E-012,   6.1843E-012,   4.7709E-013,  
111.265,   5.1556E-008,   3.2435E-006,   2.4458E-011,   1.6183E-011,   1.4635E-011,   6.5454E-012,   6.5374E-012,   9.2564E-013,  
116.296,   5.1126E-008,   3.2183E-006,   2.3122E-011,   1.5302E-011,   1.4630E-011,   6.1379E-012,   6.3359E-012,   6.6525E-013,  
121.343,   4.9281E-008,   3.2295E-006,   2.3947E-011,   1.5877E-011,   1.5456E-011,   7.0662E-012,   4.9635E-012,   1.1753E-012,  
126.375,   5.0630E-008,   3.2390E-006,   8.1568E-012,   1.6141E-011,   1.5121E-011,   7.1019E-012,   6.2057E-012,   9.5952E-013,  
131.406,   4.8542E-008,   3.2221E-006,   2.4058E-011,   1.6416E-011,   1.5331E-011,   6.3056E-012,   5.0776E-012,   1.1405E-012,  
136.453,   4.9806E-008,   3.2299E-006,   2.4433E-011,   1.6295E-011,   1.5401E-011,   6.5490E-012,   4.3241E-012,   7.9812E-013,  
141.468,   5.2780E-008,   3.2214E-006,   2.6079E-011,   1.6301E-011,   1.5319E-011,   6.6284E-012,   8.1238E-012,   1.0469E-012,  
146.531,   5.0204E-008,   3.2231E-006,   8.8676E-012,   1.5915E-011,   1.5018E-011,   6.8504E-012,   8.4716E-012,   8.2665E-013,  
151.609,   4.9602E-008,   3.2145E-006,   2.3346E-011,   1.5721E-011,   1.5119E-011,   6.4028E-012,   3.7668E-012,   1.0255E-012,  
156.625,   4.9375E-008,   3.2457E-006,   2.3267E-011,   1.6814E-011,   1.6087E-011,   6.9048E-012,   5.9444E-012,   1.1771E-012,  
161.625,   4.7172E-008,   3.2306E-006,   2.2245E-011,   1.6129E-011,   1.4618E-011,   7.0832E-012,   5.7215E-012,   1.1709E-012,  
166.640,   5.1264E-008,   3.2302E-006,   1.0719E-012,   1.6587E-011,   1.4759E-011,   7.2847E-012,   4.3928E-012,   6.1263E-013,  
171.687,   4.9037E-008,   3.2336E-006,   2.2989E-011,   1.5518E-011,   1.5173E-011,   6.5258E-012,   6.1442E-012,   5.6314E-012,  
176.718,   5.3365E-008,   3.2424E-006,   7.9410E-012,   1.5413E-011,   1.5460E-011,   6.4777E-012,   6.1040E-012,   7.2588E-013,  
181.765,   5.2659E-008,   3.2321E-006,   2.2767E-011,   1.5913E-011,   1.5145E-011,   6.6391E-012,   8.4698E-012,   1.1307E-012,  
186.765,   4.7687E-008,   3.2304E-006,   2.3013E-011,   1.6282E-011,   1.5740E-011,   6.8647E-012,   5.6029E-012,   6.2244E-013,  
191.843,   5.0032E-008,   3.2160E-006,   7.2089E-012,   1.6101E-011,   1.5066E-011,   6.6311E-012,   4.3072E-012,   1.0826E-012,  
196.906,   4.9540E-008,   3.2209E-006,   2.2387E-011,   1.5730E-011,   1.5273E-011,   6.5847E-012,   6.1896E-012,   7.4372E-013,  
201.906,   5.0354E-008,   3.2251E-006,   2.4467E-011,   1.5925E-011,   1.4725E-011,   6.5606E-012,   7.8947E-012,   9.0602E-013,  
206.937,   5.0361E-008,   3.2103E-006,   2.2957E-011,   1.5676E-011,   1.5289E-011,   7.1197E-012,   8.4422E-012,   1.0318E-012,  
211.953,   4.8428E-008,   3.2198E-006,   2.3062E-011,   1.6289E-011,   1.4448E-011,   6.3252E-012,   6.6159E-012,   8.9532E-013,  
216.984,   4.9604E-008,   3.2287E-006,   6.4518E-012,   1.5652E-011,   1.5361E-011,   6.7220E-012,   5.1142E-012,   1.1967E-012,  
222.046,   5.0254E-008,   3.2091E-006,   2.3715E-011,   1.5206E-011,   1.4160E-011,   6.8076E-012,   4.9510E-012,   8.2487E-013,  
227.078,   5.0929E-008,   3.2170E-006,   2.4148E-011,   1.5929E-011,   1.5368E-011,   6.8014E-012,   3.8452E-012,   6.6052E-012,  
232.093,   4.9763E-008,   3.2112E-006,   2.3244E-011,   1.6408E-011,   1.4808E-011,   7.0921E-012,   5.7188E-012,   5.1543E-013,  
237.156,   4.9039E-008,   3.2234E-006,   2.2918E-011,   1.7732E-011,   1.4673E-011,   7.1964E-012,   4.3232E-012,   8.4270E-013,  
242.156,   4.9453E-008,   3.2075E-006,   2.3688E-011,   1.9243E-011,   1.5293E-011,   6.4902E-012,   6.9842E-012,   5.6626E-013,  
247.187,   5.1721E-008,   3.2133E-006,   2.2399E-011,   1.7422E-011,   1.5761E-011,   6.9120E-012,   7.8866E-012,   5.3773E-013,  
252.187,   4.8582E-008,   3.2382E-006,   2.3486E-011,   2.0220E-011,   1.5050E-011,   6.6828E-012,   4.6951E-012,   1.2128E-012,  
257.250,   4.7993E-008,   3.2093E-006,   2.1513E-011,   1.8878E-011,   1.5298E-011,   6.5410E-012,   4.1618E-012,   7.3534E-012,  
262.265,   4.7104E-008,   3.2411E-006,   2.5077E-011,   1.7036E-011,   1.4023E-011,   6.2904E-012,   8.6366E-012,   8.4538E-013,  
267.281,   5.0087E-008,   3.2186E-006,   2.3101E-011,   1.6168E-011,   1.5910E-011,   9.0539E-012,   5.7794E-012,   1.1022E-012,  
272.328,   4.9589E-008,   3.2089E-006,   7.0216E-012,   1.5669E-011,   1.4413E-011,   6.0612E-012,   4.5827E-012,   8.2576E-013,  
277.359,   4.9589E-008,   3.2324E-006,   2.2801E-011,   1.6149E-011,   1.4310E-011,   6.6007E-012,   4.8110E-012,   7.1251E-013,  
282.390,   4.9126E-008,   3.2181E-006,   2.1055E-011,   1.6303E-011,   1.4343E-011,   7.0841E-012,   5.6644E-012,   7.8028E-013,  
287.421,   4.9285E-008,   3.2172E-006,   6.9021E-012,   1.5962E-011,   1.5039E-011,   6.0380E-012,   7.8376E-012,   3.7810E-013,  
292.453,   4.9082E-008,   3.2189E-006,   2.1015E-011,   1.5967E-011,   1.4541E-011,   6.2039E-012,   8.5287E-012,   6.8932E-013,  
297.468,   4.9335E-008,   3.1930E-006,   6.4723E-012,   1.5392E-011,   1.4121E-011,   5.9729E-012,   4.5577E-012,   1.0344E-012,  
302.468,   5.0696E-008,   3.2207E-006,   2.2803E-011,   1.6235E-011,   1.3899E-011,   6.4322E-012,   5.1169E-012,   9.8003E-013,  
307.500,   4.8837E-008,   3.2172E-006,   2.0332E-011,   1.6002E-011,   1.5687E-011,   6.5722E-012,   6.6034E-012,   1.0095E-012,  
312.531,   4.8827E-008,   3.1984E-006,   2.3117E-011,   1.5721E-011,   1.3926E-011,   6.1994E-012,   9.2376E-012,   1.1379E-012,  
317.578,   4.8453E-008,   3.2177E-006,   2.1639E-011,   1.5837E-011,   1.4935E-011,   6.6676E-012,   4.4926E-012,   7.9098E-013,  
322.593,   4.7975E-008,   3.1906E-006,   2.1445E-011,   1.6340E-011,   1.4831E-011,   6.7122E-012,   7.0644E-012,   7.7047E-013,  
327.656,   4.6895E-008,   3.2036E-006,   2.1656E-011,   1.5878E-011,   1.4061E-011,   7.0199E-012,   6.6123E-012,   1.0095E-012,  
332.656,   4.8861E-008,   3.2169E-006,   2.1836E-011,   1.5854E-011,   1.4371E-011,   6.7104E-012,   4.9902E-012,   6.3047E-013,  
337.703,   4.9260E-008,   3.2053E-006,   6.8905E-012,   1.6604E-011,   1.5011E-011,   6.4589E-012,   4.4266E-012,   8.9086E-013,  
342.734,   4.9450E-008,   3.1930E-006,   2.2611E-011,   1.6098E-011,   1.5247E-011,   6.1424E-012,   5.2943E-012,   7.0270E-013,  
347.750,   4.9005E-008,   3.2131E-006,   7.5210E-012,   1.5227E-011,   1.5047E-011,   6.0024E-012,   5.4423E-012,   6.0193E-013,  
352.781,   4.9409E-008,   3.2162E-006,   2.1905E-011,   1.5499E-011,   1.4856E-011,   7.5843E-012,   6.5124E-012,   9.3723E-013,  
357.812,   4.6299E-008,   3.1998E-006,   2.2879E-011,   1.5566E-011,   1.4863E-011,   6.5722E-012,   5.6332E-012,   6.1620E-013,  
362.875,   4.9397E-008,   3.1934E-006,   2.2535E-011,   1.5864E-011,   1.4108E-011,   6.5026E-012,   5.0562E-012,   1.1753E-012,  
367.890,   4.8635E-008,   3.1722E-006,   2.1650E-011,   1.6341E-011,   1.4854E-011,   7.0047E-012,   5.2533E-012,   5.9301E-013,  
372.921,   4.6520E-008,   3.1791E-006,   2.2512E-011,   1.5743E-011,   1.2696E-011,   6.4295E-012,   8.9237E-012,   7.7850E-013,  
377.921,   4.5853E-008,   3.2155E-006,   2.2481E-011,   1.5848E-011,   1.4085E-011,   6.5749E-012,   6.7336E-012,   9.5952E-013,  
382.953,   4.6705E-008,   3.1968E-006,   2.0489E-011,   1.6021E-011,   1.4560E-011,   6.1165E-012,   5.0553E-012,   7.7404E-013,  
387.984,   4.8903E-008,   3.1847E-006,   2.3448E-011,   1.5398E-011,   1.4541E-011,   6.1424E-012,   8.0561E-012,   6.9556E-013,  
393.031,   4.7408E-008,   3.1879E-006,   2.2460E-011,   1.5682E-011,   1.3738E-011,   6.5891E-012,   5.2488E-012,   9.5596E-013,  
398.046,   4.4610E-008,   3.1890E-006,   2.1429E-011,   1.5304E-011,   1.4140E-011,   6.7470E-012,   5.8356E-012,   1.0870E-012,  
403.125,   4.6890E-008,   3.1830E-006,   2.1716E-011,   1.5550E-011,   1.4230E-011,   6.5677E-012,   5.2364E-012,   8.3289E-013,  
408.171,   4.7107E-008,   3.1846E-006,   5.7001E-012,   1.5694E-011,   1.4367E-011,   6.6248E-012,   6.0238E-012,   7.5442E-013,  
413.203,   4.6435E-008,   3.1972E-006,   2.1661E-011,   1.5663E-011,   1.4164E-011,   6.4188E-012,   8.2362E-012,   7.7136E-013,  
418.250,   4.4652E-008,   3.1611E-006,   2.0755E-011,   1.5346E-011,   1.4272E-011,   6.7265E-012,   6.6542E-012,   2.0064E-013,  
423.296,   4.3276E-008,   3.1880E-006,   2.3034E-011,   1.6250E-011,   1.3826E-011,   6.0585E-012,   9.1012E-012,   9.1226E-013,  
428.296,   4.7522E-008,   3.1879E-006,   2.0516E-011,   1.5376E-011,   1.4096E-011,   6.0960E-012,   4.6817E-012,   4.1020E-013,  
433.359,   4.8133E-008,   3.1959E-006,   2.2632E-011,   1.4788E-011,   1.4687E-011,   9.5159E-012,   4.7049E-012,   5.3237E-012,  
438.359,   4.8254E-008,   3.1760E-006,   4.3517E-013,   1.5629E-011,   1.4807E-011,   6.5249E-012,   6.1816E-012,   8.9621E-013,  
443.390,   4.9037E-008,   3.1865E-006,   2.1732E-011,   1.5817E-011,   1.4019E-011,   6.1121E-012,   8.0035E-012,   1.0532E-012,  
448.390,   4.6431E-008,   3.1855E-006,   2.0783E-011,   1.4414E-011,   1.5058E-011,   5.8588E-012,   5.3871E-012,   9.5774E-013,  
453.421,   4.4934E-008,   3.1886E-006,   2.2710E-011,   1.5906E-011,   1.4607E-011,   6.8531E-012,   4.4561E-012,   6.6703E-013,  
458.453,   4.6178E-008,   3.1772E-006,   2.2314E-011,   1.5169E-011,   1.4386E-011,   6.9307E-012,   8.0998E-012,   7.5424E-012,  
463.515,   4.6559E-008,   3.1936E-006,   2.0788E-011,   1.6224E-011,   1.4398E-011,   6.2360E-012,   5.2711E-012,   9.4615E-013,  
468.546,   4.7507E-008,   3.1709E-006,   7.5005E-012,   1.5765E-011,   1.4578E-011,   6.2797E-012,   4.5747E-012,   5.0741E-013,  
473.578,   4.7842E-008,   3.1802E-006,   2.0358E-011,   1.5580E-011,   1.5393E-011,   6.7193E-012,   5.3273E-012,   5.3683E-013,  
478.625,   4.7135E-008,   3.1549E-006,   2.0044E-011,   1.5654E-011,   1.5104E-011,   6.2048E-012,   5.6662E-012,   6.7595E-013,  
484.625,   4.6005E-008,   3.1787E-006,   2.0525E-011,   1.5829E-011,   1.4679E-011,   7.4176E-012,   6.7354E-012,   6.4170E-012,  
489.687,   4.7481E-008,   3.1751E-006,   2.2408E-011,   1.5822E-011,   1.5266E-011,   6.6159E-012,   8.4119E-012,   7.3837E-013,  
494.718,   4.6390E-008,   3.1696E-006,   2.2448E-011,   1.5484E-011,   1.4050E-011,   6.7541E-012,   4.3277E-012,   6.9378E-013,  
499.765,   4.6265E-008,   3.1793E-006,   2.1250E-011,   1.5566E-011,   1.4940E-011,   6.9218E-012,   7.9366E-012,   2.4434E-013,  
504.765,   4.7458E-008,   3.1827E-006,   2.0928E-011,   1.5771E-011,   1.4213E-011,   7.5487E-012,   8.4752E-012,   6.2244E-013,  
509.765,   4.5857E-008,   3.1709E-006,   6.4902E-012,   1.5845E-011,   1.4517E-011,   6.9146E-012,   4.4989E-012,   5.4129E-013,  
514.781,   4.8629E-008,   3.1744E-006,   2.0698E-011,   1.5988E-011,   1.4132E-011,   6.2494E-012,   4.3749E-012,   5.3594E-013,  
519.843,   4.8180E-008,   3.1711E-006,   5.7964E-012,   1.5680E-011,   1.4424E-011,   6.4349E-012,   6.0461E-012,   1.3564E-012,  
525.843,   4.7650E-008,   3.1549E-006,   6.7407E-012,   1.5225E-011,   1.4343E-011,   6.6997E-012,   5.8115E-012,   7.9722E-013,  
530.859,   4.3800E-008,   3.1622E-006,   2.1908E-011,   1.5711E-011,   1.4945E-011,   6.4028E-012,   4.4427E-012,  -5.6091E-013,  
535.906,   4.7672E-008,   3.1826E-006,   2.1658E-011,   1.5558E-011,   1.4033E-011,   6.3769E-012,   5.5725E-012,   5.4218E-013,  
541.906,   4.5577E-008,   3.1700E-006,   6.4652E-012,   1.5652E-011,   1.4085E-011,   6.2833E-012,   4.8253E-012,   7.0181E-013,  
546.937,   4.3670E-008,   3.1770E-006,   6.4741E-013,   1.5460E-011,   1.4088E-011,   6.3296E-012,   6.8148E-012,   9.0691E-013,  
551.953,   4.6770E-008,   3.1453E-006,   2.1394E-011,   1.3472E-011,   1.4089E-011,   7.0368E-012,   5.6501E-012,   6.5454E-013,  
557.000,   4.3151E-008,   3.1794E-006,   2.0869E-011,   1.5375E-011,   1.3623E-011,   6.4393E-012,   8.4484E-012,   6.2958E-013,  
562.015,   4.5072E-008,   3.1649E-006,   2.1624E-011,   1.6090E-011,   1.4590E-011,   6.6007E-012,   4.3428E-012,   5.7518E-013,  
567.062,   4.4531E-008,   3.1674E-006,   1.9453E-011,   1.5878E-011,   1.4071E-011,   6.8219E-012,   6.8415E-012,  -3.4957E-013,  
572.078,   4.6160E-008,   3.1543E-006,   2.2241E-011,   1.5807E-011,   1.4329E-011,   6.3127E-012,   5.2542E-012,   1.0924E-012,  
577.078,   4.5287E-008,   3.1568E-006,   2.0686E-011,   1.5799E-011,   1.4575E-011,   7.4568E-012,   4.9822E-012,   5.3594E-013,  
582.109,   4.5496E-008,   3.1517E-006,   2.2157E-011,   1.6084E-011,   1.4824E-011,   6.0684E-012,   4.2866E-012,   1.4482E-012,  
587.125,   4.4609E-008,   3.1352E-006,   2.0854E-011,   1.5756E-011,   1.4625E-011,   6.3448E-012,   6.3350E-012,   8.3824E-013,  
592.140,   4.3260E-008,   3.1690E-006,   6.9601E-012,   1.5499E-011,   1.4788E-011,   6.8504E-012,   4.0708E-012,   4.6014E-013,  
597.203,   4.5023E-008,   3.1519E-006,   2.0360E-011,   1.5384E-011,   1.4746E-011,   5.9087E-012,   6.9762E-012,   8.5786E-013,  
602.203,   4.4316E-008,   3.0926E-006,   2.0442E-011,   1.5733E-011,   1.4198E-011,   6.4830E-012,   5.3193E-012,   6.3582E-013,  
607.234,   4.2049E-008,   3.0187E-006,   2.1547E-011,   1.5533E-011,   1.4277E-011,   6.3724E-012,   5.1240E-012,   8.4627E-013,  
612.265,   4.1750E-008,   3.0567E-006,   2.0246E-011,   1.5333E-011,   1.4761E-011,   7.8376E-012,   4.3401E-012,   8.6856E-013,  
617.281,   4.4696E-008,   3.1040E-006,   2.0504E-011,   1.5604E-011,   1.4611E-011,   6.1406E-012,   5.2328E-012,   7.2312E-012,  
622.359,   4.4013E-008,   3.1130E-006,   2.0860E-011,   1.6282E-011,   1.4400E-011,   6.3930E-012,   7.4354E-012,   6.8397E-013,  
627.421,   4.5283E-008,   3.1410E-006,   9.8583E-012,   1.5872E-011,   1.4458E-011,   6.0728E-012,   6.5187E-012,   6.0996E-013,  
632.437,   4.4333E-008,   3.1530E-006,   2.0796E-011,   1.5851E-011,   1.4366E-011,   6.5142E-012,   6.1308E-012,   1.0416E-012,  
637.515,   4.4512E-008,   3.1466E-006,   6.3198E-012,   1.5590E-011,   1.4400E-011,   6.4340E-012,   5.1677E-012,   7.5620E-013,  
642.562,   4.5621E-008,   3.1379E-006,   2.1319E-011,   1.5518E-011,   1.4470E-011,   6.7024E-012,   7.5683E-012,   1.1780E-012,  
647.562,   4.3267E-008,   3.1277E-006,   2.0590E-011,   1.5260E-011,   1.3878E-011,   6.7363E-012,   6.3805E-012,   7.9366E-013,  
652.593,   4.5724E-008,   3.1314E-006,   2.0150E-011,   1.5607E-011,   1.4390E-011,   6.2414E-012,   7.8474E-012,   6.3983E-012,  
657.640,   4.2428E-008,   3.1407E-006,   2.0295E-011,   1.6078E-011,   1.4569E-011,   6.3466E-012,   6.8148E-012,   8.4627E-013,  
662.687,   4.5862E-008,   3.1253E-006,   1.9894E-011,   1.5561E-011,   1.3925E-011,   6.8968E-012,   9.1395E-012,   8.0614E-013,  
667.703,   4.4278E-008,   3.1170E-006,   7.2624E-012,   1.5313E-011,   1.3875E-011,   6.3029E-012,   7.9678E-012,   7.5531E-013,  
672.734,   4.4626E-008,   3.1338E-006,   2.0387E-011,   1.6035E-011,   1.4025E-011,   6.8415E-012,   5.2105E-012,   8.3914E-013,  
677.765,   4.3593E-008,   3.1438E-006,   8.1185E-012,   1.5515E-011,   1.3959E-011,   6.0951E-012,   7.7145E-012,   4.8779E-013,  
682.812,   4.3364E-008,   3.1490E-006,   2.0826E-011,   1.5090E-011,   1.4465E-011,   5.8989E-012,   6.7345E-012,   5.8053E-013,  
687.828,   4.5652E-008,   3.1283E-006,   1.9415E-011,   1.5575E-011,   1.4103E-011,   6.5169E-012,   5.1409E-012,   8.8818E-013,  
692.875,   4.4837E-008,   3.1392E-006,   6.6275E-012,   1.4898E-011,   1.3676E-011,   6.2378E-012,   7.3498E-012,   9.2118E-013,  
697.906,   4.3360E-008,   3.1277E-006,   1.9337E-011,   1.5338E-011,   1.3749E-011,   7.3810E-012,   6.5963E-012,   8.8462E-013,  
702.953,   4.1596E-008,   3.1309E-006,   1.0617E-011,   1.5899E-011,   1.4198E-011,   7.0297E-012,   7.8608E-012,   9.6309E-013,  
708.000,   4.3229E-008,   3.1258E-006,   2.0806E-011,   1.5692E-011,   1.4269E-011,   6.3840E-012,   6.5874E-012,   7.9901E-013,  
713.046,   4.3537E-008,   3.1066E-006,   2.0747E-011,   1.5435E-011,   1.4223E-011,   6.3609E-012,   7.6557E-012,   1.1709E-012,  
718.109,   4.3273E-008,   3.1351E-006,   1.9503E-011,   1.4984E-011,   1.4202E-011,   6.7461E-012,   8.7712E-012,   4.3072E-013,  
723.140,   4.2416E-008,   3.1316E-006,   6.8415E-012,   1.5277E-011,   1.4172E-011,   6.8237E-012,   3.9665E-012,   5.2346E-013,  
728.156,   4.5925E-008,   3.1265E-006,   2.0508E-011,   1.5563E-011,   1.4754E-011,   6.2699E-012,   8.7998E-012,   6.4206E-013,  
733.203,   4.4752E-008,   3.1160E-006,   2.1385E-011,   1.6378E-011,   1.4982E-011,   6.2039E-012,   4.1475E-012,   6.6792E-013,  
738.250,   4.2752E-008,   3.1205E-006,   2.1530E-011,   1.5006E-011,   1.4612E-011,   6.9137E-012,   7.6093E-012,   5.5556E-013,  
743.312,   4.4874E-008,   3.1311E-006,   2.0264E-011,   1.5586E-011,   1.4236E-011,   6.2868E-012,   8.7356E-012,   6.8932E-013,  
749.328,   4.3798E-008,   3.1295E-006,   6.3216E-012,   1.5510E-011,   1.4000E-011,   6.0229E-012,   6.0318E-012,   6.9378E-013,  
754.343,   4.2743E-008,   3.1242E-006,   2.0980E-011,   1.5218E-011,   1.3955E-011,   6.2485E-012,   5.1035E-012,   9.0869E-013,  
759.359,   4.3730E-008,   3.1366E-006,   6.4170E-012,   1.5330E-011,   1.4574E-011,   6.7657E-012,   3.7186E-012,   5.9658E-013,  
764.390,   4.0445E-008,   3.1177E-006,   2.0245E-011,   1.5633E-011,   1.4028E-011,   6.7853E-012,   8.3530E-012,   5.8499E-013,  
769.390,   4.3558E-008,   3.1195E-006,   2.0532E-011,   1.5380E-011,   1.5524E-011,   6.7541E-012,   6.6614E-012,   8.1952E-013,  
774.406,   4.5174E-008,   3.1291E-006,   2.0327E-011,   1.6149E-011,   1.4181E-011,   7.0118E-012,   7.4408E-012,   7.0983E-013,  
779.468,   4.3849E-008,   3.1188E-006,   2.0706E-011,   1.6162E-011,   1.4138E-011,   6.0443E-012,   7.4104E-012,   6.3493E-013,  
784.500,   4.2398E-008,   3.1104E-006,   2.0516E-011,   1.5824E-011,   1.3880E-011,   6.3073E-012,   6.1825E-012,   8.6232E-013,  
789.531,   4.1137E-008,   3.1300E-006,   2.1550E-011,   1.5292E-011,   1.4095E-011,   6.4179E-012,   4.4989E-012,   7.6601E-013,  
794.578,   4.3689E-008,   3.1403E-006,   2.0566E-011,   1.5539E-011,   1.3855E-011,   9.0432E-012,   3.6740E-012,   8.0079E-013,  
799.609,   4.3601E-008,   3.0917E-006,   2.1060E-011,   1.5977E-011,   1.4124E-011,   6.3528E-012,   7.4327E-012,   3.4422E-013,  
804.625,   4.0419E-008,   3.1205E-006,   9.1672E-012,   1.5257E-011,   1.4253E-011,   6.0630E-012,   5.1418E-012,   7.4791E-012,  
809.656,   4.0752E-008,   3.1221E-006,   2.1299E-011,   1.5621E-011,   1.4497E-011,   7.0029E-012,   7.2419E-012,   2.6574E-013,  
814.703,   4.3003E-008,   3.1061E-006,   1.9838E-011,   1.4469E-011,   1.3570E-011,   6.9485E-012,   9.0432E-012,   6.0193E-013,  
819.734,   4.3785E-008,   3.1034E-006,   6.8745E-012,   1.5731E-011,   1.3997E-011,   6.8647E-012,   6.7095E-012,   1.0737E-012,  
824.734,   4.1937E-008,   3.1132E-006,   6.9360E-012,   1.5417E-011,   1.3879E-011,   6.1183E-012,   4.7994E-012,   5.9569E-013,  
829.781,   4.2465E-008,   3.0992E-006,   7.9196E-012,   1.4902E-011,   1.4198E-011,   6.4313E-012,   8.5055E-012,   6.7416E-013,  
834.812,   4.0045E-008,   3.0961E-006,   7.3944E-012,   1.5959E-011,   1.4499E-011,   6.9137E-012,   5.7045E-012,   9.6220E-013,  
839.828,   4.4037E-008,   3.1040E-006,   1.9605E-011,   1.5149E-011,   1.3606E-011,   6.2280E-012,   5.6911E-012,   7.0029E-012,  
844.875,   4.3231E-008,   3.1233E-006,   1.8559E-011,   1.5568E-011,   1.3734E-011,   6.8584E-012,   4.7619E-012,   7.1429E-013,  
849.921,   4.3218E-008,   3.1205E-006,   1.9360E-011,   1.5505E-011,   1.4402E-011,   6.2039E-012,   7.5656E-012,   4.7352E-013,  
854.937,   4.4252E-008,   3.1176E-006,   2.0612E-011,   1.5667E-011,   1.4108E-011,   5.9239E-012,   8.7356E-012,   6.2868E-013,  
859.968,   4.2685E-008,   3.0986E-006,   6.2574E-012,   1.5590E-011,   1.4285E-011,   6.4188E-012,   5.1516E-012,   6.2512E-013,  
864.984,   4.2481E-008,   3.1223E-006,   1.9987E-011,   1.5164E-011,   1.4330E-011,   6.3172E-012,   8.3396E-012,   9.4347E-013,  
870.046,   4.3477E-008,   3.1056E-006,   1.8847E-011,   1.5484E-011,   1.4878E-011,   6.2672E-012,   7.4051E-012,   9.9787E-013,  
876.046,   4.1240E-008,   3.1120E-006,   1.9487E-011,   1.5533E-011,   1.4278E-011,   6.9699E-012,   4.5381E-012,   8.8283E-013,  
881.078,   4.0854E-008,   3.1095E-006,   1.9741E-011,   1.5446E-011,   1.3852E-011,   6.1147E-012,   4.1101E-012,   4.5925E-013,  
886.093,   4.4647E-008,   3.1122E-006,   2.0474E-011,   1.6118E-011,   1.4575E-011,   6.1352E-012,   5.7384E-012,   6.4473E-013,  
891.109,   4.2384E-008,   3.1074E-006,   5.4584E-012,   1.8230E-011,   1.3906E-011,   6.2512E-012,   5.6894E-012,   5.4361E-012,  
896.140,   4.1326E-008,   3.1118E-006,   1.9640E-011,   2.3548E-011,   1.4278E-011,   6.0371E-012,   5.8722E-012,   6.5989E-013,  
901.218,   4.1937E-008,   3.0900E-006,   6.2110E-012,   2.9266E-011,   1.5037E-011,   6.1040E-012,   7.7297E-012,   7.8920E-013,  
906.265,   4.2280E-008,   3.1070E-006,   6.6997E-012,   3.0948E-011,   1.3697E-011,   6.4482E-012,   9.0111E-012,   5.5208E-012,  
911.296,   4.2002E-008,   3.0852E-006,  -2.0243E-013,   2.8234E-011,   1.4171E-011,   6.4991E-012,   5.0143E-012,   9.1137E-013,  
916.359,   3.3514E-009,   7.7381E-007,   2.0894E-011,   2.4010E-011,   1.4854E-011,   6.1557E-012,   7.6735E-012,   8.5162E-013,  
921.390,   4.4338E-008,   3.4463E-006,   5.2381E-012,   1.5960E-011,   1.3011E-011,   5.9587E-012,   6.5829E-012,   6.4830E-013,  
926.406,   4.7510E-008,   3.4863E-006,   1.9506E-011,   1.8363E-011,   1.4082E-011,   6.9922E-012,   5.0473E-012,   7.9633E-013,  
931.453,   5.0482E-008,   3.5088E-006,   6.2146E-012,   1.7947E-011,   1.5228E-011,   6.6792E-012,   3.6009E-012,   8.1238E-013,  
936.484,   4.9222E-008,   3.4790E-006,   1.8805E-011,   1.7905E-011,   1.4344E-011,   6.4670E-012,   3.8916E-012,   6.7568E-012,  
941.531,   4.9902E-008,   3.4951E-006,   2.0081E-011,   1.7215E-011,   1.4541E-011,   6.8968E-012,   6.9592E-012,   7.7654E-012,  
946.578,   5.0000E-008,   3.4940E-006,   1.9790E-011,   1.7155E-011,   1.4376E-011,   6.5847E-012,   4.6166E-012,   8.3628E-012,  
951.625,   4.8939E-008,   3.4881E-006,   1.9401E-011,   1.7241E-011,   1.4631E-011,   7.0484E-012,   6.4688E-012,   1.8609E-011,  
956.671,   5.1355E-008,   3.4603E-006,   1.9815E-011,   1.6299E-011,   1.4633E-011,   7.7127E-012,   8.7311E-012,   2.7924E-011,  
961.703,   4.8610E-008,   3.4915E-006,   1.8943E-011,   1.6341E-011,   1.3906E-011,   7.5050E-012,   8.7213E-012,   3.9981E-011,  
966.734,   4.9414E-008,   3.4929E-006,   1.8959E-011,   1.6190E-011,   1.4950E-011,   7.8403E-012,   6.5133E-012,   3.1418E-011,  
971.765,   5.0359E-008,   3.4980E-006,   7.9419E-012,   1.6778E-011,   1.4833E-011,   8.3289E-012,   7.5130E-012,   4.8631E-011,  
976.828,   4.9867E-008,   3.5001E-006,   1.9337E-011,   1.5397E-011,   1.5233E-011,   8.5251E-012,   4.9626E-012,   4.5172E-011,  
981.859,   4.9322E-008,   3.5091E-006,   6.9690E-012,   1.6526E-011,   1.4500E-011,   7.7743E-012,   7.2838E-012,   4.1529E-011,  
986.906,   4.9454E-008,   3.4986E-006,   1.7976E-011,   1.6370E-011,   1.4110E-011,   7.6592E-012,   3.9317E-012,   3.6879E-011,  
991.906,   4.8893E-008,   3.4726E-006,   1.9503E-011,   1.6167E-011,   1.4854E-011,   9.7031E-012,   8.7730E-012,   3.0415E-011,  
996.906,   5.0099E-008,   3.4884E-006,   1.7562E-011,   1.5876E-011,   1.4169E-011,   7.5665E-012,   6.5668E-012,   2.4443E-011,  
1001.921,   5.1855E-008,   3.5066E-006,   1.8302E-011,   1.5385E-011,   1.4319E-011,   7.3605E-012,   5.5770E-012,   2.0747E-011,  
1006.921,   4.9122E-008,   3.5133E-006,   6.7559E-012,   1.6202E-011,   1.4910E-011,   6.8772E-012,   4.5595E-012,   1.5865E-011,  
1011.968,   5.0534E-008,   3.4925E-006,   1.9317E-011,   1.5751E-011,   1.1773E-011,   6.8629E-012,   4.2554E-012,   1.2543E-011,  
1017.031,   4.7605E-008,   3.4888E-006,   1.9631E-011,   1.5684E-011,   1.4476E-011,   7.1527E-012,   7.0163E-012,   1.0122E-011,  
1022.062,   4.8955E-008,   3.4849E-006,   1.8686E-011,   1.5020E-011,   1.4076E-011,   7.2972E-012,   9.3331E-012,   7.4729E-012,  
1027.093,   4.8216E-008,   3.4964E-006,   1.9484E-011,   1.5645E-011,   1.4816E-011,   6.5133E-012,   4.9448E-012,   6.7595E-012,  
1032.125,   5.0412E-008,   3.5000E-006,   6.4197E-012,   1.5405E-011,   1.4480E-011,   6.9690E-012,   7.2615E-012,   5.0767E-012,  
1037.140,   4.7096E-008,   3.4939E-006,   1.8552E-011,   1.6089E-011,   1.2141E-011,   6.4937E-012,   5.0437E-012,   8.3138E-012,  
1042.140,   4.6456E-008,   3.4896E-006,   1.9351E-011,   1.6397E-011,   1.4272E-011,   7.0609E-012,   5.0027E-012,   8.1114E-012,  
1047.156,   4.8694E-008,   3.4881E-006,   1.9451E-011,   1.6413E-011,   1.4361E-011,   6.4473E-012,   8.6883E-012,   7.9606E-012,  
1052.156,   4.8709E-008,   3.4762E-006,   1.8280E-011,   1.5574E-011,   1.3898E-011,   6.8460E-012,   7.9740E-012,   8.5385E-012,  
1057.187,   4.9409E-008,   3.4789E-006,   1.8313E-011,   1.5591E-011,   1.4697E-011,   6.1192E-012,   6.9048E-012,   8.1479E-012,  
1062.218,   4.7934E-008,   3.4745E-006,   7.0270E-012,   1.6060E-011,   1.4055E-011,   6.5972E-012,   7.4479E-012,   6.9120E-012,  
1067.250,   4.9853E-008,   3.4863E-006,   1.9142E-011,   1.5729E-011,   1.4412E-011,   6.7657E-012,   7.4238E-012,   7.3632E-012,  
1072.281,   4.9018E-008,   3.4874E-006,   1.9942E-011,   1.6646E-011,   1.5215E-011,   6.7060E-012,   7.5246E-012,   8.4582E-012,  
1077.343,   4.6824E-008,   3.4993E-006,   6.4188E-012,   1.5384E-011,   1.4749E-011,   7.2027E-012,   5.1614E-012,   5.7277E-012,  
1082.375,   5.0045E-008,   3.4948E-006,   6.7853E-012,   1.5369E-011,   1.4625E-011,   6.7586E-012,   8.5385E-012,   7.3935E-012,  
1087.453,   4.7750E-008,   3.4689E-006,   1.3287E-013,   1.5904E-011,   1.4017E-011,   6.9762E-012,   5.3808E-012,   7.5041E-012,  
1092.484,   4.8647E-008,   3.4875E-006,   1.8497E-011,   1.5818E-011,   1.4667E-011,   7.1929E-012,   6.7068E-012,   6.2574E-012,  
1097.531,   4.9747E-008,   3.4845E-006,   1.8108E-011,   1.5493E-011,   1.4626E-011,   6.3109E-012,   6.8344E-012,   6.0791E-012,  
1102.593,   4.6925E-008,   3.4743E-006,   1.9387E-011,   1.5490E-011,   1.2289E-011,   7.0332E-012,   4.2947E-012,   8.4270E-013,  
1107.609,   4.6283E-008,   3.4657E-006,   1.8631E-011,   1.6406E-011,   1.4297E-011,   7.1126E-012,   4.1743E-012,   1.1379E-012,  
1112.640,   4.6944E-008,   3.4652E-006,   7.7912E-012,   1.6510E-011,   1.4076E-011,   6.3519E-012,   3.5795E-012,   1.3653E-012,  
1117.687,   4.9436E-008,   3.5029E-006,   1.8919E-011,   1.5952E-011,   1.4160E-011,   6.4848E-012,   5.3451E-012,   6.4652E-013,  
1122.703,   4.9077E-008,   3.4848E-006,   1.9600E-011,   1.5393E-011,   1.4619E-011,   7.2571E-012,   4.4445E-012,   9.3188E-013,  
1127.703,   4.6735E-008,   3.4465E-006,   7.4925E-012,   1.6329E-011,   1.3701E-011,   6.7675E-012,   5.6171E-012,   1.1539E-012,  
1133.718,   4.7462E-008,   3.4815E-006,   8.0846E-012,   1.5977E-011,   1.4113E-011,   6.7291E-012,   6.3216E-012,   1.0755E-012,  
1138.718,   4.7867E-008,   3.4885E-006,   1.8534E-011,   1.4916E-011,   1.4479E-011,   6.6890E-012,   6.8014E-012,   7.1607E-013,  
1143.750,   3.0018E-009,   7.3768E-007,   1.7705E-011,   1.5902E-011,   1.5026E-011,   6.8745E-012,   8.5893E-012,   6.1263E-013,  
