Jun 25, 2026  04:27:01 PM
Residual Gas Analyzer Software 
Software Version, 3.214.004

Analog Scan Setup:

Data Points in Scan, 891 
Units, Torr 
Noise Floor, 2 
CEM Status, OFF 
Points Per AMU, 10
Scan Start Mass, 1, amu 
Scan Stop Mass, 90, amu
Focus Voltage, 90, Volts 
Ion Energy, HIGH 
Electron Energy, 70, eV 
CEM Voltage, 1159, Volts
CEM Gain, 1.01E+003 
Sensitivity Factor, 1.11E-004 
Filament Current, 1.00, mAmps


  1.00,   1.25E-012, 
  1.10,  -1.53E-012, 
  1.20,  -4.12E-013, 
  1.30,   5.00E-012, 
  1.40,   3.04E-012, 
  1.50,   1.43E-011, 
  1.60,   3.81E-011, 
  1.70,   5.57E-011, 
  1.80,   6.70E-011, 
  1.90,   7.78E-011, 
  2.00,   8.81E-011, 
  2.10,   9.19E-011, 
  2.20,   8.24E-011, 
  2.30,   5.66E-011, 
  2.40,   2.07E-011, 
  2.50,   4.37E-012, 
  2.60,   1.74E-012, 
  2.70,   2.48E-012, 
  2.80,   2.84E-012, 
  2.90,   1.77E-012, 
  3.00,  -1.58E-012, 
  3.10,  -7.42E-013, 
  3.20,   1.82E-012, 
  3.30,   4.48E-012, 
  3.40,   5.79E-012, 
  3.50,   1.41E-011, 
  3.60,   3.63E-011, 
  3.70,   6.96E-011, 
  3.80,   8.93E-011, 
  3.90,   1.26E-010, 
  4.00,   1.61E-010, 
  4.10,   1.66E-010, 
  4.20,   1.36E-010, 
  4.30,   7.41E-011, 
  4.40,   2.00E-011, 
  4.50,   5.67E-012, 
  4.60,   4.92E-012, 
  4.70,   3.17E-012, 
  4.80,   2.68E-013, 
  4.90,  -1.69E-012, 
  5.00,  -1.01E-012, 
  5.10,  -6.32E-013, 
  5.20,  -5.53E-014, 
  5.30,   4.28E-014, 
  5.40,  -5.44E-014, 
  5.50,   9.81E-015, 
  5.60,  -1.56E-013, 
  5.70,  -5.15E-013, 
  5.80,  -3.69E-013, 
  5.90,  -4.23E-013, 
  6.00,  -3.42E-013, 
  6.10,  -1.52E-013, 
  6.20,  -3.53E-013, 
  6.30,  -2.88E-013, 
  6.40,  -3.25E-013, 
  6.50,  -5.80E-014, 
  6.60,   2.05E-013, 
  6.70,   3.00E-013, 
  6.80,   1.28E-013, 
  6.90,  -2.35E-013, 
  7.00,  -3.26E-013, 
  7.10,  -3.56E-013, 
  7.20,  -1.43E-013, 
  7.30,  -4.47E-013, 
  7.40,  -1.26E-013, 
  7.50,  -1.97E-013, 
  7.60,  -7.45E-013, 
  7.70,  -4.20E-013, 
  7.80,  -5.36E-013, 
  7.90,  -3.51E-013, 
  8.00,  -2.78E-013, 
  8.10,  -1.89E-013, 
  8.20,  -5.35E-014, 
  8.30,   6.15E-014, 
  8.40,  -1.75E-013, 
  8.50,  -3.23E-013, 
  8.60,  -2.11E-013, 
  8.70,  -1.78E-013, 
  8.80,  -2.41E-013, 
  8.90,  -5.66E-013, 
  9.00,  -3.56E-013, 
  9.10,   2.68E-015, 
  9.20,  -3.79E-013, 
  9.30,  -1.22E-013, 
  9.40,  -4.23E-013, 
  9.50,  -5.40E-013, 
  9.60,  -3.67E-012, 
  9.70,  -2.19E-012, 
  9.80,   1.44E-012, 
  9.90,   8.61E-013, 
 10.00,   3.83E-013, 
 10.10,  -8.11E-014, 
 10.20,  -1.48E-013, 
 10.30,  -7.49E-014, 
 10.40,  -1.18E-013, 
 10.50,  -1.26E-013, 
 10.60,  -2.38E-013, 
 10.70,  -2.92E-013, 
 10.80,  -1.84E-013, 
 10.90,  -3.57E-014, 
 11.00,   2.39E-013, 
 11.10,  -3.83E-014, 
 11.20,  -3.89E-013, 
 11.30,  -2.49E-013, 
 11.40,   2.31E-013, 
 11.50,   2.56E-013, 
 11.60,   2.21E-012, 
 11.70,   2.81E-012, 
 11.80,   2.04E-012, 
 11.90,   2.14E-012, 
 12.00,   2.44E-012, 
 12.10,   2.52E-012, 
 12.20,   2.37E-012, 
 12.30,   1.37E-012, 
 12.40,  -9.70E-013, 
 12.50,  -1.09E-012, 
 12.60,   3.12E-012, 
 12.70,   5.14E-012, 
 12.80,   5.57E-012, 
 12.90,   6.51E-012, 
 13.00,   7.13E-012, 
 13.10,   7.54E-012, 
 13.20,   6.60E-012, 
 13.30,   4.40E-012, 
 13.40,   2.61E-012, 
 13.50,   2.64E-012, 
 13.60,   5.87E-012, 
 13.70,   9.95E-012, 
 13.80,   1.31E-011, 
 13.90,   1.57E-011, 
 14.00,   1.83E-011, 
 14.10,   1.95E-011, 
 14.20,   1.86E-011, 
 14.30,   1.37E-011, 
 14.40,   7.93E-012, 
 14.50,   1.44E-011, 
 14.60,   3.83E-011, 
 14.70,   6.22E-011, 
 14.80,   8.13E-011, 
 14.90,   1.09E-010, 
 15.00,   1.16E-010, 
 15.10,   1.07E-010, 
 15.20,   8.01E-011, 
 15.30,   4.50E-011, 
 15.40,   1.54E-011, 
 15.50,   1.53E-011, 
 15.60,   4.74E-011, 
 15.70,   7.87E-011, 
 15.80,   9.89E-011, 
 15.90,   1.29E-010, 
 16.00,   1.43E-010, 
 16.10,   1.30E-010, 
 16.20,   9.98E-011, 
 16.30,   4.79E-011, 
 16.40,   1.20E-011, 
 16.50,   6.01E-012, 
 16.60,   5.55E-012, 
 16.70,   3.66E-012, 
 16.80,   1.38E-012, 
 16.90,   1.91E-012, 
 17.00,   6.55E-013, 
 17.10,  -5.16E-013, 
 17.20,  -2.42E-012, 
 17.30,  -3.97E-012, 
 17.40,   6.70E-013, 
 17.50,   9.54E-012, 
 17.60,   8.84E-012, 
 17.70,   6.78E-012, 
 17.80,   7.86E-012, 
 17.90,   6.67E-012, 
 18.00,   4.74E-013, 
 18.10,  -8.52E-012, 
 18.20,  -9.86E-012, 
 18.30,  -1.88E-011, 
 18.40,  -2.51E-012, 
 18.50,  -8.01E-013, 
 18.60,  -4.59E-013, 
 18.70,  -3.82E-013, 
 18.80,  -1.19E-013, 
 18.90,   1.48E-013, 
 19.00,  -2.88E-013, 
 19.10,  -7.46E-013, 
 19.20,   5.62E-013, 
 19.30,   2.25E-012, 
 19.40,  -1.43E-012, 
 19.50,  -6.47E-013, 
 19.60,  -4.53E-013, 
 19.70,   2.32E-012, 
 19.80,   2.96E-012, 
 19.90,   2.40E-012, 
 20.00,  -1.12E-013, 
 20.10,  -8.53E-013, 
 20.20,   5.99E-013, 
 20.30,   1.24E-013, 
 20.40,  -8.98E-013, 
 20.50,  -3.93E-013, 
 20.60,  -3.76E-013, 
 20.70,  -3.06E-013, 
 20.80,  -4.65E-013, 
 20.90,  -2.13E-013, 
 21.00,  -2.69E-013, 
 21.10,  -2.24E-013, 
 21.20,   4.01E-014, 
 21.30,   1.16E-014, 
 21.40,   2.94E-014, 
 21.50,  -2.42E-013, 
 21.60,  -2.23E-013, 
 21.70,  -5.05E-013, 
 21.80,  -3.89E-013, 
 21.90,  -1.73E-013, 
 22.00,  -1.10E-013, 
 22.10,  -2.19E-013, 
 22.20,  -3.10E-013, 
 22.30,  -3.17E-013, 
 22.40,  -2.48E-013, 
 22.50,  -1.45E-013, 
 22.60,  -1.55E-013, 
 22.70,  -6.24E-014, 
 22.80,  -3.52E-013, 
 22.90,  -3.73E-013, 
 23.00,  -3.24E-013, 
 23.10,  -2.36E-013, 
 23.20,  -4.24E-013, 
 23.30,  -3.74E-012, 
 23.40,  -2.29E-012, 
 23.50,  -6.82E-013, 
 23.60,   1.46E-012, 
 23.70,   1.13E-012, 
 23.80,   3.44E-013, 
 23.90,   1.07E-013, 
 24.00,   1.01E-013, 
 24.10,   5.08E-014, 
 24.20,  -2.35E-013, 
 24.30,  -4.51E-013, 
 24.40,  -6.06E-013, 
 24.50,  -1.52E-014, 
 24.60,  -3.02E-013, 
 24.70,  -2.91E-013, 
 24.80,  -1.65E-013, 
 24.90,  -5.08E-013, 
 25.00,  -1.61E-014, 
 25.10,   2.09E-013, 
 25.20,  -6.26E-013, 
 25.30,  -4.98E-013, 
 25.40,  -5.04E-013, 
 25.50,  -2.96E-013, 
 25.60,  -3.11E-013, 
 25.70,  -2.45E-013, 
 25.80,  -2.85E-013, 
 25.90,  -2.76E-013, 
 26.00,  -2.32E-014, 
 26.10,   3.27E-012, 
 26.20,  -2.85E-013, 
 26.30,  -1.77E-012, 
 26.40,  -1.09E-012, 
 26.50,  -9.30E-013, 
 26.60,  -4.70E-013, 
 26.70,  -5.75E-013, 
 26.80,  -4.03E-013, 
 26.90,  -1.67E-013, 
 27.00,  -1.16E-013, 
 27.10,   1.93E-013, 
 27.20,   3.40E-012, 
 27.30,   3.09E-012, 
 27.40,   3.57E-012, 
 27.50,   8.14E-012, 
 27.60,   2.64E-011, 
 27.70,   3.97E-011, 
 27.80,   4.82E-011, 
 27.90,   5.47E-011, 
 28.00,   5.86E-011, 
 28.10,   5.41E-011, 
 28.20,   3.79E-011, 
 28.30,   1.21E-011, 
 28.40,   3.59E-012, 
 28.50,   4.84E-012, 
 28.60,   2.52E-012, 
 28.70,   1.02E-012, 
 28.80,  -2.08E-012, 
 28.90,  -1.17E-012, 
 29.00,  -6.71E-013, 
 29.10,  -4.30E-013, 
 29.20,   8.56E-014, 
 29.30,   1.74E-013, 
 29.40,   6.60E-014, 
 29.50,   6.24E-014, 
 29.60,  -8.29E-014, 
 29.70,   3.05E-012, 
 29.80,   2.26E-012, 
 29.90,  -1.64E-012, 
 30.00,  -2.36E-013, 
 30.10,   3.58E-013, 
 30.20,   1.11E-012, 
 30.30,   2.68E-014, 
 30.40,  -6.87E-013, 
 30.50,  -2.48E-013, 
 30.60,  -3.52E-013, 
 30.70,  -4.01E-013, 
 30.80,  -4.02E-013, 
 30.90,  -1.95E-013, 
 31.00,  -2.85E-014, 
 31.10,  -2.78E-013, 
 31.20,  -3.77E-013, 
 31.30,  -1.19E-013, 
 31.40,   1.75E-013, 
 31.50,   6.82E-013, 
 31.60,   2.74E-012, 
 31.70,   3.23E-012, 
 31.80,   4.10E-012, 
 31.90,   4.38E-012, 
 32.00,   4.49E-012, 
 32.10,   3.99E-012, 
 32.20,   1.96E-012, 
 32.30,   2.88E-013, 
 32.40,   6.47E-013, 
 32.50,   2.13E-012, 
 32.60,  -9.31E-013, 
 32.70,  -6.31E-013, 
 32.80,  -4.65E-013, 
 32.90,  -4.19E-013, 
 33.00,  -4.46E-014, 
 33.10,   1.78E-013, 
 33.20,  -9.36E-014, 
 33.30,  -1.61E-013, 
 33.40,  -3.48E-013, 
 33.50,  -2.74E-013, 
 33.60,  -3.52E-013, 
 33.70,  -2.86E-013, 
 33.80,  -1.91E-013, 
 33.90,  -3.75E-013, 
 34.00,  -1.12E-013, 
 34.10,  -4.02E-013, 
 34.20,  -3.45E-013, 
 34.30,  -6.18E-013, 
 34.40,  -2.43E-013, 
 34.50,  -2.78E-013, 
 34.60,  -5.76E-013, 
 34.70,  -4.57E-013, 
 34.80,  -5.04E-013, 
 34.90,  -2.70E-013, 
 35.00,  -3.41E-013, 
 35.10,  -3.68E-013, 
 35.20,  -4.82E-013, 
 35.30,  -2.66E-013, 
 35.40,  -3.24E-013, 
 35.50,  -1.76E-013, 
 35.60,  -3.87E-013, 
 35.70,  -6.83E-013, 
 35.80,  -3.58E-013, 
 35.90,  -5.02E-013, 
 36.00,  -4.00E-013, 
 36.10,  -3.83E-014, 
 36.20,  -5.26E-014, 
 36.30,  -3.04E-013, 
 36.40,  -2.88E-013, 
 36.50,  -3.21E-013, 
 36.60,  -1.65E-013, 
 36.70,  -2.59E-014, 
 36.80,  -9.19E-014, 
 36.90,  -2.22E-013, 
 37.00,  -1.99E-013, 
 37.10,  -5.35E-014, 
 37.20,  -2.71E-013, 
 37.30,  -1.94E-013, 
 37.40,  -2.73E-013, 
 37.50,  -2.89E-013, 
 37.60,  -6.26E-013, 
 37.70,  -5.15E-013, 
 37.80,  -4.41E-013, 
 37.90,  -2.48E-013, 
 38.00,  -3.76E-013, 
 38.10,  -3.18E-013, 
 38.20,  -4.18E-013, 
 38.30,  -5.40E-013, 
 38.40,  -4.01E-013, 
 38.50,  -1.47E-013, 
 38.60,   7.85E-014, 
 38.70,   4.24E-013, 
 38.80,   3.72E-012, 
 38.90,   2.20E-012, 
 39.00,   1.91E-012, 
 39.10,   1.56E-012, 
 39.20,   1.33E-012, 
 39.30,   1.12E-012, 
 39.40,   2.25E-012, 
 39.50,   6.50E-012, 
 39.60,   1.05E-011, 
 39.70,   1.07E-011, 
 39.80,   1.54E-011, 
 39.90,   1.95E-011, 
 40.00,   2.14E-011, 
 40.10,   1.88E-011, 
 40.20,   1.29E-011, 
 40.30,   8.42E-012, 
 40.40,   7.75E-012, 
 40.50,   1.30E-011, 
 40.60,   1.88E-011, 
 40.70,   2.47E-011, 
 40.80,   3.22E-011, 
 40.90,   4.10E-011, 
 41.00,   5.14E-011, 
 41.10,   5.11E-011, 
 41.20,   4.31E-011, 
 41.30,   4.30E-011, 
 41.40,   6.97E-011, 
 41.50,   1.16E-010, 
 41.60,   1.30E-010, 
 41.70,   1.33E-010, 
 41.80,   1.53E-010, 
 41.90,   1.69E-010, 
 42.00,   1.66E-010, 
 42.10,   1.23E-010, 
 42.20,   4.98E-011, 
 42.30,   1.49E-011, 
 42.40,   1.19E-011, 
 42.50,   1.93E-011, 
 42.60,   2.74E-011, 
 42.70,   3.37E-011, 
 42.80,   4.21E-011, 
 42.90,   4.95E-011, 
 43.00,   4.96E-011, 
 43.10,   3.90E-011, 
 43.20,   1.91E-011, 
 43.30,   6.88E-012, 
 43.40,   3.14E-012, 
 43.50,   1.75E-012, 
 43.60,   1.75E-012, 
 43.70,  -2.04E-012, 
 43.80,  -6.36E-013, 
 43.90,   7.84E-013, 
 44.00,   1.10E-012, 
 44.10,   1.04E-012, 
 44.20,   8.25E-013, 
 44.30,   2.51E-012, 
 44.40,  -9.75E-013, 
 44.50,  -5.64E-013, 
 44.60,  -2.40E-013, 
 44.70,  -1.08E-013, 
 44.80,  -7.76E-014, 
 44.90,  -1.96E-014, 
 45.00,  -5.08E-014, 
 45.10,  -3.25E-013, 
 45.20,  -5.58E-013, 
 45.30,  -4.83E-013, 
 45.40,  -2.60E-013, 
 45.50,  -3.83E-013, 
 45.60,  -2.41E-014, 
 45.70,  -1.69E-013, 
 45.80,  -5.00E-013, 
 45.90,  -4.44E-013, 
 46.00,  -4.93E-013, 
 46.10,  -5.43E-013, 
 46.20,  -4.53E-013, 
 46.30,  -3.55E-013, 
 46.40,  -3.12E-013, 
 46.50,  -4.23E-013, 
 46.60,  -3.22E-013, 
 46.70,  -5.07E-013, 
 46.80,  -4.47E-013, 
 46.90,  -4.94E-013, 
 47.00,  -4.87E-013, 
 47.10,  -4.62E-013, 
 47.20,  -1.38E-013, 
 47.30,  -2.94E-013, 
 47.40,  -3.17E-013, 
 47.50,  -7.88E-013, 
 47.60,  -7.25E-013, 
 47.70,  -4.45E-013, 
 47.80,  -4.03E-013, 
 47.90,  -4.39E-013, 
 48.00,  -3.86E-013, 
 48.10,  -4.47E-013, 
 48.20,  -2.85E-013, 
 48.30,  -2.14E-013, 
 48.40,  -2.46E-013, 
 48.50,  -4.24E-013, 
 48.60,  -4.00E-013, 
 48.70,  -7.11E-013, 
 48.80,  -5.56E-013, 
 48.90,  -7.19E-013, 
 49.00,  -5.20E-013, 
 49.10,  -3.56E-013, 
 49.20,  -4.73E-013, 
 49.30,  -5.88E-013, 
 49.40,  -4.75E-013, 
 49.50,  -4.30E-013, 
 49.60,  -3.31E-013, 
 49.70,  -3.66E-013, 
 49.80,  -5.20E-013, 
 49.90,   3.75E-014, 
 50.00,  -2.17E-013, 
 50.10,   1.53E-013, 
 50.20,  -1.89E-013, 
 50.30,  -2.13E-013, 
 50.40,  -2.98E-013, 
 50.50,  -5.56E-013, 
 50.60,  -2.95E-013, 
 50.70,  -8.03E-014, 
 50.80,   8.92E-016, 
 50.90,  -2.12E-013, 
 51.00,  -3.01E-013, 
 51.10,  -6.09E-013, 
 51.20,  -7.96E-013, 
 51.30,  -4.99E-013, 
 51.40,  -8.92E-014, 
 51.50,   1.06E-013, 
 51.60,  -7.13E-015, 
 51.70,  -1.48E-013, 
 51.80,  -3.00E-013, 
 51.90,  -2.06E-013, 
 52.00,  -3.43E-013, 
 52.10,  -5.65E-013, 
 52.20,  -5.95E-013, 
 52.30,  -4.41E-013, 
 52.40,  -4.22E-013, 
 52.50,  -3.88E-013, 
 52.60,  -2.62E-013, 
 52.70,  -4.76E-013, 
 52.80,  -3.76E-013, 
 52.90,  -4.91E-013, 
 53.00,  -7.67E-014, 
 53.10,  -1.57E-013, 
 53.20,  -6.42E-014, 
 53.30,  -2.10E-013, 
 53.40,  -3.72E-013, 
 53.50,  -3.31E-013, 
 53.60,  -5.23E-013, 
 53.70,  -4.06E-013, 
 53.80,  -6.62E-013, 
 53.90,  -6.30E-013, 
 54.00,  -2.59E-013, 
 54.10,  -1.76E-013, 
 54.20,  -7.13E-015, 
 54.30,   1.34E-014, 
 54.40,  -1.02E-013, 
 54.50,  -3.85E-013, 
 54.60,  -4.41E-013, 
 54.70,  -2.59E-013, 
 54.80,  -8.03E-014, 
 54.90,  -8.92E-016, 
 55.00,  -3.69E-013, 
 55.10,  -3.87E-013, 
 55.20,  -3.50E-013, 
 55.30,  -2.72E-013, 
 55.40,  -3.71E-013, 
 55.50,  -3.58E-013, 
 55.60,  -2.49E-013, 
 55.70,  -6.60E-014, 
 55.80,  -2.80E-013, 
 55.90,  -3.08E-013, 
 56.00,  -1.68E-013, 
 56.10,  -3.68E-013, 
 56.20,  -2.83E-013, 
 56.30,   1.02E-013, 
 56.40,  -1.52E-013, 
 56.50,  -1.43E-014, 
 56.60,   2.85E-014, 
 56.70,  -8.11E-014, 
 56.80,  -3.19E-013, 
 56.90,  -3.82E-013, 
 57.00,  -4.28E-013, 
 57.10,  -3.80E-013, 
 57.20,  -3.72E-013, 
 57.30,  -2.28E-013, 
 57.40,  -2.14E-014, 
 57.50,  -2.71E-013, 
 57.60,  -3.24E-013, 
 57.70,  -3.61E-013, 
 57.80,  -3.39E-013, 
 57.90,  -3.28E-013, 
 58.00,  -4.03E-013, 
 58.10,  -1.07E-013, 
 58.20,   1.52E-013, 
 58.30,  -3.81E-013, 
 58.40,  -4.37E-013, 
 58.50,  -4.64E-013, 
 58.60,  -2.98E-013, 
 58.70,  -6.44E-013, 
 58.80,  -5.70E-013, 
 58.90,  -4.43E-013, 
 59.00,  -3.08E-013, 
 59.10,  -1.55E-013, 
 59.20,  -1.77E-013, 
 59.30,  -9.90E-014, 
 59.40,  -1.97E-013, 
 59.50,  -6.22E-013, 
 59.60,  -6.96E-013, 
 59.70,  -5.56E-013, 
 59.80,  -5.16E-013, 
 59.90,  -3.49E-013, 
 60.00,  -3.22E-013, 
 60.10,  -3.22E-013, 
 60.20,  -3.08E-013, 
 60.30,  -2.79E-013, 
 60.40,  -3.83E-013, 
 60.50,  -3.79E-013, 
 60.60,  -1.88E-013, 
 60.70,  -1.80E-013, 
 60.80,  -1.22E-013, 
 60.90,  -2.76E-013, 
 61.00,  -4.09E-013, 
 61.10,   8.11E-014, 
 61.20,  -3.53E-013, 
 61.30,  -6.88E-013, 
 61.40,  -4.37E-013, 
 61.50,  -2.81E-013, 
 61.60,   2.05E-014, 
 61.70,   4.10E-014, 
 61.80,   3.13E-013, 
 61.90,  -5.08E-014, 
 62.00,  -6.82E-013, 
 62.10,  -3.79E-013, 
 62.20,  -2.83E-013, 
 62.30,  -1.70E-013, 
 62.40,  -2.21E-013, 
 62.50,  -2.68E-014, 
 62.60,  -1.16E-014, 
 62.70,  -3.83E-013, 
 62.80,  -4.70E-013, 
 62.90,  -9.90E-014, 
 63.00,  -4.09E-013, 
 63.10,  -2.62E-013, 
 63.20,  -1.19E-013, 
 63.30,   1.89E-013, 
 63.40,  -1.52E-013, 
 63.50,  -2.27E-013, 
 63.60,  -3.39E-013, 
 63.70,  -5.14E-013, 
 63.80,  -6.87E-014, 
 63.90,   1.38E-013, 
 64.00,  -3.01E-013, 
 64.10,  -3.51E-013, 
 64.20,  -4.61E-013, 
 64.30,  -3.54E-013, 
 64.40,  -4.17E-013, 
 64.50,  -5.58E-013, 
 64.60,  -5.14E-013, 
 64.70,  -1.03E-013, 
 64.80,  -2.74E-013, 
 64.90,  -2.68E-013, 
 65.00,  -4.04E-013, 
 65.10,  -3.05E-013, 
 65.20,  -1.94E-013, 
 65.30,  -4.84E-013, 
 65.40,  -7.21E-013, 
 65.50,  -5.99E-013, 
 65.60,  -6.15E-014, 
 65.70,  -7.13E-015, 
 65.80,  -4.60E-013, 
 65.90,  -4.09E-013, 
 66.00,  -2.84E-013, 
 66.10,  -1.51E-013, 
 66.20,  -5.61E-013, 
 66.30,  -3.42E-013, 
 66.40,  -3.04E-013, 
 66.50,  -3.34E-013, 
 66.60,  -3.20E-013, 
 66.70,  -1.80E-013, 
 66.80,  -3.21E-013, 
 66.90,  -3.23E-013, 
 67.00,  -3.81E-013, 
 67.10,  -2.61E-013, 
 67.20,  -3.09E-013, 
 67.30,  -2.97E-013, 
 67.40,  -1.60E-013, 
 67.50,  -2.49E-013, 
 67.60,  -2.07E-013, 
 67.70,  -3.38E-013, 
 67.80,  -5.62E-013, 
 67.90,  -6.92E-013, 
 68.00,  -4.84E-013, 
 68.10,  -3.30E-014, 
 68.20,  -1.69E-014, 
 68.30,  -2.32E-013, 
 68.40,  -5.81E-013, 
 68.50,  -6.55E-013, 
 68.60,  -4.68E-013, 
 68.70,  -6.64E-013, 
 68.80,  -2.59E-013, 
 68.90,  -1.17E-013, 
 69.00,  -2.33E-013, 
 69.10,  -1.64E-013, 
 69.20,   5.35E-015, 
 69.30,  -2.39E-013, 
 69.40,  -1.03E-013, 
 69.50,  -1.16E-013, 
 69.60,   8.74E-014, 
 69.70,  -1.49E-013, 
 69.80,  -3.15E-013, 
 69.90,  -4.00E-013, 
 70.00,  -5.93E-013, 
 70.10,  -5.14E-013, 
 70.20,  -4.60E-013, 
 70.30,  -4.55E-013, 
 70.40,  -3.14E-012, 
 70.50,  -2.28E-012, 
 70.60,   1.33E-012, 
 70.70,   7.74E-013, 
 70.80,   1.09E-013, 
 70.90,  -1.64E-013, 
 71.00,  -2.92E-013, 
 71.10,  -1.55E-013, 
 71.20,  -4.99E-013, 
 71.30,  -3.43E-013, 
 71.40,  -2.25E-013, 
 71.50,   1.21E-013, 
 71.60,  -1.62E-013, 
 71.70,  -4.00E-013, 
 71.80,  -1.37E-013, 
 71.90,  -2.76E-013, 
 72.00,  -2.15E-013, 
 72.10,  -3.49E-013, 
 72.20,  -2.61E-013, 
 72.30,  -3.11E-013, 
 72.40,  -3.42E-013, 
 72.50,  -4.16E-013, 
 72.60,  -2.91E-013, 
 72.70,  -6.19E-013, 
 72.80,  -4.32E-013, 
 72.90,  -2.94E-013, 
 73.00,  -3.88E-013, 
 73.10,  -3.99E-013, 
 73.20,  -6.06E-013, 
 73.30,  -4.24E-013, 
 73.40,  -5.39E-013, 
 73.50,  -6.48E-013, 
 73.60,  -3.68E-013, 
 73.70,  -2.51E-013, 
 73.80,  -4.23E-013, 
 73.90,  -2.62E-013, 
 74.00,  -5.55E-013, 
 74.10,  -5.39E-013, 
 74.20,  -3.77E-013, 
 74.30,  -2.86E-013, 
 74.40,   2.50E-014, 
 74.50,  -2.36E-013, 
 74.60,  -4.22E-013, 
 74.70,  -1.36E-013, 
 74.80,  -2.96E-013, 
 74.90,  -2.40E-013, 
 75.00,  -5.16E-013, 
 75.10,  -8.32E-013, 
 75.20,  -4.71E-013, 
 75.30,  -1.46E-013, 
 75.40,   3.61E-013, 
 75.50,   1.97E-013, 
 75.60,  -2.16E-013, 
 75.70,  -5.42E-013, 
 75.80,  -2.28E-013, 
 75.90,  -9.72E-014, 
 76.00,  -6.78E-014, 
 76.10,  -3.49E-013, 
 76.20,  -1.96E-013, 
 76.30,  -4.32E-013, 
 76.40,  -7.13E-013, 
 76.50,  -4.38E-013, 
 76.60,  -4.76E-013, 
 76.70,  -3.77E-013, 
 76.80,  -2.20E-013, 
 76.90,  -1.53E-013, 
 77.00,  -3.48E-014, 
 77.10,   6.33E-014, 
 77.20,  -1.39E-013, 
 77.30,  -2.13E-013, 
 77.40,   1.83E-012, 
 77.50,   4.12E-012, 
 77.60,   3.38E-012, 
 77.70,   3.94E-012, 
 77.80,   4.56E-012, 
 77.90,   5.47E-012, 
 78.00,   6.17E-012, 
 78.10,   4.81E-012, 
 78.20,   2.73E-012, 
 78.30,   1.41E-012, 
 78.40,  -1.81E-013, 
 78.50,  -2.05E-012, 
 78.60,  -9.54E-013, 
 78.70,  -5.03E-013, 
 78.80,  -4.08E-013, 
 78.90,   1.83E-012, 
 79.00,   2.81E-012, 
 79.10,   1.55E-012, 
 79.20,   1.58E-012, 
 79.30,   2.27E-012, 
 79.40,   4.80E-012, 
 79.50,   1.20E-011, 
 79.60,   1.74E-011, 
 79.70,   2.24E-011, 
 79.80,   3.11E-011, 
 79.90,   4.01E-011, 
 80.00,   3.82E-011, 
 80.10,   2.30E-011, 
 80.20,   7.86E-012, 
 80.30,   3.12E-012, 
 80.40,   4.89E-012, 
 80.50,   3.66E-012, 
 80.60,   3.45E-012, 
 80.70,   3.25E-012, 
 80.80,   3.98E-012, 
 80.90,   4.31E-012, 
 81.00,   4.40E-012, 
 81.10,   5.03E-012, 
 81.20,   7.35E-012, 
 81.30,   1.20E-011, 
 81.40,   3.70E-011, 
 81.50,   9.07E-011, 
 81.60,   1.04E-010, 
 81.70,   1.43E-010, 
 81.80,   1.93E-010, 
 81.90,   2.25E-010, 
 82.00,   1.82E-010, 
 82.10,   8.81E-011, 
 82.20,   3.23E-011, 
 82.30,   2.24E-011, 
 82.40,   4.47E-011, 
 82.50,   9.57E-011, 
 82.60,   1.14E-010, 
 82.70,   1.50E-010, 
 82.80,   2.01E-010, 
 82.90,   2.37E-010, 
 83.00,   2.02E-010, 
 83.10,   1.09E-010, 
 83.20,   5.47E-011, 
 83.30,   6.86E-011, 
 83.40,   2.45E-010, 
 83.50,   4.83E-010, 
 83.60,   5.19E-010, 
 83.70,   7.12E-010, 
 83.80,   9.72E-010, 
 83.90,   1.09E-009, 
 84.00,   8.22E-010, 
 84.10,   3.46E-010, 
 84.20,   5.25E-011, 
 84.30,   1.29E-011, 
 84.40,   6.96E-012, 
 84.50,   5.37E-012, 
 84.60,   5.39E-012, 
 84.70,   5.42E-012, 
 84.80,   5.75E-012, 
 84.90,   5.88E-012, 
 85.00,   6.34E-012, 
 85.10,   6.85E-012, 
 85.20,   9.03E-012, 
 85.30,   1.54E-011, 
 85.40,   5.41E-011, 
 85.50,   1.28E-010, 
 85.60,   1.44E-010, 
 85.70,   2.03E-010, 
 85.80,   2.76E-010, 
 85.90,   3.18E-010, 
 86.00,   2.45E-010, 
 86.10,   1.07E-010, 
 86.20,   2.90E-011, 
 86.30,   8.64E-012, 
 86.40,   3.89E-012, 
 86.50,   1.69E-012, 
 86.60,  -1.84E-012, 
 86.70,  -9.51E-013, 
 86.80,  -8.85E-013, 
 86.90,  -2.84E-013, 
 87.00,  -1.90E-013, 
 87.10,  -4.20E-013, 
 87.20,   1.11E-013, 
 87.30,   8.56E-014, 
 87.40,   1.28E-013, 
 87.50,   2.31E-013, 
 87.60,   4.82E-014, 
 87.70,  -1.45E-013, 
 87.80,  -3.83E-014, 
 87.90,  -4.45E-013, 
 88.00,  -6.53E-013, 
 88.10,  -1.36E-013, 
 88.20,  -5.71E-014, 
 88.30,  -1.28E-013, 
 88.40,  -1.83E-013, 
 88.50,   1.78E-015, 
 88.60,  -1.76E-013, 
 88.70,  -1.32E-013, 
 88.80,   4.32E-013, 
 88.90,   2.99E-012, 
 89.00,   4.08E-013, 
 89.10,  -1.99E-012, 
 89.20,  -1.18E-012, 
 89.30,  -5.63E-013, 
 89.40,  -4.03E-013, 
 89.50,  -4.36E-013, 
 89.60,  -2.17E-013, 
 89.70,  -4.48E-013, 
 89.80,  -6.29E-013, 
 89.90,  -4.98E-013, 
 90.00,  -4.08E-013, 
