Aug 11, 2026  12:59:38 PM
Residual Gas Analyzer Software 
Software Version, 3.214.004

Analog Scan Setup:

Data Points in Scan, 891 
Units, Torr 
Noise Floor, 2 
CEM Status, ON 
Points Per AMU, 10
Scan Start Mass, 1, amu 
Scan Stop Mass, 90, amu
Focus Voltage, 90, Volts 
Ion Energy, HIGH 
Electron Energy, 70, eV 
CEM Voltage, 1159, Volts
CEM Gain, 1.01E+003 
Sensitivity Factor, 1.11E-004 
Filament Current, 1.00, mAmps


  1.00,   1.00E-008, 
  1.10,   1.52E-008, 
  1.20,   2.88E-007, 
  1.30,   1.24E-006, 
  1.40,   7.20E-007, 
  1.50,   1.81E-007, 
  1.60,   2.23E-007, 
  1.70,   2.73E-007, 
  1.80,   3.02E-007, 
  1.90,   3.26E-007, 
  2.00,   3.51E-007, 
  2.10,   3.37E-007, 
  2.20,   3.31E-007, 
  2.30,   2.62E-007, 
  2.40,   1.26E-007, 
  2.50,   2.33E-008, 
  2.60,   8.20E-009, 
  2.70,   4.26E-009, 
  2.80,   2.54E-009, 
  2.90,   1.68E-009, 
  3.00,   1.34E-009, 
  3.10,   1.16E-009, 
  3.20,   7.53E-010, 
  3.30,   5.87E-010, 
  3.40,   3.97E-011, 
  3.50,  -1.78E-010, 
  3.60,  -1.36E-010, 
  3.70,  -6.14E-011, 
  3.80,  -1.58E-010, 
  3.90,   2.97E-010, 
  4.00,   4.39E-010, 
  4.10,  -2.27E-010, 
  4.20,  -1.56E-010, 
  4.30,   3.89E-010, 
  4.40,   3.88E-010, 
  4.50,  -2.39E-010, 
  4.60,   6.32E-011, 
  4.70,   4.73E-010, 
  4.80,  -2.10E-010, 
  4.90,  -1.46E-010, 
  5.00,  -1.54E-010, 
  5.10,  -7.41E-011, 
  5.20,   4.63E-010, 
  5.30,  -2.87E-010, 
  5.40,  -2.71E-012, 
  5.50,   4.16E-010, 
  5.60,  -3.62E-010, 
  5.70,  -2.64E-010, 
  5.80,  -1.27E-010, 
  5.90,   8.49E-011, 
  6.00,   4.37E-010, 
  6.10,   4.88E-011, 
  6.20,   9.76E-011, 
  6.30,   1.80E-010, 
  6.40,  -2.78E-010, 
  6.50,  -2.81E-010, 
  6.60,  -1.12E-010, 
  6.70,  -1.53E-010, 
  6.80,  -1.15E-010, 
  6.90,   3.54E-010, 
  7.00,  -9.30E-011, 
  7.10,  -4.24E-010, 
  7.20,  -1.36E-010, 
  7.30,   4.83E-010, 
  7.40,  -6.68E-011, 
  7.50,  -2.81E-010, 
  7.60,  -2.00E-010, 
  7.70,  -2.02E-010, 
  7.80,  -9.12E-011, 
  7.90,   5.07E-010, 
  8.00,   5.18E-010, 
  8.10,   3.68E-010, 
  8.20,  -2.16E-010, 
  8.30,   3.16E-010, 
  8.40,   2.71E-011, 
  8.50,  -5.17E-010, 
  8.60,  -4.39E-010, 
  8.70,  -3.69E-010, 
  8.80,  -2.39E-010, 
  8.90,  -1.04E-010, 
  9.00,   4.66E-010, 
  9.10,   9.76E-011, 
  9.20,  -1.68E-010, 
  9.30,  -1.01E-010, 
  9.40,  -1.62E-010, 
  9.50,  -1.50E-010, 
  9.60,   3.04E-010, 
  9.70,   4.41E-010, 
  9.80,  -2.01E-010, 
  9.90,  -2.29E-010, 
 10.00,  -1.27E-010, 
 10.10,   3.81E-010, 
 10.20,   3.48E-010, 
 10.30,  -2.26E-011, 
 10.40,  -2.03E-010, 
 10.50,   9.49E-011, 
 10.60,   5.12E-010, 
 10.70,   3.16E-010, 
 10.80,  -3.70E-011, 
 10.90,  -2.45E-010, 
 11.00,  -2.11E-010, 
 11.10,  -8.49E-011, 
 11.20,   5.51E-010, 
 11.30,   5.51E-010, 
 11.40,   8.81E-010, 
 11.50,   2.50E-009, 
 11.60,   1.42E-008, 
 11.70,   5.07E-008, 
 11.80,   7.70E-008, 
 11.90,   1.01E-007, 
 12.00,   1.16E-007, 
 12.10,   1.23E-007, 
 12.20,   1.11E-007, 
 12.30,   8.35E-008, 
 12.40,   2.83E-008, 
 12.50,   8.96E-009, 
 12.60,   4.21E-009, 
 12.70,   2.65E-009, 
 12.80,   2.14E-009, 
 12.90,   2.13E-009, 
 13.00,   2.38E-009, 
 13.10,   2.36E-009, 
 13.20,   2.24E-009, 
 13.30,   2.14E-009, 
 13.40,   1.54E-009, 
 13.50,   1.04E-009, 
 13.60,   2.26E-009, 
 13.70,   6.51E-009, 
 13.80,   1.10E-008, 
 13.90,   1.52E-008, 
 14.00,   1.83E-008, 
 14.10,   2.03E-008, 
 14.20,   2.02E-008, 
 14.30,   1.74E-008, 
 14.40,   1.01E-008, 
 14.50,   4.59E-009, 
 14.60,   2.95E-009, 
 14.70,   3.80E-009, 
 14.80,   5.16E-009, 
 14.90,   6.80E-009, 
 15.00,   8.64E-009, 
 15.10,   9.84E-009, 
 15.20,   1.10E-008, 
 15.30,   1.13E-008, 
 15.40,   1.19E-008, 
 15.50,   1.91E-008, 
 15.60,   1.14E-007, 
 15.70,   3.15E-007, 
 15.80,   3.88E-007, 
 15.90,   4.87E-007, 
 16.00,   5.28E-007, 
 16.10,   5.55E-007, 
 16.20,   4.91E-007, 
 16.30,   4.05E-007, 
 16.40,   1.10E-007, 
 16.50,   1.92E-007, 
 16.60,   1.13E-006, 
 16.70,   2.61E-006, 
 16.80,   3.11E-006, 
 16.90,   3.90E-006, 
 17.00,   4.19E-006, 
 17.10,   4.44E-006, 
 17.20,   3.86E-006, 
 17.30,   3.15E-006, 
 17.40,   5.51E-007, 
 17.50,   8.07E-007, 
 17.60,   4.16E-006, 
 17.70,   1.12E-005, 
 17.80,   1.31E-005, 
 17.90,   1.64E-005, 
 18.00,   1.74E-005, 
 18.10,   1.84E-005, 
 18.20,   1.64E-005, 
 18.30,   1.37E-005, 
 18.40,   1.81E-006, 
 18.50,   6.02E-008, 
 18.60,   2.82E-008, 
 18.70,   5.28E-008, 
 18.80,   7.88E-008, 
 18.90,   9.89E-008, 
 19.00,   1.15E-007, 
 19.10,   1.21E-007, 
 19.20,   1.18E-007, 
 19.30,   1.00E-007, 
 19.40,   4.45E-008, 
 19.50,   1.21E-008, 
 19.60,   7.96E-009, 
 19.70,   1.40E-008, 
 19.80,   2.13E-008, 
 19.90,   2.76E-008, 
 20.00,   3.26E-008, 
 20.10,   3.47E-008, 
 20.20,   3.45E-008, 
 20.30,   3.08E-008, 
 20.40,   1.69E-008, 
 20.50,   6.38E-009, 
 20.60,   3.04E-009, 
 20.70,   1.76E-009, 
 20.80,   1.10E-009, 
 20.90,   7.40E-010, 
 21.00,   4.91E-010, 
 21.10,   4.93E-010, 
 21.20,   9.76E-011, 
 21.30,   1.06E-010, 
 21.40,   7.43E-010, 
 21.50,   8.19E-010, 
 21.60,   2.40E-009, 
 21.70,   8.32E-009, 
 21.80,   1.44E-008, 
 21.90,   1.96E-008, 
 22.00,   2.30E-008, 
 22.10,   2.46E-008, 
 22.20,   2.46E-008, 
 22.30,   2.22E-008, 
 22.40,   1.23E-008, 
 22.50,   4.81E-009, 
 22.60,   2.29E-009, 
 22.70,   1.40E-009, 
 22.80,   1.03E-009, 
 22.90,   7.06E-010, 
 23.00,   5.88E-010, 
 23.10,   1.17E-011, 
 23.20,  -1.73E-010, 
 23.30,   7.50E-011, 
 23.40,   4.06E-010, 
 23.50,  -1.26E-010, 
 23.60,  -1.53E-010, 
 23.70,  -7.23E-011, 
 23.80,   4.31E-010, 
 23.90,  -1.95E-010, 
 24.00,   4.68E-010, 
 24.10,   4.35E-010, 
 24.20,   9.30E-011, 
 24.30,  -1.63E-011, 
 24.40,  -9.94E-012, 
 24.50,  -1.14E-010, 
 24.60,   4.53E-010, 
 24.70,  -6.96E-011, 
 24.80,  -8.04E-011, 
 24.90,   2.16E-010, 
 25.00,   5.61E-010, 
 25.10,   4.44E-010, 
 25.20,   5.09E-010, 
 25.30,   5.53E-010, 
 25.40,   3.43E-011, 
 25.50,  -3.28E-010, 
 25.60,   3.99E-010, 
 25.70,   7.84E-010, 
 25.80,   1.08E-009, 
 25.90,   1.41E-009, 
 26.00,   1.96E-009, 
 26.10,   2.13E-009, 
 26.20,   2.22E-009, 
 26.30,   2.39E-009, 
 26.40,   1.87E-009, 
 26.50,   1.20E-009, 
 26.60,   1.02E-009, 
 26.70,   1.70E-009, 
 26.80,   2.75E-009, 
 26.90,   3.79E-009, 
 27.00,   5.20E-009, 
 27.10,   6.24E-009, 
 27.20,   7.33E-009, 
 27.30,   8.73E-009, 
 27.40,   1.10E-008, 
 27.50,   1.64E-008, 
 27.60,   5.83E-008, 
 27.70,   2.92E-007, 
 27.80,   4.10E-007, 
 27.90,   5.10E-007, 
 28.00,   5.48E-007, 
 28.10,   5.68E-007, 
 28.20,   5.46E-007, 
 28.30,   5.03E-007, 
 28.40,   1.32E-007, 
 28.50,   1.85E-008, 
 28.60,   7.99E-009, 
 28.70,   7.25E-009, 
 28.80,   9.66E-009, 
 28.90,   1.21E-008, 
 29.00,   1.46E-008, 
 29.10,   1.58E-008, 
 29.20,   1.67E-008, 
 29.30,   1.60E-008, 
 29.40,   1.13E-008, 
 29.50,   4.91E-009, 
 29.60,   2.68E-009, 
 29.70,   2.68E-009, 
 29.80,   3.56E-009, 
 29.90,   4.50E-009, 
 30.00,   5.69E-009, 
 30.10,   6.18E-009, 
 30.20,   6.44E-009, 
 30.30,   6.25E-009, 
 30.40,   4.80E-009, 
 30.50,   2.42E-009, 
 30.60,   1.46E-009, 
 30.70,   1.54E-009, 
 30.80,   2.31E-009, 
 30.90,   3.17E-009, 
 31.00,   4.01E-009, 
 31.10,   4.49E-009, 
 31.20,   5.08E-009, 
 31.30,   5.39E-009, 
 31.40,   4.98E-009, 
 31.50,   4.75E-009, 
 31.60,   9.07E-009, 
 31.70,   3.78E-008, 
 31.80,   7.57E-008, 
 31.90,   9.99E-008, 
 32.00,   1.13E-007, 
 32.10,   1.17E-007, 
 32.20,   1.15E-007, 
 32.30,   1.09E-007, 
 32.40,   5.03E-008, 
 32.50,   1.27E-008, 
 32.60,   5.30E-009, 
 32.70,   2.78E-009, 
 32.80,   1.63E-009, 
 32.90,   1.18E-009, 
 33.00,   7.61E-010, 
 33.10,   4.63E-010, 
 33.20,   4.84E-010, 
 33.30,   5.85E-010, 
 33.40,   3.48E-010, 
 33.50,  -2.90E-010, 
 33.60,   1.78E-010, 
 33.70,   5.95E-010, 
 33.80,   4.35E-010, 
 33.90,   4.71E-010, 
 34.00,   4.76E-010, 
 34.10,   4.05E-010, 
 34.20,   5.08E-010, 
 34.30,   4.38E-010, 
 34.40,   6.41E-011, 
 34.50,  -2.65E-010, 
 34.60,  -1.16E-010, 
 34.70,  -3.88E-011, 
 34.80,   3.86E-010, 
 34.90,  -3.16E-010, 
 35.00,  -1.80E-010, 
 35.10,  -1.26E-010, 
 35.20,   2.36E-010, 
 35.30,   5.13E-010, 
 35.40,  -4.61E-011, 
 35.50,   3.99E-010, 
 35.60,   3.50E-010, 
 35.70,   2.65E-010, 
 35.80,  -2.51E-010, 
 35.90,  -9.03E-012, 
 36.00,   5.70E-010, 
 36.10,   4.61E-010, 
 36.20,   4.49E-010, 
 36.30,   4.20E-010, 
 36.40,   2.58E-010, 
 36.50,  -3.78E-010, 
 36.60,  -1.60E-010, 
 36.70,   1.54E-011, 
 36.80,   7.30E-010, 
 36.90,   6.91E-010, 
 37.00,   9.21E-010, 
 37.10,   1.16E-009, 
 37.20,   1.27E-009, 
 37.30,   1.37E-009, 
 37.40,   1.22E-009, 
 37.50,   7.07E-010, 
 37.60,   1.11E-010, 
 37.70,   1.82E-010, 
 37.80,   8.46E-010, 
 37.90,   1.05E-009, 
 38.00,   1.27E-009, 
 38.10,   1.62E-009, 
 38.20,   1.85E-009, 
 38.30,   2.06E-009, 
 38.40,   1.83E-009, 
 38.50,   1.10E-009, 
 38.60,   6.20E-010, 
 38.70,   9.88E-010, 
 38.80,   2.28E-009, 
 38.90,   3.98E-009, 
 39.00,   5.69E-009, 
 39.10,   7.17E-009, 
 39.20,   8.17E-009, 
 39.30,   8.61E-009, 
 39.40,   8.03E-009, 
 39.50,   4.69E-009, 
 39.60,   2.42E-009, 
 39.70,   2.42E-009, 
 39.80,   3.80E-009, 
 39.90,   5.56E-009, 
 40.00,   7.26E-009, 
 40.10,   8.37E-009, 
 40.20,   9.25E-009, 
 40.30,   9.33E-009, 
 40.40,   7.12E-009, 
 40.50,   3.83E-009, 
 40.60,   2.15E-009, 
 40.70,   1.68E-009, 
 40.80,   3.38E-009, 
 40.90,   6.25E-009, 
 41.00,   9.05E-009, 
 41.10,   1.11E-008, 
 41.20,   1.24E-008, 
 41.30,   1.28E-008, 
 41.40,   1.24E-008, 
 41.50,   7.46E-009, 
 41.60,   3.76E-009, 
 41.70,   2.30E-009, 
 41.80,   2.62E-009, 
 41.90,   3.88E-009, 
 42.00,   5.43E-009, 
 42.10,   6.76E-009, 
 42.20,   7.76E-009, 
 42.30,   8.58E-009, 
 42.40,   8.38E-009, 
 42.50,   5.79E-009, 
 42.60,   3.30E-009, 
 42.70,   2.79E-009, 
 42.80,   4.37E-009, 
 42.90,   6.94E-009, 
 43.00,   1.02E-008, 
 43.10,   1.39E-008, 
 43.20,   1.94E-008, 
 43.30,   2.76E-008, 
 43.40,   4.17E-008, 
 43.50,   6.23E-008, 
 43.60,   1.39E-007, 
 43.70,   5.27E-007, 
 43.80,   1.24E-006, 
 43.90,   1.54E-006, 
 44.00,   1.91E-006, 
 44.10,   1.99E-006, 
 44.20,   2.13E-006, 
 44.30,   2.01E-006, 
 44.40,   1.00E-006, 
 44.50,   8.60E-008, 
 44.60,   1.53E-008, 
 44.70,   8.94E-009, 
 44.80,   1.20E-008, 
 44.90,   1.70E-008, 
 45.00,   2.26E-008, 
 45.10,   2.65E-008, 
 45.20,   3.02E-008, 
 45.30,   2.99E-008, 
 45.40,   2.37E-008, 
 45.50,   1.10E-008, 
 45.60,   4.68E-009, 
 45.70,   2.86E-009, 
 45.80,   3.32E-009, 
 45.90,   4.45E-009, 
 46.00,   6.00E-009, 
 46.10,   7.12E-009, 
 46.20,   7.84E-009, 
 46.30,   8.05E-009, 
 46.40,   6.95E-009, 
 46.50,   4.06E-009, 
 46.60,   2.09E-009, 
 46.70,   1.15E-009, 
 46.80,   6.55E-010, 
 46.90,   4.50E-010, 
 47.00,  -8.13E-011, 
 47.10,  -1.26E-010, 
 47.20,   5.07E-010, 
 47.30,   3.06E-010, 
 47.40,  -2.33E-010, 
 47.50,  -1.27E-010, 
 47.60,   3.79E-010, 
 47.70,   4.71E-010, 
 47.80,   3.01E-010, 
 47.90,  -2.61E-010, 
 48.00,  -1.14E-010, 
 48.10,  -1.00E-010, 
 48.20,   3.79E-010, 
 48.30,   5.33E-011, 
 48.40,  -2.10E-010, 
 48.50,   2.39E-010, 
 48.60,   3.50E-010, 
 48.70,  -2.20E-010, 
 48.80,   2.99E-010, 
 48.90,   4.16E-010, 
 49.00,  -1.58E-010, 
 49.10,  -1.99E-010, 
 49.20,   3.48E-010, 
 49.30,   3.04E-010, 
 49.40,  -2.44E-010, 
 49.50,   4.29E-010, 
 49.60,  -9.58E-011, 
 49.70,  -1.99E-010, 
 49.80,   8.85E-011, 
 49.90,   5.59E-010, 
 50.00,   3.86E-010, 
 50.10,  -8.49E-011, 
 50.20,  -1.35E-010, 
 50.30,   2.20E-010, 
 50.40,   4.35E-010, 
 50.50,   2.37E-010, 
 50.60,  -2.90E-010, 
 50.70,   2.07E-010, 
 50.80,   3.04E-010, 
 50.90,  -1.65E-010, 
 51.00,  -1.17E-010, 
 51.10,  -1.26E-010, 
 51.20,   2.09E-010, 
 51.30,   3.60E-010, 
 51.40,  -1.98E-010, 
 51.50,  -5.69E-011, 
 51.60,   4.15E-010, 
 51.70,  -3.79E-011, 
 51.80,  -2.33E-010, 
 51.90,  -1.87E-010, 
 52.00,   3.79E-011, 
 52.10,   5.78E-011, 
 52.20,  -2.47E-010, 
 52.30,  -1.09E-010, 
 52.40,   6.50E-011, 
 52.50,   5.45E-010, 
 52.60,   4.07E-010, 
 52.70,  -1.13E-010, 
 52.80,  -3.11E-010, 
 52.90,  -2.39E-010, 
 53.00,  -1.48E-010, 
 53.10,   5.21E-010, 
 53.20,   4.68E-010, 
 53.30,   4.41E-010, 
 53.40,   3.60E-010, 
 53.50,   2.88E-010, 
 53.60,  -2.93E-010, 
 53.70,  -2.64E-010, 
 53.80,   1.42E-010, 
 53.90,   6.14E-010, 
 54.00,   2.27E-010, 
 54.10,  -2.85E-010, 
 54.20,  -8.94E-011, 
 54.30,   4.93E-010, 
 54.40,  -1.54E-010, 
 54.50,  -3.02E-010, 
 54.60,  -3.14E-010, 
 54.70,  -1.69E-010, 
 54.80,  -1.07E-010, 
 54.90,  -1.48E-010, 
 55.00,  -1.62E-010, 
 55.10,   4.47E-010, 
 55.20,   4.38E-010, 
 55.30,   3.46E-010, 
 55.40,   4.05E-010, 
 55.50,   7.05E-011, 
 55.60,   3.43E-010, 
 55.70,   3.64E-010, 
 55.80,   3.07E-010, 
 55.90,  -2.57E-010, 
 56.00,   2.02E-010, 
 56.10,   5.31E-010, 
 56.20,   5.65E-010, 
 56.30,   5.87E-010, 
 56.40,   5.76E-010, 
 56.50,   5.28E-010, 
 56.60,   4.25E-010, 
 56.70,  -1.30E-010, 
 56.80,  -1.80E-010, 
 56.90,  -1.55E-010, 
 57.00,   5.18E-010, 
 57.10,   5.14E-010, 
 57.20,   4.04E-010, 
 57.30,   3.74E-010, 
 57.40,   2.52E-010, 
 57.50,   4.33E-010, 
 57.60,   4.14E-010, 
 57.70,   3.78E-010, 
 57.80,   1.90E-011, 
 57.90,   4.45E-010, 
 58.00,   7.43E-010, 
 58.10,   1.05E-009, 
 58.20,   1.33E-009, 
 58.30,   1.60E-009, 
 58.40,   1.70E-009, 
 58.50,   1.55E-009, 
 58.60,   1.03E-009, 
 58.70,   7.39E-010, 
 58.80,   4.17E-010, 
 58.90,   4.52E-011, 
 59.00,   2.09E-010, 
 59.10,  -1.76E-010, 
 59.20,   4.71E-010, 
 59.30,  -1.16E-010, 
 59.40,  -3.13E-010, 
 59.50,   2.55E-010, 
 59.60,   5.56E-010, 
 59.70,   9.94E-012, 
 59.80,  -1.75E-010, 
 59.90,   2.35E-010, 
 60.00,  -3.03E-010, 
 60.10,  -2.98E-010, 
 60.20,  -1.26E-010, 
 60.30,   1.79E-010, 
 60.40,   4.63E-010, 
 60.50,   2.17E-010, 
 60.60,  -1.70E-010, 
 60.70,  -1.73E-010, 
 60.80,  -8.49E-011, 
 60.90,   3.44E-010, 
 61.00,  -2.02E-010, 
 61.10,   4.49E-010, 
 61.20,  -1.38E-010, 
 61.30,  -1.88E-010, 
 61.40,  -1.17E-010, 
 61.50,  -1.31E-010, 
 61.60,   4.49E-010, 
 61.70,   9.76E-011, 
 61.80,   2.01E-010, 
 61.90,  -2.58E-010, 
 62.00,  -5.33E-011, 
 62.10,   2.39E-010, 
 62.20,   4.27E-010, 
 62.30,  -3.04E-010, 
 62.40,  -1.78E-010, 
 62.50,   4.85E-010, 
 62.60,   1.82E-010, 
 62.70,  -3.81E-010, 
 62.80,  -2.89E-010, 
 62.90,   1.58E-010, 
 63.00,   3.85E-010, 
 63.10,   1.53E-010, 
 63.20,  -2.79E-010, 
 63.30,  -1.85E-010, 
 63.40,   8.76E-011, 
 63.50,   4.77E-010, 
 63.60,   1.61E-010, 
 63.70,  -3.78E-010, 
 63.80,  -1.33E-010, 
 63.90,   4.39E-010, 
 64.00,   1.49E-010, 
 64.10,  -2.81E-010, 
 64.20,   2.33E-010, 
 64.30,  -1.73E-010, 
 64.40,   2.44E-011, 
 64.50,   2.01E-010, 
 64.60,  -2.86E-010, 
 64.70,  -2.63E-010, 
 64.80,  -1.74E-010, 
 64.90,   3.88E-010, 
 65.00,  -1.01E-010, 
 65.10,  -1.39E-010, 
 65.20,   5.43E-010, 
 65.30,   3.69E-010, 
 65.40,  -4.79E-011, 
 65.50,  -2.32E-010, 
 65.60,  -1.05E-010, 
 65.70,   4.27E-010, 
 65.80,  -1.79E-010, 
 65.90,  -2.37E-010, 
 66.00,  -7.59E-011, 
 66.10,   4.63E-010, 
 66.20,  -2.00E-010, 
 66.30,  -1.25E-010, 
 66.40,   5.22E-010, 
 66.50,   1.66E-010, 
 66.60,  -2.22E-010, 
 66.70,  -1.37E-010, 
 66.80,  -1.94E-010, 
 66.90,  -8.22E-011, 
 67.00,   3.34E-010, 
 67.10,  -3.63E-010, 
 67.20,  -1.54E-010, 
 67.30,  -1.17E-010, 
 67.40,   5.29E-010, 
 67.50,   1.64E-010, 
 67.60,  -2.92E-010, 
 67.70,  -8.94E-011, 
 67.80,   5.04E-010, 
 67.90,   5.00E-010, 
 68.00,   4.09E-010, 
 68.10,   3.12E-010, 
 68.20,  -1.42E-010, 
 68.30,  -1.67E-010, 
 68.40,   5.16E-010, 
 68.50,   1.93E-010, 
 68.60,  -2.31E-010, 
 68.70,  -4.61E-011, 
 68.80,   5.49E-010, 
 68.90,   4.56E-010, 
 69.00,   4.38E-010, 
 69.10,   1.54E-010, 
 69.20,  -2.51E-010, 
 69.30,  -9.58E-011, 
 69.40,   4.62E-010, 
 69.50,   3.93E-010, 
 69.60,  -3.38E-010, 
 69.70,   3.28E-010, 
 69.80,   4.84E-010, 
 69.90,   1.58E-010, 
 70.00,  -2.15E-010, 
 70.10,   2.97E-010, 
 70.20,   4.08E-010, 
 70.30,  -2.28E-010, 
 70.40,   2.68E-010, 
 70.50,   4.98E-010, 
 70.60,   3.68E-010, 
 70.70,  -1.80E-010, 
 70.80,  -1.42E-010, 
 70.90,  -1.22E-010, 
 71.00,   5.10E-010, 
 71.10,   1.46E-010, 
 71.20,  -2.38E-010, 
 71.30,   4.88E-010, 
 71.40,   3.81E-010, 
 71.50,  -2.19E-010, 
 71.60,  -2.53E-010, 
 71.70,  -1.44E-010, 
 71.80,   2.85E-010, 
 71.90,   4.31E-010, 
 72.00,   1.52E-010, 
 72.10,  -2.61E-010, 
 72.20,  -1.94E-010, 
 72.30,   3.07E-010, 
 72.40,   3.59E-010, 
 72.50,  -1.44E-010, 
 72.60,  -1.43E-010, 
 72.70,   2.83E-010, 
 72.80,   4.73E-010, 
 72.90,  -7.23E-012, 
 73.00,  -2.56E-010, 
 73.10,  -2.01E-010, 
 73.20,  -1.35E-010, 
 73.30,   6.28E-010, 
 73.40,   1.97E-010, 
 73.50,  -2.74E-010, 
 73.60,   3.08E-010, 
 73.70,   3.70E-010, 
 73.80,   2.77E-010, 
 73.90,  -2.83E-010, 
 74.00,   2.54E-010, 
 74.10,   4.99E-010, 
 74.20,   3.98E-010, 
 74.30,  -1.33E-010, 
 74.40,  -8.58E-011, 
 74.50,  -9.21E-011, 
 74.60,   3.27E-010, 
 74.70,   3.88E-010, 
 74.80,  -2.37E-010, 
 74.90,  -8.94E-011, 
 75.00,   6.02E-010, 
 75.10,   2.06E-010, 
 75.20,  -2.71E-010, 
 75.30,  -8.40E-011, 
 75.40,   4.72E-010, 
 75.50,  -2.83E-010, 
 75.60,  -3.09E-010, 
 75.70,  -2.16E-010, 
 75.80,  -1.03E-010, 
 75.90,   2.47E-010, 
 76.00,  -2.06E-010, 
 76.10,   3.93E-010, 
 76.20,  -1.40E-010, 
 76.30,  -1.92E-010, 
 76.40,   3.76E-010, 
 76.50,   2.06E-010, 
 76.60,  -1.95E-010, 
 76.70,   2.60E-010, 
 76.80,   3.54E-010, 
 76.90,  -3.55E-010, 
 77.00,  -2.15E-010, 
 77.10,  -2.01E-010, 
 77.20,  -1.02E-010, 
 77.30,   4.52E-010, 
 77.40,  -1.34E-010, 
 77.50,  -1.68E-010, 
 77.60,  -9.12E-011, 
 77.70,   6.08E-010, 
 77.80,   4.32E-010, 
 77.90,   1.61E-010, 
 78.00,  -1.78E-010, 
 78.10,  -1.24E-010, 
 78.20,   4.58E-010, 
 78.30,   2.73E-010, 
 78.40,  -3.05E-010, 
 78.50,  -1.31E-010, 
 78.60,   2.72E-010, 
 78.70,   3.71E-010, 
 78.80,   2.74E-010, 
 78.90,  -2.40E-010, 
 79.00,   3.87E-010, 
 79.10,  -2.57E-010, 
 79.20,  -1.09E-010, 
 79.30,  -1.26E-010, 
 79.40,   3.00E-010, 
 79.50,   3.64E-010, 
 79.60,  -1.01E-010, 
 79.70,  -1.79E-010, 
 79.80,  -5.78E-011, 
 79.90,   5.19E-010, 
 80.00,   2.65E-010, 
 80.10,  -2.94E-010, 
 80.20,  -1.47E-010, 
 80.30,  -7.50E-011, 
 80.40,  -5.96E-011, 
 80.50,   5.33E-010, 
 80.60,   1.30E-010, 
 80.70,  -1.55E-010, 
 80.80,  -9.67E-011, 
 80.90,   2.96E-010, 
 81.00,  -4.34E-010, 
 81.10,  -2.67E-010, 
 81.20,  -1.08E-010, 
 81.30,   5.10E-010, 
 81.40,   1.63E-010, 
 81.50,  -3.69E-010, 
 81.60,  -2.26E-010, 
 81.70,   3.03E-010, 
 81.80,   4.10E-010, 
 81.90,   2.13E-010, 
 82.00,  -4.56E-010, 
 82.10,  -2.85E-010, 
 82.20,  -1.32E-010, 
 82.30,  -1.07E-010, 
 82.40,  -1.23E-010, 
 82.50,   5.35E-010, 
 82.60,   3.99E-010, 
 82.70,  -1.58E-010, 
 82.80,  -1.60E-010, 
 82.90,   6.04E-010, 
 83.00,   1.69E-010, 
 83.10,  -1.96E-010, 
 83.20,  -5.87E-011, 
 83.30,   7.09E-010, 
 83.40,   3.05E-010, 
 83.50,  -2.32E-010, 
 83.60,   2.47E-010, 
 83.70,  -2.35E-011, 
 83.80,   2.75E-010, 
 83.90,   1.79E-010, 
 84.00,  -2.10E-010, 
 84.10,   3.11E-010, 
 84.20,   2.23E-010, 
 84.30,  -2.56E-010, 
 84.40,  -2.01E-010, 
 84.50,  -1.52E-010, 
 84.60,  -1.82E-010, 
 84.70,  -1.09E-010, 
 84.80,  -8.58E-011, 
 84.90,  -8.85E-011, 
 85.00,   5.90E-010, 
 85.10,   4.05E-010, 
 85.20,  -1.96E-010, 
 85.30,  -1.70E-010, 
 85.40,  -1.08E-011, 
 85.50,   6.21E-010, 
 85.60,   3.62E-010, 
 85.70,  -2.68E-010, 
 85.80,  -1.53E-010, 
 85.90,  -1.36E-010, 
 86.00,  -1.68E-010, 
 86.10,  -1.17E-010, 
 86.20,  -1.73E-010, 
 86.30,   3.75E-010, 
 86.40,   4.22E-010, 
 86.50,   3.08E-010, 
 86.60,  -2.57E-010, 
 86.70,  -8.94E-011, 
 86.80,   5.43E-010, 
 86.90,   5.09E-010, 
 87.00,   3.51E-010, 
 87.10,  -1.27E-010, 
 87.20,  -1.25E-010, 
 87.30,   1.36E-010, 
 87.40,   4.05E-010, 
 87.50,   1.33E-010, 
 87.60,  -1.61E-010, 
 87.70,   2.66E-010, 
 87.80,   4.07E-010, 
 87.90,  -1.94E-010, 
 88.00,  -4.34E-011, 
 88.10,   4.90E-010, 
 88.20,  -2.01E-010, 
 88.30,  -1.67E-010, 
 88.40,   3.84E-010, 
 88.50,   5.16E-010, 
 88.60,   8.76E-011, 
 88.70,  -2.72E-010, 
 88.80,  -2.33E-010, 
 88.90,  -1.07E-010, 
 89.00,   5.50E-010, 
 89.10,   2.68E-010, 
 89.20,  -2.46E-010, 
 89.30,  -4.97E-011, 
 89.40,   5.20E-010, 
 89.50,   1.36E-011, 
 89.60,  -3.64E-010, 
 89.70,  -9.94E-011, 
 89.80,   3.18E-010, 
 89.90,   2.98E-010, 
 90.00,  -2.12E-010, 
