Aug 11, 2026  03:19:13 PM
Residual Gas Analyzer Software 
Software Version, 3.214.004

Analog Scan Setup:

Data Points in Scan, 891 
Units, Torr 
Noise Floor, 2 
CEM Status, ON 
Points Per AMU, 10
Scan Start Mass, 1, amu 
Scan Stop Mass, 90, amu
Focus Voltage, 90, Volts 
Ion Energy, HIGH 
Electron Energy, 70, eV 
CEM Voltage, 1159, Volts
CEM Gain, 1.01E+003 
Sensitivity Factor, 1.11E-004 
Filament Current, 1.00, mAmps


  1.00,  -2.99E-012, 
  1.10,   8.34E-013, 
  1.20,   4.53E-013, 
  1.30,  -5.22E-011, 
  1.40,  -8.95E-011, 
  1.50,  -3.42E-011, 
  1.60,  -1.15E-011, 
  1.70,  -9.30E-012, 
  1.80,  -1.26E-011, 
  1.90,  -1.57E-011, 
  2.00,  -2.18E-011, 
  2.10,  -2.36E-011, 
  2.20,  -2.47E-011, 
  2.30,  -3.03E-011, 
  2.40,  -2.88E-011, 
  2.50,  -8.66E-012, 
  2.60,  -3.03E-012, 
  2.70,  -2.60E-012, 
  2.80,  -2.28E-012, 
  2.90,   7.66E-013, 
  3.00,   7.40E-014, 
  3.10,  -6.24E-015, 
  3.20,  -1.11E-013, 
  3.30,   1.61E-013, 
  3.40,  -6.78E-014, 
  3.50,   2.15E-013, 
  3.60,   7.04E-013, 
  3.70,   4.47E-012, 
  3.80,   2.47E-012, 
  3.90,  -1.59E-012, 
  4.00,  -5.24E-013, 
  4.10,   5.29E-013, 
  4.20,   1.81E-013, 
  4.30,  -2.72E-013, 
  4.40,  -3.23E-012, 
  4.50,   9.28E-013, 
  4.60,   5.34E-013, 
  4.70,   2.97E-013, 
  4.80,  -1.70E-013, 
  4.90,  -8.92E-015, 
  5.00,   2.59E-013, 
  5.10,   1.64E-013, 
  5.20,  -9.10E-014, 
  5.30,   8.03E-015, 
  5.40,   1.04E-013, 
  5.50,  -3.35E-013, 
  5.60,  -2.12E-013, 
  5.70,   9.01E-014, 
  5.80,   6.42E-014, 
  5.90,  -1.81E-013, 
  6.00,   7.94E-014, 
  6.10,   6.15E-014, 
  6.20,   1.93E-013, 
  6.30,   7.49E-014, 
  6.40,  -1.54E-013, 
  6.50,  -3.00E-013, 
  6.60,  -6.92E-013, 
  6.70,  -2.87E-013, 
  6.80,  -3.48E-013, 
  6.90,  -2.11E-013, 
  7.00,  -2.27E-013, 
  7.10,  -2.68E-015, 
  7.20,   5.44E-014, 
  7.30,  -2.60E-013, 
  7.40,  -2.94E-014, 
  7.50,   8.03E-015, 
  7.60,  -8.29E-014, 
  7.70,   1.48E-013, 
  7.80,   3.45E-013, 
  7.90,   2.75E-013, 
  8.00,   4.82E-014, 
  8.10,  -4.64E-014, 
  8.20,  -1.58E-013, 
  8.30,  -8.92E-016, 
  8.40,   1.49E-013, 
  8.50,   1.52E-013, 
  8.60,  -2.69E-013, 
  8.70,  -7.94E-014, 
  8.80,  -8.11E-014, 
  8.90,  -4.99E-014, 
  9.00,  -3.56E-013, 
  9.10,  -3.29E-013, 
  9.20,  -2.68E-013, 
  9.30,  -2.09E-013, 
  9.40,  -7.49E-014, 
  9.50,  -1.55E-013, 
  9.60,  -1.74E-013, 
  9.70,  -3.06E-013, 
  9.80,  -3.01E-013, 
  9.90,  -1.34E-014, 
 10.00,   5.26E-014, 
 10.10,  -3.12E-014, 
 10.20,  -2.36E-013, 
 10.30,   3.74E-013, 
 10.40,   2.72E-013, 
 10.50,   2.27E-013, 
 10.60,  -6.15E-014, 
 10.70,  -3.68E-013, 
 10.80,  -1.41E-013, 
 10.90,   1.47E-013, 
 11.00,   2.48E-013, 
 11.10,   2.48E-013, 
 11.20,   2.20E-013, 
 11.30,   5.62E-014, 
 11.40,   1.76E-013, 
 11.50,  -1.87E-014, 
 11.60,   2.99E-013, 
 11.70,  -1.35E-012, 
 11.80,  -2.66E-012, 
 11.90,   2.67E-013, 
 12.00,  -1.07E-012, 
 12.10,  -1.57E-012, 
 12.20,  -1.63E-012, 
 12.30,  -2.92E-012, 
 12.40,  -3.21E-012, 
 12.50,   1.24E-012, 
 12.60,   5.93E-013, 
 12.70,   1.79E-013, 
 12.80,   1.01E-013, 
 12.90,   2.17E-013, 
 13.00,   4.07E-013, 
 13.10,   2.53E-013, 
 13.20,  -1.90E-013, 
 13.30,   8.03E-015, 
 13.40,  -5.44E-014, 
 13.50,   2.50E-014, 
 13.60,   1.11E-013, 
 13.70,   1.98E-012, 
 13.80,  -2.24E-013, 
 13.90,   7.34E-013, 
 14.00,   1.11E-012, 
 14.10,   9.68E-013, 
 14.20,   4.32E-013, 
 14.30,  -2.57E-013, 
 14.40,  -1.26E-012, 
 14.50,   1.54E-013, 
 14.60,   4.16E-013, 
 14.70,   4.89E-013, 
 14.80,   2.27E-012, 
 14.90,  -1.06E-013, 
 15.00,   1.89E-013, 
 15.10,  -3.57E-014, 
 15.20,  -2.46E-013, 
 15.30,  -5.56E-013, 
 15.40,  -3.25E-013, 
 15.50,   5.26E-013, 
 15.60,   1.61E-012, 
 15.70,  -7.41E-013, 
 15.80,  -5.87E-012, 
 15.90,  -8.29E-012, 
 16.00,  -1.22E-011, 
 16.10,  -1.47E-011, 
 16.20,  -1.59E-011, 
 16.30,  -1.67E-011, 
 16.40,  -9.76E-012, 
 16.50,   1.07E-013, 
 16.60,   9.64E-012, 
 16.70,  -3.06E-011, 
 16.80,  -6.83E-011, 
 16.90,  -8.23E-011, 
 17.00,  -1.08E-010, 
 17.10,  -1.30E-010, 
 17.20,  -1.31E-010, 
 17.30,  -1.21E-010, 
 17.40,  -4.89E-011, 
 17.50,   1.06E-011, 
 17.60,   5.05E-011, 
 17.70,  -1.50E-010, 
 17.80,  -2.74E-010, 
 17.90,  -3.01E-010, 
 18.00,  -4.20E-010, 
 18.10,  -4.92E-010, 
 18.20,  -5.16E-010, 
 18.30,  -4.93E-010, 
 18.40,  -1.73E-010, 
 18.50,  -1.22E-011, 
 18.60,  -2.99E-012, 
 18.70,  -1.39E-012, 
 18.80,  -8.48E-013, 
 18.90,  -7.18E-013, 
 19.00,  -9.02E-013, 
 19.10,  -4.42E-013, 
 19.20,  -3.13E-013, 
 19.30,  -3.10E-012, 
 19.40,  -8.54E-013, 
 19.50,   1.57E-012, 
 19.60,   3.25E-012, 
 19.70,   3.45E-012, 
 19.80,  -9.57E-013, 
 19.90,  -3.21E-013, 
 20.00,  -1.65E-013, 
 20.10,  -6.51E-014, 
 20.20,  -3.21E-013, 
 20.30,  -1.13E-012, 
 20.40,  -2.23E-012, 
 20.50,  -2.50E-012, 
 20.60,   1.02E-012, 
 20.70,   4.60E-013, 
 20.80,   3.60E-013, 
 20.90,   4.24E-013, 
 21.00,   4.38E-013, 
 21.10,   2.53E-013, 
 21.20,   8.29E-014, 
 21.30,   2.10E-013, 
 21.40,  -3.48E-014, 
 21.50,  -3.40E-013, 
 21.60,  -1.76E-013, 
 21.70,   5.35E-014, 
 21.80,   1.63E-013, 
 21.90,  -9.10E-014, 
 22.00,  -2.02E-013, 
 22.10,   1.94E-013, 
 22.20,  -1.59E-013, 
 22.30,  -3.58E-013, 
 22.40,  -5.08E-014, 
 22.50,   6.24E-014, 
 22.60,  -1.02E-013, 
 22.70,   3.90E-013, 
 22.80,   2.96E-013, 
 22.90,   1.50E-013, 
 23.00,   7.76E-014, 
 23.10,  -1.73E-013, 
 23.20,   2.23E-014, 
 23.30,  -1.79E-013, 
 23.40,   4.55E-014, 
 23.50,   3.25E-013, 
 23.60,   1.18E-013, 
 23.70,   1.74E-013, 
 23.80,   7.58E-014, 
 23.90,  -3.75E-014, 
 24.00,   3.48E-014, 
 24.10,   7.22E-014, 
 24.20,   1.86E-013, 
 24.30,   4.11E-013, 
 24.40,   4.47E-013, 
 24.50,   2.92E-013, 
 24.60,   1.43E-013, 
 24.70,  -1.66E-013, 
 24.80,  -7.31E-014, 
 24.90,  -5.44E-014, 
 25.00,   8.03E-015, 
 25.10,   1.52E-013, 
 25.20,   3.59E-013, 
 25.30,   1.28E-013, 
 25.40,  -6.51E-014, 
 25.50,   1.42E-013, 
 25.60,   1.12E-013, 
 25.70,   1.29E-013, 
 25.80,   6.87E-014, 
 25.90,   1.34E-014, 
 26.00,   1.09E-013, 
 26.10,   1.25E-014, 
 26.20,   1.69E-013, 
 26.30,   2.10E-013, 
 26.40,   1.47E-013, 
 26.50,   2.42E-013, 
 26.60,   3.83E-013, 
 26.70,   2.20E-013, 
 26.80,   2.39E-013, 
 26.90,   4.21E-013, 
 27.00,   2.51E-013, 
 27.10,  -1.98E-013, 
 27.20,   2.01E-013, 
 27.30,   2.96E-013, 
 27.40,   3.72E-012, 
 27.50,   3.79E-012, 
 27.60,   3.85E-012, 
 27.70,   1.06E-011, 
 27.80,   1.31E-011, 
 27.90,   1.42E-011, 
 28.00,   1.50E-011, 
 28.10,   1.25E-011, 
 28.20,   8.03E-012, 
 28.30,  -4.36E-013, 
 28.40,  -6.70E-012, 
 28.50,  -2.65E-012, 
 28.60,  -1.13E-012, 
 28.70,  -5.53E-013, 
 28.80,  -1.71E-012, 
 28.90,  -2.51E-012, 
 29.00,  -1.91E-012, 
 29.10,  -1.36E-012, 
 29.20,  -1.24E-012, 
 29.30,  -1.47E-012, 
 29.40,  -1.04E-012, 
 29.50,   2.15E-012, 
 29.60,   1.45E-012, 
 29.70,  -2.16E-012, 
 29.80,  -6.64E-012, 
 29.90,  -9.83E-012, 
 30.00,  -1.25E-011, 
 30.10,  -1.44E-011, 
 30.20,  -1.50E-011, 
 30.30,  -1.48E-011, 
 30.40,  -1.03E-011, 
 30.50,  -6.58E-012, 
 30.60,  -3.20E-012, 
 30.70,   7.16E-013, 
 30.80,   1.01E-012, 
 30.90,   5.44E-013, 
 31.00,   6.23E-013, 
 31.10,   4.34E-013, 
 31.20,   9.72E-014, 
 31.30,   1.78E-013, 
 31.40,   4.52E-013, 
 31.50,   1.48E-012, 
 31.60,   2.26E-012, 
 31.70,   4.23E-012, 
 31.80,   2.57E-012, 
 31.90,   8.25E-013, 
 32.00,  -2.12E-012, 
 32.10,  -5.21E-012, 
 32.20,  -6.25E-012, 
 32.30,  -9.55E-012, 
 32.40,  -9.89E-012, 
 32.50,  -3.44E-012, 
 32.60,  -1.85E-012, 
 32.70,  -3.69E-012, 
 32.80,  -5.48E-013, 
 32.90,   1.23E-012, 
 33.00,   7.37E-013, 
 33.10,   4.43E-013, 
 33.20,   3.80E-013, 
 33.30,   1.75E-013, 
 33.40,   1.85E-013, 
 33.50,   2.52E-013, 
 33.60,   1.55E-013, 
 33.70,   1.02E-013, 
 33.80,  -1.36E-013, 
 33.90,  -8.20E-014, 
 34.00,  -1.44E-013, 
 34.10,   1.81E-013, 
 34.20,   3.83E-014, 
 34.30,  -8.92E-015, 
 34.40,  -3.35E-013, 
 34.50,  -3.91E-013, 
 34.60,  -1.75E-013, 
 34.70,  -3.39E-014, 
 34.80,   9.01E-014, 
 34.90,   1.28E-013, 
 35.00,   2.92E-013, 
 35.10,   3.30E-013, 
 35.20,   4.00E-013, 
 35.30,   4.25E-013, 
 35.40,   3.10E-013, 
 35.50,   4.43E-013, 
 35.60,   4.61E-013, 
 35.70,   3.17E-013, 
 35.80,   4.26E-013, 
 35.90,   4.08E-013, 
 36.00,   1.56E-013, 
 36.10,   3.59E-013, 
 36.20,   3.80E-013, 
 36.30,   2.35E-013, 
 36.40,   1.69E-013, 
 36.50,   1.15E-013, 
 36.60,  -8.38E-014, 
 36.70,  -1.87E-014, 
 36.80,  -7.49E-014, 
 36.90,   1.11E-013, 
 37.00,   1.43E-013, 
 37.10,   3.16E-013, 
 37.20,   8.74E-014, 
 37.30,   3.48E-014, 
 37.40,   2.32E-013, 
 37.50,   6.78E-014, 
 37.60,   3.14E-013, 
 37.70,   8.47E-014, 
 37.80,   2.92E-013, 
 37.90,   3.00E-013, 
 38.00,   7.22E-014, 
 38.10,  -5.35E-015, 
 38.20,  -3.21E-014, 
 38.30,  -2.94E-014, 
 38.40,   0.00E+000, 
 38.50,  -2.05E-013, 
 38.60,   3.83E-014, 
 38.70,   3.81E-013, 
 38.80,   3.13E-013, 
 38.90,   2.27E-013, 
 39.00,   2.92E-013, 
 39.10,   4.74E-013, 
 39.20,   2.99E-013, 
 39.30,   5.15E-013, 
 39.40,   1.37E-012, 
 39.50,   9.51E-013, 
 39.60,   4.75E-012, 
 39.70,   8.70E-012, 
 39.80,   9.60E-012, 
 39.90,   1.11E-011, 
 40.00,   1.12E-011, 
 40.10,   9.34E-012, 
 40.20,   5.00E-012, 
 40.30,  -4.50E-012, 
 40.40,  -5.96E-012, 
 40.50,  -1.66E-012, 
 40.60,   3.25E-013, 
 40.70,   2.39E-012, 
 40.80,   6.60E-012, 
 40.90,   6.51E-012, 
 41.00,   6.89E-012, 
 41.10,   8.50E-012, 
 41.20,   9.97E-012, 
 41.30,   9.61E-012, 
 41.40,   8.16E-012, 
 41.50,   9.34E-012, 
 41.60,   1.36E-011, 
 41.70,   2.22E-011, 
 41.80,   2.63E-011, 
 41.90,   2.85E-011, 
 42.00,   3.10E-011, 
 42.10,   3.31E-011, 
 42.20,   3.05E-011, 
 42.30,   1.98E-011, 
 42.40,   7.87E-012, 
 42.50,   9.49E-012, 
 42.60,   1.08E-011, 
 42.70,   8.40E-012, 
 42.80,   8.48E-012, 
 42.90,   8.48E-012, 
 43.00,   9.17E-012, 
 43.10,   9.84E-012, 
 43.20,   7.79E-012, 
 43.30,   3.73E-012, 
 43.40,   2.04E-012, 
 43.50,   1.07E-012, 
 43.60,   9.37E-013, 
 43.70,   5.32E-013, 
 43.80,  -4.81E-012, 
 43.90,  -1.11E-011, 
 44.00,  -1.67E-011, 
 44.10,  -2.13E-011, 
 44.20,  -2.67E-011, 
 44.30,  -2.97E-011, 
 44.40,  -2.23E-011, 
 44.50,  -8.66E-012, 
 44.60,  -2.98E-012, 
 44.70,  -3.65E-012, 
 44.80,  -1.09E-012, 
 44.90,   1.29E-012, 
 45.00,   8.28E-013, 
 45.10,   3.67E-013, 
 45.20,  -7.67E-014, 
 45.30,  -2.31E-013, 
 45.40,  -3.95E-013, 
 45.50,  -2.32E-013, 
 45.60,  -1.02E-013, 
 45.70,  -1.61E-013, 
 45.80,   1.56E-013, 
 45.90,   3.50E-013, 
 46.00,   6.60E-014, 
 46.10,  -1.37E-013, 
 46.20,  -3.48E-014, 
 46.30,  -1.06E-013, 
 46.40,  -1.43E-014, 
 46.50,  -8.03E-015, 
 46.60,   8.65E-014, 
 46.70,   2.48E-013, 
 46.80,   2.35E-013, 
 46.90,   1.76E-013, 
 47.00,   2.76E-014, 
 47.10,   5.53E-014, 
 47.20,   2.68E-014, 
 47.30,   2.02E-013, 
 47.40,   1.45E-013, 
 47.50,   2.18E-013, 
 47.60,   4.07E-013, 
 47.70,   2.59E-013, 
 47.80,   2.16E-013, 
 47.90,  -6.06E-014, 
 48.00,   2.76E-013, 
 48.10,   4.10E-013, 
 48.20,  -8.03E-015, 
 48.30,  -2.00E-013, 
 48.40,  -1.46E-013, 
 48.50,   2.18E-013, 
 48.60,   1.78E-013, 
 48.70,   1.46E-013, 
 48.80,   1.32E-013, 
 48.90,   3.14E-013, 
 49.00,   1.86E-013, 
 49.10,   1.31E-013, 
 49.20,   1.95E-013, 
 49.30,   1.55E-013, 
 49.40,  -8.56E-014, 
 49.50,  -1.87E-014, 
 49.60,   3.57E-015, 
 49.70,  -1.24E-013, 
 49.80,  -8.03E-015, 
 49.90,   3.09E-013, 
 50.00,   2.46E-013, 
 50.10,   1.13E-013, 
 50.20,  -4.46E-014, 
 50.30,  -8.38E-014, 
 50.40,  -1.34E-014, 
 50.50,   1.20E-013, 
 50.60,   1.46E-013, 
 50.70,  -1.40E-013, 
 50.80,  -7.67E-014, 
 50.90,  -9.81E-015, 
 51.00,   2.48E-013, 
 51.10,   1.72E-013, 
 51.20,   2.27E-013, 
 51.30,   1.72E-013, 
 51.40,   3.93E-013, 
 51.50,   8.11E-014, 
 51.60,   2.14E-014, 
 51.70,  -6.69E-014, 
 51.80,   7.85E-014, 
 51.90,   1.44E-013, 
 52.00,  -4.19E-014, 
 52.10,   1.90E-013, 
 52.20,   2.66E-013, 
 52.30,   3.12E-013, 
 52.40,   3.38E-013, 
 52.50,  -1.94E-013, 
 52.60,  -1.70E-013, 
 52.70,   8.20E-014, 
 52.80,   2.29E-013, 
 52.90,  -2.41E-014, 
 53.00,  -1.77E-013, 
 53.10,  -4.99E-014, 
 53.20,  -1.45E-013, 
 53.30,   2.53E-013, 
 53.40,   2.52E-013, 
 53.50,   2.52E-013, 
 53.60,  -7.85E-014, 
 53.70,   8.92E-016, 
 53.80,   8.03E-014, 
 53.90,   3.50E-013, 
 54.00,  -2.82E-013, 
 54.10,  -3.48E-014, 
 54.20,   5.80E-014, 
 54.30,  -1.89E-013, 
 54.40,   1.27E-013, 
 54.50,   2.17E-013, 
 54.60,   8.92E-016, 
 54.70,   4.99E-014, 
 54.80,   9.99E-014, 
 54.90,   2.54E-013, 
 55.00,  -1.04E-013, 
 55.10,  -4.19E-014, 
 55.20,  -1.94E-013, 
 55.30,  -2.41E-014, 
 55.40,   3.57E-015, 
 55.50,   2.09E-013, 
 55.60,   6.24E-014, 
 55.70,   1.07E-014, 
 55.80,   5.89E-014, 
 55.90,   9.90E-014, 
 56.00,   2.41E-014, 
 56.10,  -1.16E-013, 
 56.20,   1.20E-013, 
 56.30,   9.45E-014, 
 56.40,   9.01E-014, 
 56.50,  -8.92E-015, 
 56.60,   1.10E-013, 
 56.70,   1.33E-013, 
 56.80,   1.78E-014, 
 56.90,   5.89E-014, 
 57.00,   2.44E-013, 
 57.10,   8.03E-014, 
 57.20,   1.87E-013, 
 57.30,   1.89E-013, 
 57.40,   3.67E-013, 
 57.50,   3.44E-013, 
 57.60,   5.76E-013, 
 57.70,   5.27E-013, 
 57.80,   1.20E-013, 
 57.90,   9.99E-014, 
 58.00,  -5.71E-014, 
 58.10,  -6.06E-014, 
 58.20,  -1.07E-014, 
 58.30,   5.17E-014, 
 58.40,   5.53E-014, 
 58.50,   2.90E-013, 
 58.60,  -4.55E-014, 
 58.70,  -1.61E-013, 
 58.80,   9.36E-014, 
 58.90,   7.13E-015, 
 59.00,  -9.81E-014, 
 59.10,   2.59E-013, 
 59.20,  -4.01E-014, 
 59.30,  -2.66E-013, 
 59.40,   3.15E-013, 
 59.50,   5.03E-013, 
 59.60,   3.39E-013, 
 59.70,   2.76E-013, 
 59.80,   2.45E-013, 
 59.90,   2.76E-014, 
 60.00,   2.21E-013, 
 60.10,   3.22E-013, 
 60.20,   4.16E-013, 
 60.30,   4.31E-013, 
 60.40,   2.74E-013, 
 60.50,   2.97E-013, 
 60.60,  -1.25E-014, 
 60.70,   4.99E-014, 
 60.80,   9.36E-014, 
 60.90,   1.69E-013, 
 61.00,   1.16E-014, 
 61.10,   2.42E-013, 
 61.20,   1.40E-013, 
 61.30,   2.73E-013, 
 61.40,   9.45E-014, 
 61.50,   1.27E-013, 
 61.60,   2.70E-013, 
 61.70,   1.69E-013, 
 61.80,  -1.03E-013, 
 61.90,  -4.46E-014, 
 62.00,   5.89E-014, 
 62.10,   1.52E-013, 
 62.20,   3.48E-013, 
 62.30,   1.52E-013, 
 62.40,   1.51E-013, 
 62.50,   8.56E-014, 
 62.60,   1.88E-013, 
 62.70,  -1.22E-013, 
 62.80,  -1.52E-013, 
 62.90,   7.85E-014, 
 63.00,   1.14E-013, 
 63.10,   4.41E-013, 
 63.20,   9.45E-014, 
 63.30,   7.49E-014, 
 63.40,   2.85E-013, 
 63.50,   2.55E-013, 
 63.60,   3.25E-013, 
 63.70,   1.69E-013, 
 63.80,   9.45E-014, 
 63.90,   4.64E-014, 
 64.00,   1.66E-013, 
 64.10,  -2.76E-014, 
 64.20,   2.85E-014, 
 64.30,   1.03E-013, 
 64.40,   3.20E-013, 
 64.50,   3.06E-013, 
 64.60,   1.12E-013, 
 64.70,   9.19E-014, 
 64.80,   1.20E-013, 
 64.90,   4.64E-013, 
 65.00,   3.79E-013, 
 65.10,   5.39E-013, 
 65.20,   4.38E-013, 
 65.30,  -1.43E-014, 
 65.40,  -3.08E-013, 
 65.50,  -2.90E-013, 
 65.60,   2.56E-013, 
 65.70,   1.31E-013, 
 65.80,  -2.68E-015, 
 65.90,   1.64E-013, 
 66.00,   1.52E-013, 
 66.10,  -1.37E-013, 
 66.20,   3.17E-013, 
 66.30,   3.57E-013, 
 66.40,   2.21E-013, 
 66.50,   1.61E-013, 
 66.60,   2.60E-013, 
 66.70,   2.59E-014, 
 66.80,  -2.41E-013, 
 66.90,  -1.99E-013, 
 67.00,   1.92E-013, 
 67.10,   2.12E-013, 
 67.20,   1.66E-013, 
 67.30,   1.22E-013, 
 67.40,   2.12E-013, 
 67.50,   5.30E-013, 
 67.60,   2.59E-013, 
 67.70,   2.94E-014, 
 67.80,  -4.64E-014, 
 67.90,   1.66E-013, 
 68.00,  -4.10E-014, 
 68.10,  -1.08E-013, 
 68.20,  -1.84E-013, 
 68.30,  -7.13E-015, 
 68.40,  -1.28E-013, 
 68.50,   1.88E-013, 
 68.60,  -1.23E-013, 
 68.70,   5.26E-014, 
 68.80,  -4.01E-014, 
 68.90,  -1.99E-013, 
 69.00,  -1.61E-013, 
 69.10,  -1.25E-014, 
 69.20,   4.99E-014, 
 69.30,  -1.87E-014, 
 69.40,   1.69E-014, 
 69.50,   3.68E-013, 
 69.60,   2.07E-013, 
 69.70,   2.03E-013, 
 69.80,  -7.13E-015, 
 69.90,  -2.68E-015, 
 70.00,  -5.35E-014, 
 70.10,   1.07E-014, 
 70.20,   1.62E-013, 
 70.30,   1.28E-013, 
 70.40,   4.41E-013, 
 70.50,   5.87E-013, 
 70.60,   4.88E-013, 
 70.70,   6.30E-013, 
 70.80,   5.07E-013, 
 70.90,   4.25E-013, 
 71.00,   3.57E-013, 
 71.10,   6.15E-014, 
 71.20,   1.28E-013, 
 71.30,   7.67E-014, 
 71.40,   4.90E-014, 
 71.50,   1.08E-013, 
 71.60,   3.64E-013, 
 71.70,   1.83E-013, 
 71.80,   3.93E-013, 
 71.90,   2.74E-013, 
 72.00,  -1.28E-013, 
 72.10,  -1.20E-013, 
 72.20,   3.83E-014, 
 72.30,   6.33E-014, 
 72.40,  -6.06E-014, 
 72.50,   6.24E-014, 
 72.60,   1.53E-013, 
 72.70,   1.36E-013, 
 72.80,   2.77E-013, 
 72.90,   1.78E-013, 
 73.00,   2.94E-014, 
 73.10,   2.53E-013, 
 73.20,   3.32E-013, 
 73.30,   4.55E-014, 
 73.40,   1.64E-013, 
 73.50,   1.77E-013, 
 73.60,   1.78E-014, 
 73.70,   4.47E-013, 
 73.80,   2.70E-013, 
 73.90,   2.45E-013, 
 74.00,   1.59E-013, 
 74.10,   1.34E-013, 
 74.20,  -1.34E-014, 
 74.30,  -6.60E-014, 
 74.40,   1.81E-013, 
 74.50,   1.94E-013, 
 74.60,  -2.85E-014, 
 74.70,   2.29E-013, 
 74.80,   1.90E-013, 
 74.90,   2.27E-013, 
 75.00,   3.28E-013, 
 75.10,  -3.66E-014, 
 75.20,   6.87E-014, 
 75.30,   2.43E-013, 
 75.40,   4.19E-014, 
 75.50,   2.19E-013, 
 75.60,   3.21E-014, 
 75.70,  -2.33E-013, 
 75.80,  -5.97E-014, 
 75.90,  -1.55E-013, 
 76.00,  -4.82E-014, 
 76.10,  -3.73E-013, 
 76.20,   7.58E-014, 
 76.30,   8.11E-013, 
 76.40,   6.51E-013, 
 76.50,   4.79E-013, 
 76.60,   2.86E-013, 
 76.70,  -2.76E-013, 
 76.80,  -3.53E-013, 
 76.90,  -3.75E-014, 
 77.00,   2.69E-013, 
 77.10,   2.58E-013, 
 77.20,   1.52E-013, 
 77.30,   2.01E-013, 
 77.40,   1.78E-013, 
 77.50,   2.59E-014, 
 77.60,   1.43E-013, 
 77.70,   3.23E-013, 
 77.80,   3.91E-013, 
 77.90,   2.95E-013, 
 78.00,   3.72E-013, 
 78.10,   3.34E-012, 
 78.20,   2.76E-012, 
 78.30,   2.20E-012, 
 78.40,  -1.04E-012, 
 78.50,  -5.85E-013, 
 78.60,  -2.35E-013, 
 78.70,  -1.69E-013, 
 78.80,  -1.32E-013, 
 78.90,  -9.45E-014, 
 79.00,   2.68E-013, 
 79.10,   3.45E-013, 
 79.20,  -3.66E-014, 
 79.30,  -5.44E-014, 
 79.40,   9.54E-014, 
 79.50,   2.44E-013, 
 79.60,   4.79E-013, 
 79.70,   6.28E-013, 
 79.80,   4.45E-012, 
 79.90,   4.87E-012, 
 80.00,   4.51E-012, 
 80.10,   5.61E-012, 
 80.20,   6.43E-012, 
 80.30,   6.23E-012, 
 80.40,   4.57E-012, 
 80.50,   2.22E-012, 
 80.60,  -1.37E-012, 
 80.70,  -4.50E-013, 
 80.80,   8.03E-015, 
 80.90,   5.35E-014, 
 81.00,   3.96E-013, 
 81.10,   5.91E-013, 
 81.20,   8.92E-013, 
 81.30,   7.70E-013, 
 81.40,   6.47E-013, 
 81.50,   5.98E-013, 
 81.60,   3.78E-012, 
 81.70,   5.20E-012, 
 81.80,   9.72E-012, 
 81.90,   1.60E-011, 
 82.00,   2.17E-011, 
 82.10,   3.03E-011, 
 82.20,   3.69E-011, 
 82.30,   3.09E-011, 
 82.40,   1.80E-011, 
 82.50,   8.59E-012, 
 82.60,   5.06E-012, 
 82.70,   4.99E-012, 
 82.80,   9.95E-012, 
 82.90,   1.70E-011, 
 83.00,   2.27E-011, 
 83.10,   3.15E-011, 
 83.20,   3.87E-011, 
 83.30,   3.42E-011, 
 83.40,   2.12E-011, 
 83.50,   1.15E-011, 
 83.60,   9.07E-012, 
 83.70,   1.32E-011, 
 83.80,   5.22E-011, 
 83.90,   9.48E-011, 
 84.00,   1.18E-010, 
 84.10,   1.58E-010, 
 84.20,   1.82E-010, 
 84.30,   1.35E-010, 
 84.40,   6.31E-011, 
 84.50,   1.70E-011, 
 84.60,   6.62E-012, 
 84.70,   3.56E-012, 
 84.80,   2.39E-012, 
 84.90,   1.96E-012, 
 85.00,   8.40E-013, 
 85.10,  -1.79E-012, 
 85.20,  -1.94E-013, 
 85.30,   8.17E-013, 
 85.40,   2.73E-012, 
 85.50,   3.59E-012, 
 85.60,   2.77E-012, 
 85.70,   3.73E-012, 
 85.80,   1.06E-011, 
 85.90,   2.16E-011, 
 86.00,   3.07E-011, 
 86.10,   4.12E-011, 
 86.20,   5.13E-011, 
 86.30,   4.45E-011, 
 86.40,   2.44E-011, 
 86.50,   1.00E-011, 
 86.60,   4.57E-012, 
 86.70,   2.31E-012, 
 86.80,  -8.11E-013, 
 86.90,  -1.46E-012, 
 87.00,  -7.52E-013, 
 87.10,  -1.94E-013, 
 87.20,   3.34E-013, 
 87.30,   2.24E-013, 
 87.40,  -2.24E-013, 
 87.50,   1.01E-013, 
 87.60,   2.69E-013, 
 87.70,   1.57E-013, 
 87.80,   3.75E-013, 
 87.90,   3.60E-013, 
 88.00,   3.12E-014, 
 88.10,   4.82E-014, 
 88.20,   3.49E-013, 
 88.30,   3.84E-013, 
 88.40,   3.06E-013, 
 88.50,   2.42E-013, 
 88.60,   1.24E-013, 
 88.70,  -9.27E-014, 
 88.80,   1.43E-014, 
 88.90,   3.57E-014, 
 89.00,   1.05E-013, 
 89.10,   2.78E-013, 
 89.20,   3.08E-013, 
 89.30,   3.03E-013, 
 89.40,   2.01E-013, 
 89.50,   2.47E-013, 
 89.60,  -1.82E-013, 
 89.70,  -2.49E-013, 
 89.80,  -3.18E-013, 
 89.90,   6.42E-014, 
 90.00,   3.12E-014, 
