Aug 11, 2026  03:41:31 PM
Residual Gas Analyzer Software 
Software Version, 3.214.004

Analog Scan Setup:

Data Points in Scan, 891 
Units, Torr 
Noise Floor, 2 
CEM Status, ON 
Points Per AMU, 10
Scan Start Mass, 1, amu 
Scan Stop Mass, 90, amu
Focus Voltage, 90, Volts 
Ion Energy, HIGH 
Electron Energy, 70, eV 
CEM Voltage, 1159, Volts
CEM Gain, 1.01E+003 
Sensitivity Factor, 1.11E-004 
Filament Current, 1.00, mAmps


  1.00,  -1.84E-012, 
  1.10,  -7.97E-013, 
  1.20,  -1.64E-012, 
  1.30,  -5.69E-011, 
  1.40,  -9.27E-011, 
  1.50,  -3.44E-011, 
  1.60,  -1.14E-011, 
  1.70,  -9.58E-012, 
  1.80,  -1.50E-011, 
  1.90,  -1.83E-011, 
  2.00,  -2.33E-011, 
  2.10,  -2.82E-011, 
  2.20,  -3.06E-011, 
  2.30,  -3.41E-011, 
  2.40,  -2.94E-011, 
  2.50,  -9.32E-012, 
  2.60,  -3.51E-012, 
  2.70,  -1.51E-012, 
  2.80,  -2.69E-012, 
  2.90,   7.50E-013, 
  3.00,   3.50E-013, 
  3.10,   1.27E-013, 
  3.20,  -1.15E-013, 
  3.30,  -2.32E-013, 
  3.40,  -4.22E-013, 
  3.50,  -1.21E-013, 
  3.60,   1.46E-012, 
  3.70,   4.31E-012, 
  3.80,   2.76E-012, 
  3.90,  -1.01E-012, 
  4.00,  -4.07E-013, 
  4.10,   7.70E-013, 
  4.20,   9.59E-013, 
  4.30,   2.94E-013, 
  4.40,  -2.83E-012, 
  4.50,   1.12E-012, 
  4.60,   7.89E-013, 
  4.70,   4.75E-013, 
  4.80,   1.32E-013, 
  4.90,   4.28E-014, 
  5.00,   4.01E-014, 
  5.10,   9.27E-014, 
  5.20,  -6.87E-014, 
  5.30,  -9.10E-014, 
  5.40,  -1.18E-013, 
  5.50,  -2.86E-013, 
  5.60,  -2.42E-013, 
  5.70,   5.71E-014, 
  5.80,  -1.26E-013, 
  5.90,  -2.10E-013, 
  6.00,  -1.33E-013, 
  6.10,   6.06E-014, 
  6.20,  -1.21E-013, 
  6.30,  -2.88E-013, 
  6.40,   4.46E-015, 
  6.50,  -2.93E-013, 
  6.60,  -4.50E-013, 
  6.70,  -9.81E-014, 
  6.80,  -1.11E-013, 
  6.90,  -3.66E-013, 
  7.00,  -3.67E-013, 
  7.10,  -1.73E-013, 
  7.20,   1.69E-014, 
  7.30,  -2.10E-013, 
  7.40,   1.78E-014, 
  7.50,  -3.15E-013, 
  7.60,  -9.01E-014, 
  7.70,   5.26E-014, 
  7.80,  -4.46E-015, 
  7.90,  -2.56E-013, 
  8.00,  -1.51E-013, 
  8.10,  -6.60E-014, 
  8.20,  -1.57E-013, 
  8.30,  -1.08E-013, 
  8.40,  -4.37E-014, 
  8.50,   1.37E-013, 
  8.60,  -1.81E-013, 
  8.70,   5.08E-014, 
  8.80,  -1.36E-013, 
  8.90,  -1.34E-013, 
  9.00,  -2.62E-013, 
  9.10,  -3.91E-013, 
  9.20,  -2.68E-013, 
  9.30,  -1.76E-013, 
  9.40,  -1.97E-013, 
  9.50,  -1.62E-013, 
  9.60,  -4.55E-013, 
  9.70,  -1.38E-013, 
  9.80,  -2.81E-013, 
  9.90,  -7.85E-014, 
 10.00,   3.12E-014, 
 10.10,  -1.66E-013, 
 10.20,  -3.33E-013, 
 10.30,   9.81E-015, 
 10.40,   1.69E-013, 
 10.50,   2.38E-013, 
 10.60,  -2.66E-013, 
 10.70,  -2.50E-013, 
 10.80,  -1.78E-015, 
 10.90,   9.27E-014, 
 11.00,   1.75E-013, 
 11.10,   2.85E-014, 
 11.20,  -1.29E-013, 
 11.30,  -2.14E-013, 
 11.40,   1.52E-013, 
 11.50,   4.12E-013, 
 11.60,   4.02E-012, 
 11.70,   3.52E-012, 
 11.80,   1.63E-012, 
 11.90,   3.11E-012, 
 12.00,   4.41E-012, 
 12.10,   4.34E-012, 
 12.20,   3.72E-012, 
 12.30,   2.35E-012, 
 12.40,   8.97E-013, 
 12.50,   3.50E-013, 
 12.60,   4.30E-013, 
 12.70,   9.24E-013, 
 12.80,   2.88E-012, 
 12.90,   3.80E-012, 
 13.00,   3.17E-012, 
 13.10,   2.56E-012, 
 13.20,   2.05E-012, 
 13.30,   2.11E-012, 
 13.40,   3.37E-012, 
 13.50,   1.06E-011, 
 13.60,   4.12E-011, 
 13.70,   7.69E-011, 
 13.80,   9.35E-011, 
 13.90,   1.19E-010, 
 14.00,   1.30E-010, 
 14.10,   1.19E-010, 
 14.20,   8.93E-011, 
 14.30,   4.25E-011, 
 14.40,   1.14E-011, 
 14.50,   8.29E-012, 
 14.60,   8.16E-012, 
 14.70,   1.09E-011, 
 14.80,   1.37E-011, 
 14.90,   1.39E-011, 
 15.00,   1.77E-011, 
 15.10,   1.85E-011, 
 15.20,   1.59E-011, 
 15.30,   1.09E-011, 
 15.40,   5.18E-012, 
 15.50,   5.18E-012, 
 15.60,   1.26E-011, 
 15.70,   1.92E-011, 
 15.80,   2.15E-011, 
 15.90,   2.59E-011, 
 16.00,   2.60E-011, 
 16.10,   2.14E-011, 
 16.20,   1.24E-011, 
 16.30,  -1.86E-012, 
 16.40,  -5.36E-012, 
 16.50,   2.40E-012, 
 16.60,   7.09E-012, 
 16.70,  -4.16E-011, 
 16.80,  -8.28E-011, 
 16.90,  -9.73E-011, 
 17.00,  -1.28E-010, 
 17.10,  -1.46E-010, 
 17.20,  -1.46E-010, 
 17.30,  -1.31E-010, 
 17.40,  -5.06E-011, 
 17.50,   1.33E-011, 
 17.60,   4.06E-011, 
 17.70,  -1.98E-010, 
 17.80,  -3.25E-010, 
 17.90,  -3.66E-010, 
 18.00,  -4.89E-010, 
 18.10,  -5.58E-010, 
 18.20,  -5.81E-010, 
 18.30,  -5.30E-010, 
 18.40,  -1.76E-010, 
 18.50,  -1.34E-011, 
 18.60,  -3.82E-012, 
 18.70,  -1.66E-012, 
 18.80,  -1.10E-012, 
 18.90,  -1.19E-012, 
 19.00,  -9.86E-013, 
 19.10,  -8.11E-013, 
 19.20,  -3.78E-012, 
 19.30,  -2.49E-012, 
 19.40,  -4.21E-013, 
 19.50,   2.20E-012, 
 19.60,   5.59E-012, 
 19.70,   2.88E-012, 
 19.80,  -1.19E-012, 
 19.90,   3.04E-013, 
 20.00,   8.80E-013, 
 20.10,   6.04E-013, 
 20.20,   0.00E+000, 
 20.30,  -1.30E-012, 
 20.40,  -2.52E-012, 
 20.50,  -2.43E-012, 
 20.60,   1.05E-012, 
 20.70,   4.22E-013, 
 20.80,   2.18E-013, 
 20.90,   1.42E-013, 
 21.00,   2.53E-013, 
 21.10,  -1.54E-013, 
 21.20,  -2.25E-013, 
 21.30,   3.57E-014, 
 21.40,  -2.40E-013, 
 21.50,  -3.15E-013, 
 21.60,   2.35E-013, 
 21.70,   3.09E-013, 
 21.80,   1.56E-013, 
 21.90,   4.15E-013, 
 22.00,   3.91E-013, 
 22.10,   5.81E-013, 
 22.20,   2.81E-012, 
 22.30,   1.02E-012, 
 22.40,  -1.79E-012, 
 22.50,  -9.68E-013, 
 22.60,  -4.90E-013, 
 22.70,  -4.46E-014, 
 22.80,   1.96E-013, 
 22.90,  -9.72E-014, 
 23.00,   1.25E-014, 
 23.10,  -2.10E-013, 
 23.20,  -1.79E-013, 
 23.30,  -2.18E-013, 
 23.40,   5.62E-014, 
 23.50,   3.01E-013, 
 23.60,  -2.05E-014, 
 23.70,  -1.22E-013, 
 23.80,  -4.46E-014, 
 23.90,  -1.44E-013, 
 24.00,  -8.47E-014, 
 24.10,   2.68E-015, 
 24.20,  -8.92E-016, 
 24.30,   4.02E-013, 
 24.40,   4.52E-013, 
 24.50,   3.79E-013, 
 24.60,   5.80E-014, 
 24.70,  -6.69E-014, 
 24.80,   1.73E-013, 
 24.90,   9.27E-014, 
 25.00,   1.38E-013, 
 25.10,  -1.57E-013, 
 25.20,  -2.23E-014, 
 25.30,   4.99E-014, 
 25.40,  -4.12E-013, 
 25.50,  -1.41E-013, 
 25.60,  -2.35E-013, 
 25.70,   2.47E-013, 
 25.80,   3.43E-013, 
 25.90,   3.26E-013, 
 26.00,   3.39E-013, 
 26.10,   2.08E-013, 
 26.20,   1.26E-013, 
 26.30,   3.09E-013, 
 26.40,   7.85E-014, 
 26.50,   2.72E-013, 
 26.60,   3.94E-013, 
 26.70,   8.36E-013, 
 26.80,   7.88E-013, 
 26.90,   5.08E-012, 
 27.00,   4.23E-012, 
 27.10,   4.95E-012, 
 27.20,   9.13E-012, 
 27.30,   1.90E-011, 
 27.40,   5.07E-011, 
 27.50,   2.15E-010, 
 27.60,   6.90E-010, 
 27.70,   1.08E-009, 
 27.80,   1.25E-009, 
 27.90,   1.44E-009, 
 28.00,   1.50E-009, 
 28.10,   1.46E-009, 
 28.20,   1.18E-009, 
 28.30,   4.58E-010, 
 28.40,   1.66E-011, 
 28.50,   3.96E-012, 
 28.60,   3.59E-012, 
 28.70,   4.82E-012, 
 28.80,   6.49E-012, 
 28.90,   7.67E-012, 
 29.00,   8.88E-012, 
 29.10,   9.13E-012, 
 29.20,   8.46E-012, 
 29.30,   5.21E-012, 
 29.40,   2.15E-012, 
 29.50,   3.75E-012, 
 29.60,   2.72E-012, 
 29.70,  -2.77E-012, 
 29.80,  -4.85E-012, 
 29.90,  -6.82E-012, 
 30.00,  -9.19E-012, 
 30.10,  -1.09E-011, 
 30.20,  -1.20E-011, 
 30.30,  -1.30E-011, 
 30.40,  -9.03E-012, 
 30.50,  -4.64E-012, 
 30.60,  -4.22E-012, 
 30.70,   1.25E-013, 
 30.80,   6.90E-013, 
 30.90,   2.63E-013, 
 31.00,   4.05E-013, 
 31.10,  -4.46E-015, 
 31.20,   6.69E-014, 
 31.30,   3.30E-013, 
 31.40,   3.05E-012, 
 31.50,   1.48E-012, 
 31.60,   5.98E-012, 
 31.70,   1.19E-011, 
 31.80,   1.23E-011, 
 31.90,   1.34E-011, 
 32.00,   1.15E-011, 
 32.10,   8.40E-012, 
 32.20,   5.28E-012, 
 32.30,  -5.13E-012, 
 32.40,  -8.97E-012, 
 32.50,  -3.25E-012, 
 32.60,  -2.28E-012, 
 32.70,  -3.81E-012, 
 32.80,  -4.18E-013, 
 32.90,   1.18E-012, 
 33.00,   7.04E-013, 
 33.10,   4.01E-013, 
 33.20,   3.80E-013, 
 33.30,   1.95E-013, 
 33.40,   6.24E-014, 
 33.50,  -4.73E-014, 
 33.60,  -8.56E-014, 
 33.70,  -5.53E-014, 
 33.80,  -3.10E-013, 
 33.90,  -5.08E-014, 
 34.00,  -3.83E-013, 
 34.10,   6.60E-014, 
 34.20,  -1.61E-014, 
 34.30,   1.25E-013, 
 34.40,  -5.44E-014, 
 34.50,  -2.33E-013, 
 34.60,  -8.83E-014, 
 34.70,  -9.72E-014, 
 34.80,  -1.61E-013, 
 34.90,  -8.56E-014, 
 35.00,   8.92E-016, 
 35.10,  -1.36E-013, 
 35.20,   4.19E-014, 
 35.30,  -3.48E-014, 
 35.40,   1.03E-013, 
 35.50,  -1.35E-013, 
 35.60,   1.59E-013, 
 35.70,   2.76E-014, 
 35.80,   1.70E-013, 
 35.90,   0.00E+000, 
 36.00,  -6.69E-014, 
 36.10,   4.72E-013, 
 36.20,   2.27E-013, 
 36.30,   2.37E-013, 
 36.40,   1.23E-013, 
 36.50,  -9.36E-014, 
 36.60,  -3.06E-013, 
 36.70,   1.61E-014, 
 36.80,  -1.44E-013, 
 36.90,  -4.82E-014, 
 37.00,  -2.54E-013, 
 37.10,  -2.23E-014, 
 37.20,  -1.14E-013, 
 37.30,   1.69E-014, 
 37.40,  -3.57E-014, 
 37.50,  -2.35E-013, 
 37.60,   1.03E-013, 
 37.70,  -3.75E-014, 
 37.80,   1.97E-013, 
 37.90,   5.26E-014, 
 38.00,  -4.28E-013, 
 38.10,  -3.12E-013, 
 38.20,  -2.32E-014, 
 38.30,   9.01E-014, 
 38.40,   1.11E-013, 
 38.50,  -2.21E-013, 
 38.60,  -1.22E-013, 
 38.70,  -1.40E-013, 
 38.80,   2.26E-013, 
 38.90,   8.29E-014, 
 39.00,   3.54E-013, 
 39.10,   7.93E-013, 
 39.20,   5.28E-013, 
 39.30,   3.43E-012, 
 39.40,   9.32E-013, 
 39.50,   1.34E-012, 
 39.60,   7.78E-012, 
 39.70,   1.50E-011, 
 39.80,   1.78E-011, 
 39.90,   2.09E-011, 
 40.00,   2.13E-011, 
 40.10,   1.85E-011, 
 40.20,   1.13E-011, 
 40.30,  -3.93E-012, 
 40.40,  -6.38E-012, 
 40.50,  -2.10E-012, 
 40.60,  -3.03E-013, 
 40.70,   1.15E-012, 
 40.80,   4.52E-012, 
 40.90,   3.38E-012, 
 41.00,   3.09E-012, 
 41.10,   3.56E-012, 
 41.20,   4.04E-012, 
 41.30,   3.79E-012, 
 41.40,   2.94E-012, 
 41.50,   3.27E-012, 
 41.60,   5.03E-012, 
 41.70,   7.07E-012, 
 41.80,   8.82E-012, 
 41.90,   9.71E-012, 
 42.00,   1.07E-011, 
 42.10,   1.18E-011, 
 42.20,   1.07E-011, 
 42.30,   6.79E-012, 
 42.40,   3.22E-012, 
 42.50,   7.24E-012, 
 42.60,   7.50E-012, 
 42.70,   3.42E-012, 
 42.80,   5.43E-012, 
 42.90,   5.51E-012, 
 43.00,   4.77E-012, 
 43.10,   4.26E-012, 
 43.20,   2.65E-012, 
 43.30,   9.25E-013, 
 43.40,   2.15E-012, 
 43.50,   5.05E-012, 
 43.60,   1.66E-011, 
 43.70,   4.40E-011, 
 43.80,   5.79E-011, 
 43.90,   6.54E-011, 
 44.00,   7.33E-011, 
 44.10,   7.27E-011, 
 44.20,   5.63E-011, 
 44.30,   1.60E-011, 
 44.40,  -1.08E-011, 
 44.50,  -5.34E-012, 
 44.60,  -1.24E-012, 
 44.70,   8.92E-016, 
 44.80,   1.16E-012, 
 44.90,   1.40E-012, 
 45.00,  -3.85E-013, 
 45.10,   2.20E-013, 
 45.20,   3.26E-012, 
 45.30,   2.52E-012, 
 45.40,   4.78E-013, 
 45.50,  -2.13E-012, 
 45.60,  -1.11E-012, 
 45.70,  -7.99E-013, 
 45.80,  -3.24E-013, 
 45.90,  -3.60E-013, 
 46.00,  -2.07E-013, 
 46.10,   1.11E-013, 
 46.20,  -1.53E-013, 
 46.30,   3.09E-013, 
 46.40,   2.84E-013, 
 46.50,   2.09E-013, 
 46.60,   9.27E-014, 
 46.70,  -2.50E-014, 
 46.80,   7.58E-014, 
 46.90,   1.29E-013, 
 47.00,  -4.19E-014, 
 47.10,  -7.04E-014, 
 47.20,  -9.99E-014, 
 47.30,   2.35E-013, 
 47.40,   1.47E-013, 
 47.50,   2.32E-014, 
 47.60,  -9.10E-014, 
 47.70,   3.83E-014, 
 47.80,   3.19E-013, 
 47.90,  -2.76E-014, 
 48.00,  -3.75E-014, 
 48.10,  -7.58E-014, 
 48.20,  -2.97E-013, 
 48.30,  -4.77E-013, 
 48.40,  -5.15E-013, 
 48.50,   1.68E-013, 
 48.60,   6.69E-014, 
 48.70,  -2.05E-014, 
 48.80,   4.55E-014, 
 48.90,   1.77E-013, 
 49.00,   3.02E-013, 
 49.10,   3.30E-014, 
 49.20,  -3.30E-014, 
 49.30,  -1.27E-013, 
 49.40,  -3.46E-013, 
 49.50,  -2.51E-013, 
 49.60,  -3.83E-014, 
 49.70,  -5.17E-014, 
 49.80,   7.67E-014, 
 49.90,   3.04E-013, 
 50.00,   2.15E-013, 
 50.10,  -1.06E-013, 
 50.20,  -2.03E-013, 
 50.30,  -3.27E-013, 
 50.40,   6.06E-014, 
 50.50,  -1.57E-013, 
 50.60,   2.75E-013, 
 50.70,  -1.78E-015, 
 50.80,   1.22E-013, 
 50.90,   4.46E-014, 
 51.00,   6.60E-014, 
 51.10,   4.46E-015, 
 51.20,   2.27E-013, 
 51.30,   1.80E-013, 
 51.40,   6.87E-014, 
 51.50,  -8.03E-014, 
 51.60,  -1.11E-013, 
 51.70,  -1.22E-013, 
 51.80,  -2.51E-013, 
 51.90,  -7.58E-014, 
 52.00,  -2.34E-013, 
 52.10,  -2.18E-013, 
 52.20,   1.20E-013, 
 52.30,   1.23E-013, 
 52.40,   5.08E-014, 
 52.50,  -1.26E-013, 
 52.60,  -2.88E-013, 
 52.70,  -1.78E-013, 
 52.80,  -4.19E-014, 
 52.90,   2.41E-014, 
 53.00,  -3.02E-013, 
 53.10,  -4.51E-013, 
 53.20,   3.48E-014, 
 53.30,   5.32E-013, 
 53.40,   2.74E-013, 
 53.50,   4.38E-013, 
 53.60,   1.43E-014, 
 53.70,  -1.48E-013, 
 53.80,   1.49E-013, 
 53.90,   1.61E-013, 
 54.00,  -1.81E-013, 
 54.10,   8.83E-014, 
 54.20,   7.22E-014, 
 54.30,  -2.77E-013, 
 54.40,  -7.58E-014, 
 54.50,  -1.68E-013, 
 54.60,   1.96E-014, 
 54.70,   2.43E-013, 
 54.80,   5.02E-013, 
 54.90,   5.44E-014, 
 55.00,  -1.25E-013, 
 55.10,  -3.57E-014, 
 55.20,  -8.47E-014, 
 55.30,   3.42E-013, 
 55.40,   2.62E-013, 
 55.50,  -9.90E-014, 
 55.60,  -1.68E-013, 
 55.70,  -7.49E-014, 
 55.80,   2.26E-013, 
 55.90,   1.61E-014, 
 56.00,   4.55E-014, 
 56.10,   1.10E-013, 
 56.20,   1.40E-013, 
 56.30,  -1.78E-013, 
 56.40,   1.56E-013, 
 56.50,  -1.52E-014, 
 56.60,   1.68E-013, 
 56.70,   1.41E-013, 
 56.80,   7.94E-014, 
 56.90,  -1.68E-013, 
 57.00,  -2.10E-013, 
 57.10,  -2.78E-013, 
 57.20,  -2.04E-013, 
 57.30,   6.24E-015, 
 57.40,  -1.94E-013, 
 57.50,   1.18E-013, 
 57.60,   3.48E-013, 
 57.70,   1.74E-013, 
 57.80,  -1.14E-013, 
 57.90,  -1.61E-014, 
 58.00,  -1.36E-013, 
 58.10,  -1.92E-013, 
 58.20,  -7.85E-014, 
 58.30,  -8.83E-014, 
 58.40,  -9.54E-014, 
 58.50,  -7.76E-014, 
 58.60,  -3.39E-014, 
 58.70,  -6.15E-014, 
 58.80,  -1.87E-014, 
 58.90,  -1.61E-014, 
 59.00,   9.19E-014, 
 59.10,   2.57E-013, 
 59.20,   6.24E-014, 
 59.30,  -7.22E-014, 
 59.40,   3.63E-013, 
 59.50,   2.56E-013, 
 59.60,   7.85E-014, 
 59.70,  -1.25E-013, 
 59.80,  -6.78E-014, 
 59.90,   1.11E-013, 
 60.00,   2.91E-013, 
 60.10,   2.69E-013, 
 60.20,   3.71E-013, 
 60.30,  -3.57E-014, 
 60.40,  -3.23E-013, 
 60.50,  -1.12E-013, 
 60.60,  -2.06E-013, 
 60.70,  -1.67E-013, 
 60.80,  -1.10E-013, 
 60.90,   1.97E-013, 
 61.00,   6.15E-014, 
 61.10,   1.84E-013, 
 61.20,  -2.59E-014, 
 61.30,  -7.40E-014, 
 61.40,  -1.57E-013, 
 61.50,  -1.46E-013, 
 61.60,  -1.94E-013, 
 61.70,  -1.87E-013, 
 61.80,  -8.92E-016, 
 61.90,  -6.96E-014, 
 62.00,  -1.07E-014, 
 62.10,  -2.27E-013, 
 62.20,   2.11E-013, 
 62.30,   1.94E-013, 
 62.40,   3.58E-013, 
 62.50,   2.31E-013, 
 62.60,   1.95E-013, 
 62.70,  -1.56E-013, 
 62.80,  -2.97E-013, 
 62.90,  -1.28E-013, 
 63.00,   4.73E-014, 
 63.10,   9.81E-014, 
 63.20,  -8.92E-016, 
 63.30,  -3.89E-013, 
 63.40,  -1.77E-013, 
 63.50,   1.50E-013, 
 63.60,   2.15E-013, 
 63.70,  -1.19E-013, 
 63.80,  -2.85E-014, 
 63.90,   5.71E-014, 
 64.00,   6.78E-014, 
 64.10,  -9.01E-014, 
 64.20,  -6.24E-014, 
 64.30,   1.26E-013, 
 64.40,   3.35E-013, 
 64.50,   8.29E-014, 
 64.60,  -9.10E-014, 
 64.70,   1.25E-013, 
 64.80,   3.74E-013, 
 64.90,   3.09E-013, 
 65.00,   9.81E-015, 
 65.10,   3.30E-013, 
 65.20,   3.75E-013, 
 65.30,   2.25E-013, 
 65.40,  -2.29E-013, 
 65.50,  -8.92E-016, 
 65.60,  -2.05E-014, 
 65.70,  -1.23E-013, 
 65.80,  -3.34E-013, 
 65.90,   7.40E-014, 
 66.00,  -5.80E-014, 
 66.10,  -2.55E-013, 
 66.20,   2.28E-013, 
 66.30,   9.45E-014, 
 66.40,  -4.73E-014, 
 66.50,  -5.89E-014, 
 66.60,   1.77E-013, 
 66.70,  -1.40E-013, 
 66.80,  -7.94E-014, 
 66.90,  -1.07E-014, 
 67.00,   1.91E-013, 
 67.10,  -2.50E-014, 
 67.20,  -5.62E-014, 
 67.30,  -1.72E-013, 
 67.40,  -2.50E-014, 
 67.50,   3.08E-013, 
 67.60,   8.29E-014, 
 67.70,  -1.37E-013, 
 67.80,   7.13E-015, 
 67.90,   3.38E-013, 
 68.00,   1.36E-013, 
 68.10,  -4.90E-014, 
 68.20,   2.72E-013, 
 68.30,  -9.72E-014, 
 68.40,  -1.69E-013, 
 68.50,   1.09E-013, 
 68.60,  -1.56E-013, 
 68.70,  -5.17E-014, 
 68.80,   7.67E-014, 
 68.90,   3.66E-014, 
 69.00,   2.34E-013, 
 69.10,   1.72E-013, 
 69.20,   6.96E-014, 
 69.30,  -9.19E-014, 
 69.40,   7.94E-014, 
 69.50,   2.22E-013, 
 69.60,  -4.10E-014, 
 69.70,  -1.07E-013, 
 69.80,  -1.89E-013, 
 69.90,   5.62E-014, 
 70.00,  -1.66E-013, 
 70.10,   4.10E-014, 
 70.20,  -5.97E-014, 
 70.30,  -3.75E-014, 
 70.40,   4.99E-014, 
 70.50,   3.92E-013, 
 70.60,   4.19E-013, 
 70.70,   4.45E-013, 
 70.80,   3.56E-013, 
 70.90,   2.44E-013, 
 71.00,   2.26E-013, 
 71.10,   6.24E-015, 
 71.20,   4.82E-014, 
 71.30,   2.07E-013, 
 71.40,   3.12E-013, 
 71.50,   3.66E-014, 
 71.60,  -2.94E-014, 
 71.70,  -1.32E-013, 
 71.80,   2.49E-013, 
 71.90,   3.79E-013, 
 72.00,  -2.14E-014, 
 72.10,   7.31E-014, 
 72.20,   1.79E-013, 
 72.30,   3.35E-013, 
 72.40,  -3.16E-013, 
 72.50,  -1.68E-013, 
 72.60,  -1.22E-013, 
 72.70,   1.47E-013, 
 72.80,   3.31E-013, 
 72.90,   1.35E-013, 
 73.00,  -4.46E-014, 
 73.10,   9.99E-014, 
 73.20,   7.67E-014, 
 73.30,   2.80E-013, 
 73.40,   1.62E-013, 
 73.50,  -5.26E-014, 
 73.60,  -1.86E-013, 
 73.70,   6.33E-014, 
 73.80,  -2.61E-013, 
 73.90,  -1.20E-013, 
 74.00,  -9.01E-014, 
 74.10,   1.25E-014, 
 74.20,  -2.68E-014, 
 74.30,   9.45E-014, 
 74.40,   2.13E-013, 
 74.50,   2.53E-013, 
 74.60,   1.42E-013, 
 74.70,   5.08E-014, 
 74.80,   1.30E-013, 
 74.90,   1.55E-013, 
 75.00,   1.78E-015, 
 75.10,   6.15E-014, 
 75.20,   2.03E-013, 
 75.30,   2.92E-013, 
 75.40,   3.42E-013, 
 75.50,   2.92E-013, 
 75.60,   3.39E-014, 
 75.70,  -4.29E-013, 
 75.80,  -1.49E-013, 
 75.90,  -4.46E-014, 
 76.00,  -3.21E-014, 
 76.10,  -4.29E-013, 
 76.20,  -1.08E-013, 
 76.30,   5.15E-013, 
 76.40,   3.99E-013, 
 76.50,   1.81E-013, 
 76.60,   1.52E-013, 
 76.70,  -3.60E-013, 
 76.80,  -3.64E-013, 
 76.90,  -1.25E-014, 
 77.00,   2.79E-013, 
 77.10,   7.49E-014, 
 77.20,  -9.81E-014, 
 77.30,  -1.25E-014, 
 77.40,   8.20E-014, 
 77.50,   3.57E-015, 
 77.60,   3.75E-014, 
 77.70,   1.52E-013, 
 77.80,   1.24E-013, 
 77.90,  -1.06E-013, 
 78.00,  -2.16E-013, 
 78.10,  -1.38E-013, 
 78.20,   1.43E-013, 
 78.30,   3.17E-013, 
 78.40,   6.07E-013, 
 78.50,   2.44E-013, 
 78.60,  -4.90E-014, 
 78.70,   2.23E-014, 
 78.80,  -2.13E-013, 
 78.90,  -1.30E-013, 
 79.00,   1.01E-013, 
 79.10,   8.38E-014, 
 79.20,  -7.76E-014, 
 79.30,  -3.30E-014, 
 79.40,  -2.41E-014, 
 79.50,  -1.03E-013, 
 79.60,   7.58E-014, 
 79.70,   4.07E-013, 
 79.80,   2.99E-012, 
 79.90,   3.64E-012, 
 80.00,   2.53E-012, 
 80.10,   2.22E-012, 
 80.20,   2.34E-012, 
 80.30,   2.18E-012, 
 80.40,   1.93E-013, 
 80.50,  -1.59E-012, 
 80.60,  -5.55E-013, 
 80.70,  -3.15E-013, 
 80.80,  -1.40E-013, 
 80.90,  -6.78E-014, 
 81.00,   9.81E-014, 
 81.10,   4.28E-014, 
 81.20,   2.93E-013, 
 81.30,   3.44E-013, 
 81.40,   1.27E-013, 
 81.50,   2.90E-013, 
 81.60,   5.79E-013, 
 81.70,   5.21E-012, 
 81.80,   5.90E-012, 
 81.90,   7.04E-012, 
 82.00,   9.38E-012, 
 82.10,   1.15E-011, 
 82.20,   1.28E-011, 
 82.30,   1.02E-011, 
 82.40,   6.11E-012, 
 82.50,   3.20E-012, 
 82.60,   2.19E-012, 
 82.70,   2.68E-012, 
 82.80,   4.51E-012, 
 82.90,   6.59E-012, 
 83.00,   9.14E-012, 
 83.10,   1.20E-011, 
 83.20,   1.38E-011, 
 83.30,   1.18E-011, 
 83.40,   7.48E-012, 
 83.50,   4.73E-012, 
 83.60,   4.38E-012, 
 83.70,   8.81E-012, 
 83.80,   2.35E-011, 
 83.90,   3.37E-011, 
 84.00,   4.57E-011, 
 84.10,   5.95E-011, 
 84.20,   6.44E-011, 
 84.30,   4.36E-011, 
 84.40,   1.92E-011, 
 84.50,   7.20E-012, 
 84.60,   3.17E-012, 
 84.70,   1.81E-012, 
 84.80,  -1.87E-012, 
 84.90,  -6.99E-013, 
 85.00,  -4.52E-013, 
 85.10,  -2.19E-013, 
 85.20,   4.03E-013, 
 85.30,   5.49E-013, 
 85.40,   1.76E-013, 
 85.50,   3.09E-013, 
 85.60,   5.19E-013, 
 85.70,   5.50E-012, 
 85.80,   7.52E-012, 
 85.90,   9.62E-012, 
 86.00,   1.17E-011, 
 86.10,   1.50E-011, 
 86.20,   1.80E-011, 
 86.30,   1.48E-011, 
 86.40,   8.56E-012, 
 86.50,   3.87E-012, 
 86.60,   2.02E-012, 
 86.70,  -1.72E-012, 
 86.80,  -1.32E-012, 
 86.90,  -7.04E-013, 
 87.00,  -3.60E-013, 
 87.10,   3.39E-014, 
 87.20,   3.35E-013, 
 87.30,   2.04E-013, 
 87.40,   3.75E-014, 
 87.50,   8.38E-014, 
 87.60,   2.09E-013, 
 87.70,  -4.28E-014, 
 87.80,  -8.83E-014, 
 87.90,  -1.12E-013, 
 88.00,  -2.15E-013, 
 88.10,  -1.74E-013, 
 88.20,   2.91E-013, 
 88.30,   1.83E-013, 
 88.40,  -4.82E-014, 
 88.50,   5.97E-014, 
 88.60,   7.76E-014, 
 88.70,  -2.54E-013, 
 88.80,  -2.92E-013, 
 88.90,  -1.11E-013, 
 89.00,  -1.64E-013, 
 89.10,   1.92E-013, 
 89.20,  -4.10E-014, 
 89.30,   5.08E-014, 
 89.40,  -1.54E-013, 
 89.50,   2.47E-013, 
 89.60,  -1.61E-013, 
 89.70,  -3.20E-013, 
 89.80,  -1.12E-013, 
 89.90,   1.78E-015, 
 90.00,  -1.42E-013, 
