Aug 12, 2026  05:14:42 PM
Residual Gas Analyzer Software 
Software Version, 3.214.004

Analog Scan Setup:

Data Points in Scan, 891 
Units, Torr 
Noise Floor, 2 
CEM Status, ON 
Points Per AMU, 10
Scan Start Mass, 1, amu 
Scan Stop Mass, 90, amu
Focus Voltage, 90, Volts 
Ion Energy, HIGH 
Electron Energy, 70, eV 
CEM Voltage, 1159, Volts
CEM Gain, 1.01E+003 
Sensitivity Factor, 1.11E-004 
Filament Current, 1.00, mAmps


  1.00,   5.49E-013, 
  1.10,   2.20E-013, 
  1.20,  -1.90E-012, 
  1.30,  -5.94E-011, 
  1.40,  -1.06E-010, 
  1.50,  -4.54E-011, 
  1.60,   3.47E-012, 
  1.70,   1.74E-011, 
  1.80,   2.54E-011, 
  1.90,   2.93E-011, 
  2.00,   3.34E-011, 
  2.10,   3.31E-011, 
  2.20,   3.24E-011, 
  2.30,   2.89E-011, 
  2.40,   1.61E-011, 
  2.50,   2.20E-012, 
  2.60,   7.37E-013, 
  2.70,   5.35E-015, 
  2.80,   6.15E-014, 
  2.90,  -6.47E-013, 
  3.00,   6.78E-014, 
  3.10,   1.69E-014, 
  3.20,  -1.96E-014, 
  3.30,   8.56E-014, 
  3.40,   1.15E-013, 
  3.50,   1.36E-013, 
  3.60,   1.82E-013, 
  3.70,   3.17E-012, 
  3.80,   3.82E-012, 
  3.90,   3.66E-012, 
  4.00,   3.97E-012, 
  4.10,   2.50E-012, 
  4.20,   2.70E-012, 
  4.30,   3.46E-012, 
  4.40,   5.64E-012, 
  4.50,   2.43E-012, 
  4.60,  -1.12E-012, 
  4.70,  -6.73E-013, 
  4.80,  -2.68E-013, 
  4.90,  -6.96E-014, 
  5.00,   3.12E-014, 
  5.10,  -3.12E-014, 
  5.20,   1.26E-013, 
  5.30,   5.80E-014, 
  5.40,   3.12E-014, 
  5.50,  -2.44E-013, 
  5.60,  -1.21E-013, 
  5.70,  -6.69E-014, 
  5.80,  -1.25E-013, 
  5.90,  -4.37E-014, 
  6.00,  -1.15E-013, 
  6.10,  -1.67E-013, 
  6.20,  -1.19E-013, 
  6.30,   2.85E-014, 
  6.40,   1.87E-014, 
  6.50,   1.83E-013, 
  6.60,   2.18E-013, 
  6.70,   3.71E-013, 
  6.80,   1.29E-013, 
  6.90,   2.09E-013, 
  7.00,  -1.34E-014, 
  7.10,  -5.44E-014, 
  7.20,  -1.25E-013, 
  7.30,  -2.54E-013, 
  7.40,  -1.37E-013, 
  7.50,  -1.11E-013, 
  7.60,  -9.01E-014, 
  7.70,   2.29E-013, 
  7.80,   2.67E-013, 
  7.90,   1.94E-013, 
  8.00,  -1.87E-014, 
  8.10,  -1.33E-013, 
  8.20,   2.05E-014, 
  8.30,   2.62E-013, 
  8.40,   1.02E-013, 
  8.50,   1.47E-013, 
  8.60,   8.92E-014, 
  8.70,   2.20E-013, 
  8.80,  -5.97E-014, 
  8.90,  -2.41E-013, 
  9.00,  -2.59E-014, 
  9.10,   1.54E-013, 
  9.20,   1.36E-013, 
  9.30,  -1.99E-013, 
  9.40,   1.84E-013, 
  9.50,   3.05E-013, 
  9.60,  -5.53E-014, 
  9.70,  -1.69E-013, 
  9.80,  -3.92E-014, 
  9.90,  -4.64E-014, 
 10.00,  -8.65E-014, 
 10.10,  -8.03E-015, 
 10.20,   1.28E-013, 
 10.30,   1.87E-013, 
 10.40,   2.32E-014, 
 10.50,  -2.50E-014, 
 10.60,   3.12E-014, 
 10.70,  -4.19E-014, 
 10.80,  -9.81E-014, 
 10.90,  -8.03E-014, 
 11.00,  -2.07E-013, 
 11.10,   2.59E-013, 
 11.20,   4.46E-013, 
 11.30,   3.95E-013, 
 11.40,   6.10E-013, 
 11.50,   3.12E-012, 
 11.60,   5.83E-012, 
 11.70,   1.33E-011, 
 11.80,   2.29E-011, 
 11.90,   3.16E-011, 
 12.00,   3.80E-011, 
 12.10,   4.44E-011, 
 12.20,   4.30E-011, 
 12.30,   3.34E-011, 
 12.40,   1.98E-011, 
 12.50,   7.65E-012, 
 12.60,   3.59E-012, 
 12.70,   2.27E-012, 
 12.80,  -1.12E-013, 
 12.90,  -1.19E-012, 
 13.00,  -1.72E-013, 
 13.10,   1.89E-013, 
 13.20,   1.65E-012, 
 13.30,   3.76E-012, 
 13.40,   2.35E-012, 
 13.50,   2.39E-012, 
 13.60,   5.27E-012, 
 13.70,   1.56E-011, 
 13.80,   2.74E-011, 
 13.90,   3.41E-011, 
 14.00,   4.44E-011, 
 14.10,   4.96E-011, 
 14.20,   4.70E-011, 
 14.30,   3.71E-011, 
 14.40,   1.80E-011, 
 14.50,   8.70E-012, 
 14.60,   4.21E-012, 
 14.70,   2.87E-012, 
 14.80,   2.29E-012, 
 14.90,  -6.64E-013, 
 15.00,  -2.56E-013, 
 15.10,   1.16E-012, 
 15.20,   2.09E-012, 
 15.30,   1.57E-012, 
 15.40,   1.32E-012, 
 15.50,   3.30E-012, 
 15.60,   1.44E-011, 
 15.70,   3.98E-011, 
 15.80,   6.43E-011, 
 15.90,   8.10E-011, 
 16.00,   9.60E-011, 
 16.10,   1.00E-010, 
 16.20,   8.74E-011, 
 16.30,   6.16E-011, 
 16.40,   1.67E-011, 
 16.50,   1.49E-012, 
 16.60,  -1.10E-011, 
 16.70,  -5.36E-011, 
 16.80,  -8.47E-011, 
 16.90,  -9.60E-011, 
 17.00,  -1.19E-010, 
 17.10,  -1.27E-010, 
 17.20,  -1.17E-010, 
 17.30,  -9.49E-011, 
 17.40,  -3.45E-011, 
 17.50,  -1.40E-011, 
 17.60,  -6.49E-011, 
 17.70,  -2.13E-010, 
 17.80,  -3.03E-010, 
 17.90,  -3.52E-010, 
 18.00,  -4.44E-010, 
 18.10,  -4.65E-010, 
 18.20,  -4.44E-010, 
 18.30,  -3.43E-010, 
 18.40,  -8.87E-011, 
 18.50,  -5.55E-012, 
 18.60,  -1.59E-012, 
 18.70,  -3.09E-013, 
 18.80,  -9.10E-014, 
 18.90,   1.34E-014, 
 19.00,  -2.52E-013, 
 19.10,  -5.82E-013, 
 19.20,  -3.88E-013, 
 19.30,  -2.41E-014, 
 19.40,  -1.16E-012, 
 19.50,   6.13E-013, 
 19.60,   4.00E-013, 
 19.70,   7.37E-013, 
 19.80,   8.42E-013, 
 19.90,   1.34E-012, 
 20.00,   7.55E-013, 
 20.10,   5.30E-013, 
 20.20,  -1.36E-013, 
 20.30,  -1.60E-013, 
 20.40,  -6.59E-013, 
 20.50,  -1.69E-013, 
 20.60,   4.29E-013, 
 20.70,  -4.73E-014, 
 20.80,  -6.69E-014, 
 20.90,  -2.09E-013, 
 21.00,  -2.13E-013, 
 21.10,  -8.47E-014, 
 21.20,  -9.27E-014, 
 21.30,  -3.85E-013, 
 21.40,  -2.01E-013, 
 21.50,   2.41E-014, 
 21.60,   1.83E-013, 
 21.70,   4.79E-012, 
 21.80,   4.61E-012, 
 21.90,   4.61E-012, 
 22.00,   4.92E-012, 
 22.10,   5.42E-012, 
 22.20,   5.23E-012, 
 22.30,   4.63E-012, 
 22.40,   3.10E-012, 
 22.50,   1.15E-012, 
 22.60,  -1.62E-012, 
 22.70,  -8.22E-013, 
 22.80,  -4.58E-013, 
 22.90,  -1.52E-014, 
 23.00,  -7.13E-015, 
 23.10,   6.69E-014, 
 23.20,   2.47E-013, 
 23.30,  -1.46E-013, 
 23.40,   1.87E-014, 
 23.50,  -2.27E-013, 
 23.60,  -5.35E-014, 
 23.70,   3.03E-013, 
 23.80,   3.60E-013, 
 23.90,   2.92E-013, 
 24.00,  -1.13E-013, 
 24.10,   1.13E-013, 
 24.20,   5.56E-013, 
 24.30,   4.73E-013, 
 24.40,   4.58E-013, 
 24.50,   2.34E-013, 
 24.60,   4.00E-013, 
 24.70,   4.16E-013, 
 24.80,   6.29E-013, 
 24.90,   3.84E-013, 
 25.00,   3.35E-013, 
 25.10,   3.21E-013, 
 25.20,   5.17E-014, 
 25.30,   2.47E-013, 
 25.40,   3.10E-013, 
 25.50,  -1.45E-013, 
 25.60,   5.44E-014, 
 25.70,   2.59E-013, 
 25.80,   5.33E-013, 
 25.90,   6.42E-013, 
 26.00,   9.45E-013, 
 26.10,   4.06E-012, 
 26.20,   2.90E-012, 
 26.30,   1.95E-012, 
 26.40,   5.07E-013, 
 26.50,  -1.46E-012, 
 26.60,  -3.22E-013, 
 26.70,   4.75E-013, 
 26.80,   3.73E-012, 
 26.90,   4.27E-012, 
 27.00,   4.19E-012, 
 27.10,   5.09E-012, 
 27.20,   6.04E-012, 
 27.30,   8.32E-012, 
 27.40,   1.38E-011, 
 27.50,   3.37E-011, 
 27.60,   1.58E-010, 
 27.70,   4.30E-010, 
 27.80,   5.56E-010, 
 27.90,   6.62E-010, 
 28.00,   7.43E-010, 
 28.10,   7.78E-010, 
 28.20,   7.25E-010, 
 28.30,   5.08E-010, 
 28.40,   9.72E-011, 
 28.50,   1.10E-011, 
 28.60,   4.96E-012, 
 28.70,   5.94E-012, 
 28.80,   5.47E-012, 
 28.90,   5.20E-012, 
 29.00,   5.44E-012, 
 29.10,   2.48E-012, 
 29.20,   4.13E-012, 
 29.30,   5.13E-012, 
 29.40,   5.80E-012, 
 29.50,   2.98E-012, 
 29.60,   2.12E-012, 
 29.70,   8.92E-016, 
 29.80,   8.05E-013, 
 29.90,   2.36E-012, 
 30.00,   3.53E-012, 
 30.10,   4.23E-012, 
 30.20,   4.52E-012, 
 30.30,   3.74E-012, 
 30.40,   1.66E-012, 
 30.50,   1.01E-012, 
 30.60,   4.83E-013, 
 30.70,  -7.04E-014, 
 30.80,   1.33E-013, 
 30.90,   2.64E-013, 
 31.00,   3.42E-013, 
 31.10,  -2.68E-014, 
 31.20,  -3.54E-013, 
 31.30,  -6.60E-014, 
 31.40,   1.59E-012, 
 31.50,   4.50E-013, 
 31.60,   1.11E-012, 
 31.70,   4.81E-012, 
 31.80,   7.13E-012, 
 31.90,   9.19E-012, 
 32.00,   1.02E-011, 
 32.10,   1.02E-011, 
 32.20,   8.66E-012, 
 32.30,   6.29E-012, 
 32.40,   7.10E-013, 
 32.50,  -5.35E-015, 
 32.60,  -1.25E-014, 
 32.70,  -1.88E-012, 
 32.80,   1.10E-012, 
 32.90,   2.28E-013, 
 33.00,   1.85E-013, 
 33.10,   8.20E-014, 
 33.20,   2.51E-013, 
 33.30,   4.24E-013, 
 33.40,   2.18E-013, 
 33.50,  -7.13E-015, 
 33.60,  -8.38E-014, 
 33.70,  -2.23E-014, 
 33.80,  -7.31E-014, 
 33.90,  -1.95E-013, 
 34.00,  -1.78E-014, 
 34.10,  -1.16E-014, 
 34.20,  -4.73E-013, 
 34.30,  -4.19E-013, 
 34.40,  -6.29E-013, 
 34.50,  -1.20E-013, 
 34.60,   2.84E-013, 
 34.70,   3.48E-014, 
 34.80,  -2.04E-013, 
 34.90,  -1.32E-013, 
 35.00,  -7.04E-014, 
 35.10,   9.01E-014, 
 35.20,   4.19E-014, 
 35.30,  -1.21E-013, 
 35.40,  -1.11E-013, 
 35.50,  -6.60E-014, 
 35.60,   2.07E-013, 
 35.70,   3.16E-013, 
 35.80,   2.35E-013, 
 35.90,   5.05E-013, 
 36.00,   3.58E-013, 
 36.10,  -4.19E-014, 
 36.20,   1.83E-013, 
 36.30,   2.46E-013, 
 36.40,  -2.68E-014, 
 36.50,  -3.36E-013, 
 36.60,  -9.45E-014, 
 36.70,   2.93E-013, 
 36.80,   1.69E-013, 
 36.90,   3.44E-013, 
 37.00,   2.81E-012, 
 37.10,   3.09E-012, 
 37.20,   1.95E-012, 
 37.30,   1.30E-012, 
 37.40,  -1.66E-012, 
 37.50,  -7.46E-013, 
 37.60,  -3.45E-013, 
 37.70,   1.58E-013, 
 37.80,   2.51E-013, 
 37.90,   2.37E-013, 
 38.00,   3.77E-013, 
 38.10,   3.13E-012, 
 38.20,   3.36E-012, 
 38.30,   2.35E-012, 
 38.40,   1.70E-012, 
 38.50,  -1.84E-012, 
 38.60,  -1.11E-012, 
 38.70,   5.17E-014, 
 38.80,   4.17E-012, 
 38.90,   4.34E-012, 
 39.00,   4.50E-012, 
 39.10,   5.00E-012, 
 39.20,   5.60E-012, 
 39.30,   5.57E-012, 
 39.40,   1.46E-012, 
 39.50,   7.89E-013, 
 39.60,   2.84E-012, 
 39.70,   6.81E-012, 
 39.80,   7.09E-012, 
 39.90,   7.91E-012, 
 40.00,   9.51E-012, 
 40.10,   9.00E-012, 
 40.20,   8.10E-012, 
 40.30,   1.98E-012, 
 40.40,  -1.10E-013, 
 40.50,   1.13E-013, 
 40.60,   4.07E-013, 
 40.70,   1.36E-012, 
 40.80,   5.45E-012, 
 40.90,   4.82E-012, 
 41.00,   5.44E-012, 
 41.10,   6.29E-012, 
 41.20,   7.21E-012, 
 41.30,   7.39E-012, 
 41.40,   5.55E-012, 
 41.50,   2.90E-012, 
 41.60,   1.09E-012, 
 41.70,  -1.29E-012, 
 41.80,   2.07E-012, 
 41.90,   4.86E-012, 
 42.00,   4.46E-012, 
 42.10,   4.64E-012, 
 42.20,   5.03E-012, 
 42.30,   4.64E-012, 
 42.40,   3.61E-012, 
 42.50,   2.30E-012, 
 42.60,   1.06E-012, 
 42.70,  -1.47E-012, 
 42.80,  -2.97E-013, 
 42.90,   4.09E-013, 
 43.00,   3.99E-012, 
 43.10,   4.68E-012, 
 43.20,   5.92E-012, 
 43.30,   8.80E-012, 
 43.40,   1.39E-011, 
 43.50,   2.71E-011, 
 43.60,   8.57E-011, 
 43.70,   2.73E-010, 
 43.80,   3.77E-010, 
 43.90,   4.53E-010, 
 44.00,   5.53E-010, 
 44.10,   6.07E-010, 
 44.20,   5.82E-010, 
 44.30,   3.71E-010, 
 44.40,   7.57E-011, 
 44.50,   1.37E-011, 
 44.60,   6.92E-012, 
 44.70,   5.95E-012, 
 44.80,   5.23E-012, 
 44.90,   5.05E-012, 
 45.00,   5.54E-012, 
 45.10,   6.17E-012, 
 45.20,   6.54E-012, 
 45.30,   5.89E-012, 
 45.40,   3.88E-012, 
 45.50,   2.13E-012, 
 45.60,  -1.57E-012, 
 45.70,  -6.54E-013, 
 45.80,   1.36E-013, 
 45.90,   3.08E-012, 
 46.00,   3.51E-012, 
 46.10,   2.53E-012, 
 46.20,   2.45E-012, 
 46.30,   2.05E-012, 
 46.40,   9.13E-013, 
 46.50,  -1.52E-012, 
 46.60,  -6.20E-013, 
 46.70,  -2.76E-013, 
 46.80,  -8.92E-015, 
 46.90,   1.28E-013, 
 47.00,   1.52E-013, 
 47.10,   1.39E-013, 
 47.20,   9.45E-014, 
 47.30,   2.69E-013, 
 47.40,   7.85E-014, 
 47.50,   2.51E-013, 
 47.60,   1.48E-013, 
 47.70,   1.57E-013, 
 47.80,   1.30E-013, 
 47.90,   6.15E-014, 
 48.00,  -4.55E-014, 
 48.10,  -6.51E-014, 
 48.20,  -2.08E-013, 
 48.30,   1.26E-013, 
 48.40,  -3.92E-014, 
 48.50,  -9.19E-014, 
 48.60,   1.28E-013, 
 48.70,  -1.84E-013, 
 48.80,  -1.14E-013, 
 48.90,  -1.29E-013, 
 49.00,  -2.46E-013, 
 49.10,   4.28E-014, 
 49.20,  -1.07E-014, 
 49.30,   5.62E-014, 
 49.40,  -4.28E-014, 
 49.50,   1.01E-013, 
 49.60,   2.10E-013, 
 49.70,   1.34E-013, 
 49.80,   7.85E-014, 
 49.90,   6.24E-014, 
 50.00,  -1.43E-014, 
 50.10,  -6.51E-014, 
 50.20,   5.97E-014, 
 50.30,   1.80E-013, 
 50.40,  -2.39E-013, 
 50.50,   9.72E-014, 
 50.60,   2.18E-013, 
 50.70,   1.18E-013, 
 50.80,  -1.43E-014, 
 50.90,   1.64E-013, 
 51.00,  -1.90E-013, 
 51.10,  -2.65E-013, 
 51.20,   1.85E-013, 
 51.30,   2.78E-013, 
 51.40,  -1.52E-014, 
 51.50,  -1.55E-013, 
 51.60,   4.55E-014, 
 51.70,  -9.90E-014, 
 51.80,   1.36E-013, 
 51.90,   5.44E-014, 
 52.00,  -3.30E-014, 
 52.10,  -2.30E-013, 
 52.20,   2.68E-014, 
 52.30,  -2.10E-013, 
 52.40,  -1.83E-013, 
 52.50,  -1.25E-014, 
 52.60,  -3.76E-013, 
 52.70,   5.89E-014, 
 52.80,   1.79E-013, 
 52.90,   1.34E-013, 
 53.00,   4.10E-014, 
 53.10,  -4.01E-014, 
 53.20,  -4.46E-014, 
 53.30,  -1.15E-013, 
 53.40,  -4.82E-014, 
 53.50,  -2.15E-013, 
 53.60,  -3.83E-014, 
 53.70,   1.24E-013, 
 53.80,   9.54E-014, 
 53.90,   1.98E-013, 
 54.00,   1.14E-013, 
 54.10,   2.35E-013, 
 54.20,   1.50E-013, 
 54.30,  -1.01E-013, 
 54.40,   1.25E-014, 
 54.50,   6.69E-014, 
 54.60,   4.55E-014, 
 54.70,   8.92E-014, 
 54.80,   1.52E-013, 
 54.90,   1.61E-013, 
 55.00,   3.78E-013, 
 55.10,   2.78E-013, 
 55.20,  -7.13E-014, 
 55.30,   1.78E-013, 
 55.40,   2.43E-013, 
 55.50,   3.44E-013, 
 55.60,   1.99E-013, 
 55.70,  -1.52E-013, 
 55.80,  -2.57E-013, 
 55.90,   1.16E-014, 
 56.00,   2.74E-013, 
 56.10,   5.35E-014, 
 56.20,   1.13E-013, 
 56.30,   2.15E-013, 
 56.40,   3.67E-013, 
 56.50,   6.25E-013, 
 56.60,   3.70E-013, 
 56.70,   5.17E-014, 
 56.80,  -1.17E-013, 
 56.90,  -1.65E-013, 
 57.00,   4.46E-014, 
 57.10,  -1.07E-013, 
 57.20,  -7.67E-014, 
 57.30,   1.03E-013, 
 57.40,   2.19E-013, 
 57.50,   2.42E-013, 
 57.60,   3.04E-013, 
 57.70,   1.61E-013, 
 57.80,  -1.78E-013, 
 57.90,  -2.09E-013, 
 58.00,   2.57E-013, 
 58.10,   1.31E-013, 
 58.20,   6.06E-014, 
 58.30,  -1.90E-013, 
 58.40,  -8.83E-014, 
 58.50,  -4.64E-014, 
 58.60,   9.19E-014, 
 58.70,  -1.94E-013, 
 58.80,  -1.23E-013, 
 58.90,   1.68E-013, 
 59.00,   1.69E-013, 
 59.10,  -9.81E-014, 
 59.20,  -2.02E-013, 
 59.30,  -3.75E-014, 
 59.40,  -5.71E-014, 
 59.50,  -4.10E-014, 
 59.60,  -2.03E-013, 
 59.70,  -2.65E-013, 
 59.80,  -2.59E-014, 
 59.90,  -1.39E-013, 
 60.00,   2.48E-013, 
 60.10,   5.18E-013, 
 60.20,   2.18E-013, 
 60.30,  -3.92E-014, 
 60.40,  -1.69E-013, 
 60.50,   4.19E-014, 
 60.60,  -9.36E-014, 
 60.70,  -1.16E-013, 
 60.80,   2.14E-014, 
 60.90,   1.31E-013, 
 61.00,   1.90E-013, 
 61.10,  -1.07E-014, 
 61.20,  -3.04E-013, 
 61.30,  -2.34E-013, 
 61.40,   1.85E-013, 
 61.50,   9.27E-014, 
 61.60,  -6.06E-014, 
 61.70,  -2.42E-013, 
 61.80,  -6.51E-014, 
 61.90,   8.83E-014, 
 62.00,   1.12E-013, 
 62.10,   2.64E-013, 
 62.20,   4.46E-015, 
 62.30,   8.65E-014, 
 62.40,   6.14E-013, 
 62.50,   3.26E-013, 
 62.60,   3.09E-013, 
 62.70,   2.13E-013, 
 62.80,   1.46E-013, 
 62.90,   1.63E-013, 
 63.00,   4.90E-014, 
 63.10,   1.85E-013, 
 63.20,   2.08E-013, 
 63.30,   3.21E-013, 
 63.40,   4.55E-014, 
 63.50,  -2.41E-014, 
 63.60,   3.16E-013, 
 63.70,   1.20E-013, 
 63.80,  -1.78E-014, 
 63.90,  -3.57E-015, 
 64.00,  -1.10E-013, 
 64.10,   9.45E-014, 
 64.20,   2.50E-013, 
 64.30,   3.75E-013, 
 64.40,   1.88E-013, 
 64.50,   1.68E-013, 
 64.60,   1.40E-013, 
 64.70,   3.75E-013, 
 64.80,   3.27E-013, 
 64.90,   2.76E-014, 
 65.00,   5.08E-014, 
 65.10,   2.01E-013, 
 65.20,   7.94E-014, 
 65.30,   3.61E-013, 
 65.40,  -5.80E-014, 
 65.50,   2.40E-013, 
 65.60,   3.92E-013, 
 65.70,   3.01E-013, 
 65.80,   3.72E-013, 
 65.90,   1.48E-013, 
 66.00,   4.16E-013, 
 66.10,   4.87E-013, 
 66.20,   5.07E-013, 
 66.30,   1.99E-013, 
 66.40,  -1.68E-013, 
 66.50,   6.69E-014, 
 66.60,  -5.35E-014, 
 66.70,  -2.36E-013, 
 66.80,   9.45E-014, 
 66.90,  -2.05E-014, 
 67.00,   4.10E-014, 
 67.10,   2.34E-013, 
 67.20,   1.60E-013, 
 67.30,   2.19E-013, 
 67.40,   6.78E-014, 
 67.50,   1.60E-013, 
 67.60,   4.36E-013, 
 67.70,   4.06E-013, 
 67.80,   5.58E-013, 
 67.90,   7.25E-013, 
 68.00,   6.15E-013, 
 68.10,   4.08E-013, 
 68.20,   3.14E-013, 
 68.30,   1.69E-013, 
 68.40,   2.99E-013, 
 68.50,   5.71E-014, 
 68.60,  -1.61E-014, 
 68.70,  -1.44E-013, 
 68.80,   1.27E-013, 
 68.90,   4.14E-013, 
 69.00,   3.08E-013, 
 69.10,   3.29E-013, 
 69.20,   4.08E-013, 
 69.30,   1.74E-013, 
 69.40,  -2.21E-012, 
 69.50,  -2.18E-012, 
 69.60,   1.84E-012, 
 69.70,   1.19E-012, 
 69.80,   8.77E-013, 
 69.90,   4.98E-013, 
 70.00,   2.17E-013, 
 70.10,   1.97E-013, 
 70.20,   2.54E-013, 
 70.30,   2.75E-013, 
 70.40,   9.01E-014, 
 70.50,   9.27E-014, 
 70.60,   2.21E-013, 
 70.70,   3.62E-013, 
 70.80,   3.93E-013, 
 70.90,   1.10E-013, 
 71.00,  -3.03E-014, 
 71.10,  -3.30E-014, 
 71.20,  -3.21E-014, 
 71.30,   2.61E-013, 
 71.40,   3.57E-014, 
 71.50,   2.68E-014, 
 71.60,   2.44E-013, 
 71.70,   2.69E-013, 
 71.80,   4.02E-013, 
 71.90,   2.68E-013, 
 72.00,   1.92E-013, 
 72.10,   2.14E-014, 
 72.20,   6.24E-014, 
 72.30,   1.30E-013, 
 72.40,   1.06E-013, 
 72.50,   2.77E-013, 
 72.60,   1.70E-013, 
 72.70,   4.90E-014, 
 72.80,  -4.19E-014, 
 72.90,  -4.55E-014, 
 73.00,   4.73E-014, 
 73.10,   3.67E-013, 
 73.20,   5.14E-013, 
 73.30,   2.40E-013, 
 73.40,   1.69E-013, 
 73.50,   2.94E-014, 
 73.60,   2.09E-013, 
 73.70,   3.04E-013, 
 73.80,  -1.85E-013, 
 73.90,  -2.94E-014, 
 74.00,   6.24E-014, 
 74.10,  -2.50E-013, 
 74.20,   9.36E-014, 
 74.30,   4.22E-013, 
 74.40,   4.31E-013, 
 74.50,   1.60E-013, 
 74.60,   2.76E-014, 
 74.70,  -2.85E-014, 
 74.80,  -2.80E-013, 
 74.90,  -1.07E-013, 
 75.00,   1.52E-013, 
 75.10,   4.54E-013, 
 75.20,   7.67E-014, 
 75.30,   8.92E-016, 
 75.40,   2.05E-013, 
 75.50,   1.56E-013, 
 75.60,   3.46E-013, 
 75.70,   5.01E-013, 
 75.80,   1.33E-013, 
 75.90,   1.48E-013, 
 76.00,   3.83E-013, 
 76.10,   5.34E-013, 
 76.20,   2.84E-013, 
 76.30,  -5.17E-014, 
 76.40,   2.12E-013, 
 76.50,   7.76E-014, 
 76.60,   1.85E-013, 
 76.70,   3.56E-013, 
 76.80,   3.77E-013, 
 76.90,  -4.55E-014, 
 77.00,  -1.62E-013, 
 77.10,   1.06E-013, 
 77.20,   6.51E-014, 
 77.30,   2.25E-013, 
 77.40,   2.37E-013, 
 77.50,   1.69E-013, 
 77.60,  -1.56E-013, 
 77.70,   8.92E-015, 
 77.80,   3.76E-013, 
 77.90,   4.17E-013, 
 78.00,   1.95E-013, 
 78.10,   5.80E-014, 
 78.20,   3.57E-015, 
 78.30,   5.08E-014, 
 78.40,   2.07E-013, 
 78.50,   1.44E-013, 
 78.60,   7.58E-014, 
 78.70,   5.53E-014, 
 78.80,   1.38E-013, 
 78.90,   2.14E-014, 
 79.00,  -1.07E-013, 
 79.10,   1.98E-013, 
 79.20,   5.97E-014, 
 79.30,   1.46E-013, 
 79.40,   1.33E-013, 
 79.50,   7.76E-014, 
 79.60,   1.36E-013, 
 79.70,   1.05E-013, 
 79.80,   2.35E-013, 
 79.90,   3.42E-013, 
 80.00,   6.74E-013, 
 80.10,   3.35E-013, 
 80.20,   1.39E-013, 
 80.30,   3.21E-013, 
 80.40,   1.87E-013, 
 80.50,   6.78E-014, 
 80.60,   2.22E-013, 
 80.70,   1.69E-013, 
 80.80,   1.42E-013, 
 80.90,   1.79E-013, 
 81.00,   3.19E-013, 
 81.10,   4.93E-013, 
 81.20,   3.30E-013, 
 81.30,   2.06E-013, 
 81.40,   2.76E-014, 
 81.50,   2.91E-013, 
 81.60,   2.27E-013, 
 81.70,   9.63E-014, 
 81.80,   3.45E-013, 
 81.90,   3.17E-013, 
 82.00,   7.22E-014, 
 82.10,   2.50E-014, 
 82.20,   1.74E-013, 
 82.30,   4.06E-013, 
 82.40,   3.94E-013, 
 82.50,   1.88E-013, 
 82.60,   8.03E-014, 
 82.70,   2.53E-013, 
 82.80,   1.98E-013, 
 82.90,   2.17E-013, 
 83.00,   3.29E-013, 
 83.10,   2.80E-013, 
 83.20,   2.37E-013, 
 83.30,   3.85E-013, 
 83.40,   1.58E-013, 
 83.50,  -6.78E-014, 
 83.60,   1.99E-013, 
 83.70,   2.96E-013, 
 83.80,   3.11E-013, 
 83.90,  -3.83E-014, 
 84.00,   8.92E-014, 
 84.10,   3.73E-013, 
 84.20,   4.56E-013, 
 84.30,   2.52E-013, 
 84.40,   7.85E-014, 
 84.50,   0.00E+000, 
 84.60,  -2.32E-014, 
 84.70,  -1.06E-013, 
 84.80,   1.20E-013, 
 84.90,   1.89E-013, 
 85.00,   5.80E-014, 
 85.10,  -8.29E-014, 
 85.20,   1.71E-013, 
 85.30,   1.48E-013, 
 85.40,   3.96E-013, 
 85.50,   2.43E-013, 
 85.60,   2.86E-013, 
 85.70,   1.24E-013, 
 85.80,  -1.10E-013, 
 85.90,   2.76E-014, 
 86.00,   3.18E-013, 
 86.10,   4.62E-013, 
 86.20,   4.53E-013, 
 86.30,   4.04E-013, 
 86.40,   3.19E-013, 
 86.50,   3.28E-013, 
 86.60,   1.24E-013, 
 86.70,   2.13E-013, 
 86.80,   2.17E-013, 
 86.90,   3.58E-013, 
 87.00,   2.76E-013, 
 87.10,   5.80E-014, 
 87.20,   3.59E-013, 
 87.30,   2.43E-013, 
 87.40,   1.36E-013, 
 87.50,  -5.97E-014, 
 87.60,  -2.68E-014, 
 87.70,   3.89E-013, 
 87.80,   1.90E-013, 
 87.90,   2.50E-013, 
 88.00,   3.91E-013, 
 88.10,   3.60E-013, 
 88.20,   2.11E-013, 
 88.30,   2.93E-013, 
 88.40,   1.98E-013, 
 88.50,   3.12E-013, 
 88.60,   5.26E-014, 
 88.70,   3.53E-013, 
 88.80,   2.20E-013, 
 88.90,   3.21E-013, 
 89.00,   5.62E-014, 
 89.10,   2.32E-014, 
 89.20,   1.44E-013, 
 89.30,   1.57E-013, 
 89.40,   2.67E-013, 
 89.50,  -4.28E-014, 
 89.60,  -6.78E-014, 
 89.70,   2.85E-014, 
 89.80,   2.13E-013, 
 89.90,   6.69E-014, 
 90.00,  -2.51E-013, 
