Jul 23, 2026  09:44:00 AM
Residual Gas Analyzer Software 
Software Version, 3.214.004

Analog Scan Setup:

Data Points in Scan, 891 
Units, Torr 
Noise Floor, 2 
CEM Status, ON 
Points Per AMU, 10
Scan Start Mass, 1, amu 
Scan Stop Mass, 90, amu
Focus Voltage, 90, Volts 
Ion Energy, HIGH 
Electron Energy, 70, eV 
CEM Voltage, 1159, Volts
CEM Gain, 1.01E+003 
Sensitivity Factor, 1.11E-004 
Filament Current, 1.00, mAmps


  1.00,   7.05E-012, 
  1.10,   9.10E-012, 
  1.20,  -1.36E-012, 
  1.30,  -1.93E-010, 
  1.40,  -2.24E-010, 
  1.50,  -3.44E-011, 
  1.60,   5.25E-011, 
  1.70,   5.99E-011, 
  1.80,   6.11E-011, 
  1.90,   6.19E-011, 
  2.00,   6.56E-011, 
  2.10,   6.40E-011, 
  2.20,   5.59E-011, 
  2.30,   2.98E-011, 
  2.40,   3.15E-012, 
  2.50,  -7.60E-012, 
  2.60,  -2.13E-012, 
  2.70,  -8.51E-013, 
  2.80,  -4.24E-013, 
  2.90,  -4.50E-013, 
  3.00,  -2.22E-012, 
  3.10,   1.19E-012, 
  3.20,   8.61E-013, 
  3.30,   3.36E-012, 
  3.40,   3.84E-012, 
  3.50,   5.97E-012, 
  3.60,   1.23E-011, 
  3.70,   1.93E-011, 
  3.80,   2.41E-011, 
  3.90,   3.13E-011, 
  4.00,   3.82E-011, 
  4.10,   4.30E-011, 
  4.20,   3.87E-011, 
  4.30,   2.85E-011, 
  4.40,   1.39E-011, 
  4.50,   4.03E-012, 
  4.60,  -4.27E-013, 
  4.70,  -5.62E-014, 
  4.80,  -1.26E-013, 
  4.90,  -4.74E-013, 
  5.00,  -3.35E-013, 
  5.10,  -2.78E-013, 
  5.20,  -1.13E-013, 
  5.30,  -1.38E-013, 
  5.40,  -3.75E-013, 
  5.50,  -3.77E-013, 
  5.60,  -1.67E-013, 
  5.70,  -1.01E-013, 
  5.80,  -2.98E-013, 
  5.90,  -4.33E-013, 
  6.00,  -3.53E-013, 
  6.10,  -2.50E-013, 
  6.20,  -3.96E-013, 
  6.30,  -5.88E-013, 
  6.40,  -3.68E-013, 
  6.50,  -4.49E-013, 
  6.60,  -3.17E-013, 
  6.70,  -1.44E-013, 
  6.80,  -2.72E-013, 
  6.90,  -9.27E-014, 
  7.00,  -1.45E-013, 
  7.10,  -2.67E-012, 
  7.20,  -2.52E-012, 
  7.30,  -1.44E-012, 
  7.40,   1.84E-012, 
  7.50,   8.06E-013, 
  7.60,   1.52E-013, 
  7.70,  -2.28E-013, 
  7.80,  -3.58E-013, 
  7.90,  -2.31E-013, 
  8.00,  -3.03E-013, 
  8.10,  -3.74E-013, 
  8.20,  -5.68E-013, 
  8.30,  -3.49E-013, 
  8.40,  -3.44E-013, 
  8.50,  -4.47E-013, 
  8.60,  -2.02E-013, 
  8.70,  -5.80E-014, 
  8.80,  -1.11E-013, 
  8.90,  -3.96E-013, 
  9.00,  -4.35E-013, 
  9.10,  -4.01E-012, 
  9.20,  -2.62E-012, 
  9.30,  -1.37E-012, 
  9.40,   1.74E-012, 
  9.50,   9.18E-013, 
  9.60,   6.06E-014, 
  9.70,  -1.83E-013, 
  9.80,   7.04E-014, 
  9.90,  -1.05E-013, 
 10.00,  -3.88E-013, 
 10.10,  -1.40E-013, 
 10.20,   2.55E-013, 
 10.30,   4.73E-014, 
 10.40,  -2.32E-014, 
 10.50,  -4.32E-013, 
 10.60,  -3.18E-013, 
 10.70,  -2.57E-012, 
 10.80,  -2.70E-012, 
 10.90,  -1.39E-012, 
 11.00,   1.88E-012, 
 11.10,   8.81E-013, 
 11.20,   4.86E-013, 
 11.30,   2.54E-013, 
 11.40,   1.55E-013, 
 11.50,  -1.26E-013, 
 11.60,   2.51E-012, 
 11.70,   3.12E-013, 
 11.80,  -3.91E-013, 
 11.90,   6.73E-013, 
 12.00,   1.03E-012, 
 12.10,   7.62E-013, 
 12.20,   1.12E-012, 
 12.30,   9.96E-013, 
 12.40,   2.77E-013, 
 12.50,   3.00E-012, 
 12.60,  -9.81E-013, 
 12.70,  -7.19E-013, 
 12.80,  -4.35E-013, 
 12.90,  -6.96E-014, 
 13.00,  -3.04E-013, 
 13.10,   2.91E-013, 
 13.20,   1.70E-013, 
 13.30,   3.55E-013, 
 13.40,   2.01E-012, 
 13.50,   1.28E-011, 
 13.60,   4.62E-011, 
 13.70,   8.56E-011, 
 13.80,   1.06E-010, 
 13.90,   1.37E-010, 
 14.00,   1.56E-010, 
 14.10,   1.55E-010, 
 14.20,   1.31E-010, 
 14.30,   9.54E-011, 
 14.40,   2.92E-011, 
 14.50,   7.57E-012, 
 14.60,   3.15E-012, 
 14.70,   1.71E-012, 
 14.80,   7.48E-013, 
 14.90,   1.45E-013, 
 15.00,  -5.81E-013, 
 15.10,  -8.77E-013, 
 15.20,  -1.06E-012, 
 15.30,  -9.30E-013, 
 15.40,  -4.08E-013, 
 15.50,   4.23E-012, 
 15.60,   2.13E-011, 
 15.70,   3.59E-011, 
 15.80,   4.39E-011, 
 15.90,   5.24E-011, 
 16.00,   6.03E-011, 
 16.10,   5.40E-011, 
 16.20,   4.40E-011, 
 16.30,   2.58E-011, 
 16.40,  -4.78E-012, 
 16.50,  -8.92E-012, 
 16.60,  -5.48E-011, 
 16.70,  -1.46E-010, 
 16.80,  -1.87E-010, 
 16.90,  -2.43E-010, 
 17.00,  -3.00E-010, 
 17.10,  -3.21E-010, 
 17.20,  -3.15E-010, 
 17.30,  -2.63E-010, 
 17.40,  -1.49E-010, 
 17.50,  -3.84E-011, 
 17.60,  -2.18E-010, 
 17.70,  -5.12E-010, 
 17.80,  -6.84E-010, 
 17.90,  -8.51E-010, 
 18.00,  -1.10E-009, 
 18.10,  -1.19E-009, 
 18.20,  -1.17E-009, 
 18.30,  -9.43E-010, 
 18.40,  -5.83E-010, 
 18.50,  -2.38E-011, 
 18.60,  -5.28E-012, 
 18.70,  -2.07E-012, 
 18.80,  -1.68E-012, 
 18.90,  -1.61E-012, 
 19.00,  -1.32E-012, 
 19.10,  -1.37E-012, 
 19.20,  -1.77E-012, 
 19.30,  -1.35E-012, 
 19.40,  -1.33E-012, 
 19.50,   5.75E-013, 
 19.60,   5.99E-012, 
 19.70,   1.33E-011, 
 19.80,   1.81E-011, 
 19.90,   2.27E-011, 
 20.00,   2.75E-011, 
 20.10,   2.92E-011, 
 20.20,   2.67E-011, 
 20.30,   2.04E-011, 
 20.40,   8.60E-012, 
 20.50,   3.24E-012, 
 20.60,   3.24E-012, 
 20.70,   1.58E-012, 
 20.80,  -1.16E-012, 
 20.90,  -7.04E-013, 
 21.00,  -6.49E-013, 
 21.10,  -6.65E-013, 
 21.20,  -7.13E-014, 
 21.30,  -1.15E-013, 
 21.40,  -1.36E-013, 
 21.50,  -2.13E-013, 
 21.60,  -3.55E-012, 
 21.70,  -1.76E-012, 
 21.80,  -2.32E-014, 
 21.90,   1.90E-012, 
 22.00,   8.46E-013, 
 22.10,   5.31E-013, 
 22.20,  -2.07E-012, 
 22.30,  -9.33E-013, 
 22.40,   1.50E-012, 
 22.50,   2.15E-012, 
 22.60,   1.06E-012, 
 22.70,  -7.33E-013, 
 22.80,  -6.14E-013, 
 22.90,  -7.64E-013, 
 23.00,  -8.76E-013, 
 23.10,  -4.52E-013, 
 23.20,  -3.26E-013, 
 23.30,  -7.67E-014, 
 23.40,  -2.88E-013, 
 23.50,  -3.81E-013, 
 23.60,  -2.39E-013, 
 23.70,  -1.48E-013, 
 23.80,  -9.36E-014, 
 23.90,  -3.64E-013, 
 24.00,  -3.40E-013, 
 24.10,  -2.39E-013, 
 24.20,  -1.44E-013, 
 24.30,   4.99E-014, 
 24.40,  -8.38E-014, 
 24.50,   3.03E-014, 
 24.60,  -3.83E-013, 
 24.70,  -4.24E-013, 
 24.80,  -6.18E-013, 
 24.90,  -3.40E-012, 
 25.00,  -1.70E-012, 
 25.10,   1.76E-012, 
 25.20,   1.39E-012, 
 25.30,   4.53E-013, 
 25.40,   8.76E-012, 
 25.50,   5.38E-012, 
 25.60,   2.59E-012, 
 25.70,   1.23E-012, 
 25.80,   5.89E-013, 
 25.90,   3.44E-013, 
 26.00,   3.08E-012, 
 26.10,  -2.61E-013, 
 26.20,  -1.32E-012, 
 26.30,  -6.01E-013, 
 26.40,  -3.10E-012, 
 26.50,  -1.35E-012, 
 26.60,   1.39E-012, 
 26.70,   8.20E-013, 
 26.80,   3.44E-012, 
 26.90,   2.31E-012, 
 27.00,  -8.51E-013, 
 27.10,   1.38E-012, 
 27.20,   4.17E-012, 
 27.30,   1.10E-011, 
 27.40,   2.93E-011, 
 27.50,   1.04E-010, 
 27.60,   4.42E-010, 
 27.70,   1.01E-009, 
 27.80,   1.22E-009, 
 27.90,   1.45E-009, 
 28.00,   1.67E-009, 
 28.10,   1.77E-009, 
 28.20,   1.71E-009, 
 28.30,   1.42E-009, 
 28.40,   4.22E-010, 
 28.50,   2.54E-011, 
 28.60,   7.23E-012, 
 28.70,   6.06E-012, 
 28.80,   7.37E-012, 
 28.90,   8.99E-012, 
 29.00,   1.37E-011, 
 29.10,   1.36E-011, 
 29.20,   1.26E-011, 
 29.30,   8.94E-012, 
 29.40,   6.76E-012, 
 29.50,   3.41E-012, 
 29.60,   4.52E-012, 
 29.70,   9.46E-012, 
 29.80,   1.38E-011, 
 29.90,   1.78E-011, 
 30.00,   2.12E-011, 
 30.10,   2.32E-011, 
 30.20,   2.36E-011, 
 30.30,   1.93E-011, 
 30.40,   9.17E-012, 
 30.50,   1.64E-012, 
 30.60,   5.18E-013, 
 30.70,   1.35E-013, 
 30.80,   2.46E-012, 
 30.90,  -1.15E-013, 
 31.00,   4.42E-013, 
 31.10,   4.08E-012, 
 31.20,   4.15E-012, 
 31.30,   5.37E-012, 
 31.40,   8.75E-012, 
 31.50,   2.34E-011, 
 31.60,   1.21E-010, 
 31.70,   3.30E-010, 
 31.80,   4.04E-010, 
 31.90,   4.90E-010, 
 32.00,   5.60E-010, 
 32.10,   5.86E-010, 
 32.20,   5.72E-010, 
 32.30,   4.68E-010, 
 32.40,   1.21E-010, 
 32.50,   8.44E-012, 
 32.60,   2.13E-012, 
 32.70,   1.05E-012, 
 32.80,   2.03E-012, 
 32.90,   2.99E-012, 
 33.00,   3.57E-013, 
 33.10,  -1.26E-012, 
 33.20,  -7.54E-013, 
 33.30,  -5.89E-014, 
 33.40,   1.98E-013, 
 33.50,   4.82E-014, 
 33.60,   4.28E-014, 
 33.70,   3.64E-013, 
 33.80,   3.92E-012, 
 33.90,   2.33E-012, 
 34.00,   2.12E-012, 
 34.10,   2.10E-012, 
 34.20,   1.91E-012, 
 34.30,   2.07E-012, 
 34.40,   1.54E-012, 
 34.50,  -1.43E-012, 
 34.60,  -4.42E-012, 
 34.70,  -1.94E-012, 
 34.80,   1.12E-012, 
 34.90,   6.14E-013, 
 35.00,   3.84E-013, 
 35.10,  -1.78E-015, 
 35.20,   1.53E-013, 
 35.30,  -2.32E-014, 
 35.40,  -3.04E-013, 
 35.50,  -1.83E-013, 
 35.60,  -3.66E-014, 
 35.70,   1.19E-012, 
 35.80,   3.52E-012, 
 35.90,   2.05E-012, 
 36.00,   1.03E-012, 
 36.10,  -2.59E-013, 
 36.20,  -1.57E-012, 
 36.30,  -7.64E-013, 
 36.40,  -5.47E-013, 
 36.50,  -1.25E-013, 
 36.60,   8.38E-014, 
 36.70,   9.10E-014, 
 36.80,   7.40E-014, 
 36.90,   1.87E-014, 
 37.00,  -7.49E-014, 
 37.10,  -1.65E-013, 
 37.20,   3.92E-014, 
 37.30,   9.99E-014, 
 37.40,  -4.65E-013, 
 37.50,  -2.18E-013, 
 37.60,  -2.99E-013, 
 37.70,   8.56E-014, 
 37.80,  -2.50E-014, 
 37.90,  -3.67E-013, 
 38.00,  -1.70E-013, 
 38.10,   3.52E-013, 
 38.20,   2.39E-012, 
 38.30,   2.33E-012, 
 38.40,   1.30E-012, 
 38.50,  -2.22E-012, 
 38.60,  -4.30E-012, 
 38.70,   1.62E-012, 
 38.80,   3.76E-012, 
 38.90,   4.22E-012, 
 39.00,   8.71E-012, 
 39.10,   9.26E-012, 
 39.20,   9.70E-012, 
 39.30,   1.00E-011, 
 39.40,   1.06E-011, 
 39.50,   1.06E-011, 
 39.60,   3.18E-011, 
 39.70,   1.24E-010, 
 39.80,   1.94E-010, 
 39.90,   2.31E-010, 
 40.00,   2.84E-010, 
 40.10,   3.15E-010, 
 40.20,   3.20E-010, 
 40.30,   2.68E-010, 
 40.40,   1.10E-010, 
 40.50,   3.04E-011, 
 40.60,   3.49E-011, 
 40.70,   1.02E-010, 
 40.80,   1.51E-010, 
 40.90,   1.78E-010, 
 41.00,   2.26E-010, 
 41.10,   2.85E-010, 
 41.20,   3.63E-010, 
 41.30,   3.54E-010, 
 41.40,   2.58E-010, 
 41.50,   2.73E-010, 
 41.60,   4.30E-010, 
 41.70,   7.93E-010, 
 41.80,   8.96E-010, 
 41.90,   8.63E-010, 
 42.00,   1.01E-009, 
 42.10,   1.13E-009, 
 42.20,   1.15E-009, 
 42.30,   9.42E-010, 
 42.40,   2.89E-010, 
 42.50,   4.40E-011, 
 42.60,   4.42E-011, 
 42.70,   1.39E-010, 
 42.80,   2.06E-010, 
 42.90,   2.36E-010, 
 43.00,   2.94E-010, 
 43.10,   3.42E-010, 
 43.20,   3.50E-010, 
 43.30,   2.84E-010, 
 43.40,   1.14E-010, 
 43.50,   2.26E-011, 
 43.60,   1.09E-011, 
 43.70,   6.96E-012, 
 43.80,   7.65E-012, 
 43.90,   1.18E-011, 
 44.00,   1.61E-011, 
 44.10,   2.05E-011, 
 44.20,   2.35E-011, 
 44.30,   2.14E-011, 
 44.40,   1.32E-011, 
 44.50,   3.41E-012, 
 44.60,   1.00E-012, 
 44.70,  -1.07E-014, 
 44.80,   1.24E-012, 
 44.90,   1.77E-012, 
 45.00,  -7.98E-013, 
 45.10,  -1.94E-013, 
 45.20,   1.69E-014, 
 45.30,   2.14E-013, 
 45.40,   1.45E-013, 
 45.50,   2.79E-012, 
 45.60,   1.89E-012, 
 45.70,   7.23E-013, 
 45.80,  -1.95E-012, 
 45.90,  -1.03E-012, 
 46.00,  -3.88E-013, 
 46.10,  -1.29E-013, 
 46.20,  -3.75E-013, 
 46.30,  -3.85E-013, 
 46.40,  -2.13E-012, 
 46.50,  -3.21E-012, 
 46.60,  -1.02E-012, 
 46.70,   1.88E-012, 
 46.80,   9.74E-013, 
 46.90,   3.69E-013, 
 47.00,   4.49E-013, 
 47.10,   5.31E-013, 
 47.20,   1.46E-013, 
 47.30,  -2.76E-014, 
 47.40,   1.05E-013, 
 47.50,   5.17E-014, 
 47.60,   5.08E-014, 
 47.70,   2.29E-013, 
 47.80,   7.40E-014, 
 47.90,  -8.20E-014, 
 48.00,  -8.56E-014, 
 48.10,   6.96E-014, 
 48.20,  -2.06E-013, 
 48.30,   1.93E-012, 
 48.40,   3.28E-012, 
 48.50,   1.75E-012, 
 48.60,  -1.63E-012, 
 48.70,  -1.67E-012, 
 48.80,  -7.87E-013, 
 48.90,  -5.82E-013, 
 49.00,  -2.24E-013, 
 49.10,  -9.63E-014, 
 49.20,  -4.73E-014, 
 49.30,  -1.05E-013, 
 49.40,  -2.30E-013, 
 49.50,  -2.35E-013, 
 49.60,  -6.60E-014, 
 49.70,   1.72E-013, 
 49.80,   1.07E-013, 
 49.90,  -2.34E-013, 
 50.00,  -8.65E-014, 
 50.10,   1.94E-012, 
 50.20,   2.25E-012, 
 50.30,   1.06E-012, 
 50.40,  -2.27E-012, 
 50.50,  -1.47E-012, 
 50.60,  -9.70E-013, 
 50.70,  -2.47E-012, 
 50.80,  -2.53E-012, 
 50.90,  -5.21E-013, 
 51.00,   1.74E-012, 
 51.10,   1.01E-012, 
 51.20,   5.30E-013, 
 51.30,  -1.96E-014, 
 51.40,  -7.31E-014, 
 51.50,  -1.02E-013, 
 51.60,  -3.47E-013, 
 51.70,  -2.58E-013, 
 51.80,  -2.44E-013, 
 51.90,  -2.05E-014, 
 52.00,   1.78E-015, 
 52.10,  -2.55E-013, 
 52.20,  -1.94E-013, 
 52.30,  -1.38E-013, 
 52.40,   1.20E-013, 
 52.50,   7.13E-014, 
 52.60,  -2.14E-014, 
 52.70,  -1.58E-013, 
 52.80,  -1.36E-013, 
 52.90,  -1.85E-013, 
 53.00,  -2.02E-013, 
 53.10,  -1.69E-013, 
 53.20,   1.78E-015, 
 53.30,  -7.13E-015, 
 53.40,  -1.94E-013, 
 53.50,   2.92E-013, 
 53.60,   9.27E-013, 
 53.70,   3.14E-012, 
 53.80,   1.19E-012, 
 53.90,  -2.27E-012, 
 54.00,  -1.29E-012, 
 54.10,  -5.68E-013, 
 54.20,  -4.20E-013, 
 54.30,  -3.42E-013, 
 54.40,  -3.37E-012, 
 54.50,  -1.92E-012, 
 54.60,   1.29E-012, 
 54.70,   1.76E-012, 
 54.80,   7.89E-013, 
 54.90,   2.14E-013, 
 55.00,   2.25E-013, 
 55.10,  -7.13E-014, 
 55.20,  -2.41E-014, 
 55.30,  -1.24E-013, 
 55.40,   2.41E-014, 
 55.50,  -1.30E-013, 
 55.60,  -1.61E-013, 
 55.70,   2.31E-013, 
 55.80,   2.55E-012, 
 55.90,   2.15E-012, 
 56.00,  -3.71E-013, 
 56.10,  -3.83E-012, 
 56.20,  -3.38E-012, 
 56.30,  -1.57E-012, 
 56.40,   1.99E-012, 
 56.50,   9.23E-013, 
 56.60,   3.87E-013, 
 56.70,   3.07E-013, 
 56.80,   3.35E-013, 
 56.90,   2.74E-013, 
 57.00,   1.24E-013, 
 57.10,  -2.41E-013, 
 57.20,  -2.16E-013, 
 57.30,  -5.12E-013, 
 57.40,  -4.51E-013, 
 57.50,  -2.18E-013, 
 57.60,  -4.99E-014, 
 57.70,   2.76E-014, 
 57.80,  -9.90E-014, 
 57.90,  -2.01E-013, 
 58.00,  -2.76E-014, 
 58.10,  -1.09E-013, 
 58.20,  -2.40E-013, 
 58.30,  -1.86E-013, 
 58.40,  -7.04E-014, 
 58.50,   1.19E-013, 
 58.60,   1.12E-013, 
 58.70,   1.22E-013, 
 58.80,   8.47E-014, 
 58.90,  -9.63E-014, 
 59.00,  -2.50E-013, 
 59.10,  -2.87E-013, 
 59.20,  -7.13E-014, 
 59.30,   1.80E-013, 
 59.40,   2.68E-015, 
 59.50,  -5.02E-013, 
 59.60,  -4.37E-013, 
 59.70,  -2.11E-013, 
 59.80,  -2.41E-013, 
 59.90,  -3.92E-014, 
 60.00,  -1.19E-013, 
 60.10,  -1.66E-013, 
 60.20,   2.07E-012, 
 60.30,   2.42E-012, 
 60.40,   1.45E-012, 
 60.50,  -1.97E-012, 
 60.60,  -3.42E-012, 
 60.70,  -3.45E-012, 
 60.80,  -1.93E-012, 
 60.90,   1.69E-012, 
 61.00,   1.15E-012, 
 61.10,   5.77E-013, 
 61.20,   3.77E-013, 
 61.30,  -4.19E-014, 
 61.40,  -2.47E-013, 
 61.50,  -2.12E-013, 
 61.60,  -2.02E-013, 
 61.70,  -3.66E-014, 
 61.80,   1.98E-013, 
 61.90,   3.49E-012, 
 62.00,   1.60E-012, 
 62.10,  -5.51E-013, 
 62.20,  -3.74E-012, 
 62.30,  -3.70E-012, 
 62.40,  -2.07E-012, 
 62.50,   7.14E-013, 
 62.60,   1.38E-012, 
 62.70,   6.02E-013, 
 62.80,   4.32E-013, 
 62.90,   1.65E-013, 
 63.00,   4.46E-015, 
 63.10,  -1.21E-013, 
 63.20,  -2.41E-013, 
 63.30,  -2.84E-013, 
 63.40,  -2.55E-013, 
 63.50,  -5.53E-014, 
 63.60,  -8.92E-015, 
 63.70,  -3.92E-014, 
 63.80,  -2.94E-014, 
 63.90,   1.14E-013, 
 64.00,  -1.73E-013, 
 64.10,  -2.70E-013, 
 64.20,  -2.64E-012, 
 64.30,  -2.17E-012, 
 64.40,   1.65E-012, 
 64.50,   1.12E-012, 
 64.60,   4.47E-013, 
 64.70,   4.48E-013, 
 64.80,  -2.23E-014, 
 64.90,   6.60E-014, 
 65.00,   2.67E-013, 
 65.10,   3.05E-013, 
 65.20,   1.67E-012, 
 65.30,   3.20E-012, 
 65.40,   1.44E-012, 
 65.50,  -3.35E-013, 
 65.60,  -2.30E-012, 
 65.70,  -1.14E-012, 
 65.80,  -5.82E-013, 
 65.90,  -8.83E-014, 
 66.00,  -4.82E-014, 
 66.10,  -2.00E-013, 
 66.20,  -3.47E-013, 
 66.30,  -3.07E-013, 
 66.40,  -2.51E-013, 
 66.50,  -2.41E-013, 
 66.60,  -2.07E-013, 
 66.70,  -5.97E-014, 
 66.80,   2.25E-013, 
 66.90,  -8.65E-014, 
 67.00,   7.13E-015, 
 67.10,   1.68E-013, 
 67.20,   2.89E-012, 
 67.30,   2.36E-012, 
 67.40,   1.16E-012, 
 67.50,  -2.18E-012, 
 67.60,  -1.45E-012, 
 67.70,  -3.28E-012, 
 67.80,  -2.55E-012, 
 67.90,  -1.69E-012, 
 68.00,   1.31E-012, 
 68.10,   1.14E-012, 
 68.20,   6.30E-013, 
 68.30,   2.90E-013, 
 68.40,   1.99E-013, 
 68.50,   5.97E-014, 
 68.60,   1.69E-013, 
 68.70,   9.36E-014, 
 68.80,   3.57E-014, 
 68.90,   3.18E-012, 
 69.00,   1.31E-012, 
 69.10,  -8.74E-013, 
 69.20,  -1.60E-012, 
 69.30,  -9.67E-013, 
 69.40,  -6.55E-013, 
 69.50,  -3.78E-012, 
 69.60,  -2.62E-012, 
 69.70,  -1.44E-013, 
 69.80,   1.74E-012, 
 69.90,   8.48E-013, 
 70.00,   5.86E-013, 
 70.10,   3.61E-013, 
 70.20,   8.03E-015, 
 70.30,   2.45E-012, 
 70.40,   2.10E-012, 
 70.50,   3.57E-013, 
 70.60,  -1.82E-012, 
 70.70,  -8.27E-013, 
 70.80,  -7.65E-013, 
 70.90,  -5.40E-013, 
 71.00,  -1.53E-013, 
 71.10,   2.46E-013, 
 71.20,  -2.32E-014, 
 71.30,  -1.69E-013, 
 71.40,   2.56E-012, 
 71.50,   1.98E-012, 
 71.60,   4.35E-013, 
 71.70,  -2.38E-012, 
 71.80,  -1.49E-012, 
 71.90,  -8.71E-013, 
 72.00,  -2.45E-012, 
 72.10,  -2.89E-012, 
 72.20,  -7.10E-013, 
 72.30,   1.86E-012, 
 72.40,   8.44E-013, 
 72.50,   6.41E-013, 
 72.60,   7.52E-013, 
 72.70,   4.45E-013, 
 72.80,   2.58E-012, 
 72.90,   1.85E-012, 
 73.00,   7.58E-013, 
 73.10,  -2.38E-012, 
 73.20,  -3.32E-012, 
 73.30,  -3.14E-012, 
 73.40,  -7.02E-013, 
 73.50,   1.54E-012, 
 73.60,   7.25E-013, 
 73.70,   5.94E-013, 
 73.80,   3.07E-013, 
 73.90,   1.20E-013, 
 74.00,   5.17E-014, 
 74.10,   2.61E-012, 
 74.20,  -4.32E-013, 
 74.30,  -1.22E-012, 
 74.40,  -2.76E-012, 
 74.50,   7.66E-013, 
 74.60,   4.95E-013, 
 74.70,   2.76E-013, 
 74.80,   2.55E-013, 
 74.90,   3.58E-013, 
 75.00,   2.59E-013, 
 75.10,  -3.48E-014, 
 75.20,  -2.39E-012, 
 75.30,  -2.15E-012, 
 75.40,   4.64E-013, 
 75.50,   1.88E-012, 
 75.60,   8.28E-013, 
 75.70,   4.32E-013, 
 75.80,   2.05E-014, 
 75.90,  -1.68E-013, 
 76.00,   9.63E-014, 
 76.10,   2.50E-012, 
 76.20,   2.30E-012, 
 76.30,   1.25E-012, 
 76.40,  -1.90E-012, 
 76.50,  -1.10E-012, 
 76.60,  -7.10E-013, 
 76.70,  -2.78E-013, 
 76.80,  -2.02E-013, 
 76.90,  -8.74E-014, 
 77.00,   2.35E-012, 
 77.10,   2.39E-012, 
 77.20,   1.38E-012, 
 77.30,  -1.99E-012, 
 77.40,  -8.24E-013, 
 77.50,  -3.15E-013, 
 77.60,   1.66E-012, 
 77.70,   4.43E-013, 
 77.80,  -1.28E-013, 
 77.90,   4.42E-012, 
 78.00,   1.25E-011, 
 78.10,   1.68E-011, 
 78.20,   2.26E-011, 
 78.30,   3.12E-011, 
 78.40,   3.07E-011, 
 78.50,   2.00E-011, 
 78.60,   1.08E-011, 
 78.70,   4.82E-012, 
 78.80,   2.87E-012, 
 78.90,   2.28E-012, 
 79.00,  -1.69E-013, 
 79.10,  -2.62E-013, 
 79.20,   1.01E-012, 
 79.30,   4.25E-012, 
 79.40,   3.96E-012, 
 79.50,   3.76E-012, 
 79.60,   3.54E-012, 
 79.70,   4.47E-012, 
 79.80,   4.97E-012, 
 79.90,   2.43E-011, 
 80.00,   9.34E-011, 
 80.10,   1.14E-010, 
 80.20,   1.52E-010, 
 80.30,   2.06E-010, 
 80.40,   1.75E-010, 
 80.50,   8.31E-011, 
 80.60,   3.76E-011, 
 80.70,   1.31E-011, 
 80.80,   9.62E-012, 
 80.90,   8.29E-012, 
 81.00,   8.67E-012, 
 81.10,   1.01E-011, 
 81.20,   1.15E-011, 
 81.30,   1.21E-011, 
 81.40,   1.31E-011, 
 81.50,   1.29E-011, 
 81.60,   1.52E-011, 
 81.70,   2.48E-011, 
 81.80,   4.79E-011, 
 81.90,   1.93E-010, 
 82.00,   5.13E-010, 
 82.10,   5.62E-010, 
 82.20,   7.69E-010, 
 82.30,   1.01E-009, 
 82.40,   8.22E-010, 
 82.50,   3.82E-010, 
 82.60,   1.60E-010, 
 82.70,   5.65E-011, 
 82.80,   6.04E-011, 
 82.90,   1.64E-010, 
 83.00,   4.97E-010, 
 83.10,   5.69E-010, 
 83.20,   7.34E-010, 
 83.30,   1.02E-009, 
 83.40,   8.80E-010, 
 83.50,   4.15E-010, 
 83.60,   2.41E-010, 
 83.70,   1.20E-010, 
 83.80,   1.99E-010, 
 83.90,   7.40E-010, 
 84.00,   2.24E-009, 
 84.10,   2.55E-009, 
 84.20,   3.35E-009, 
 84.30,   4.71E-009, 
 84.40,   4.02E-009, 
 84.50,   1.67E-009, 
 84.60,   7.24E-010, 
 84.70,   8.80E-011, 
 84.80,   2.19E-011, 
 84.90,   1.32E-011, 
 85.00,   1.27E-011, 
 85.10,   1.35E-011, 
 85.20,   1.47E-011, 
 85.30,   1.52E-011, 
 85.40,   1.56E-011, 
 85.50,   1.66E-011, 
 85.60,   1.90E-011, 
 85.70,   2.49E-011, 
 85.80,   4.36E-011, 
 85.90,   1.63E-010, 
 86.00,   5.81E-010, 
 86.10,   7.36E-010, 
 86.20,   9.19E-010, 
 86.30,   1.33E-009, 
 86.40,   1.15E-009, 
 86.50,   5.45E-010, 
 86.60,   2.50E-010, 
 86.70,   5.67E-011, 
 86.80,   1.40E-011, 
 86.90,   5.78E-012, 
 87.00,   2.91E-012, 
 87.10,   1.44E-012, 
 87.20,   5.24E-013, 
 87.30,  -1.47E-012, 
 87.40,  -4.71E-013, 
 87.50,  -1.11E-013, 
 87.60,   2.41E-014, 
 87.70,   2.07E-013, 
 87.80,   1.99E-013, 
 87.90,   1.11E-013, 
 88.00,  -2.59E-014, 
 88.10,  -2.51E-012, 
 88.20,  -2.20E-012, 
 88.30,  -7.74E-013, 
 88.40,   2.24E-012, 
 88.50,   3.61E-012, 
 88.60,   2.32E-012, 
 88.70,   1.21E-012, 
 88.80,  -2.16E-012, 
 88.90,  -3.74E-012, 
 89.00,  -3.03E-012, 
 89.10,  -8.63E-013, 
 89.20,   1.93E-012, 
 89.30,   1.10E-012, 
 89.40,   3.91E-013, 
 89.50,   3.92E-014, 
 89.60,  -8.03E-014, 
 89.70,  -4.99E-014, 
 89.80,  -8.74E-014, 
 89.90,  -1.51E-013, 
 90.00,  -4.64E-014, 
