Jul 23, 2026  09:54:50 AM
Residual Gas Analyzer Software 
Software Version, 3.214.004

Analog Scan Setup:

Data Points in Scan, 891 
Units, Torr 
Noise Floor, 2 
CEM Status, OFF 
Points Per AMU, 10
Scan Start Mass, 1, amu 
Scan Stop Mass, 90, amu
Focus Voltage, 90, Volts 
Ion Energy, HIGH 
Electron Energy, 70, eV 
CEM Voltage, 1159, Volts
CEM Gain, 1.01E+003 
Sensitivity Factor, 1.11E-004 
Filament Current, 1.00, mAmps


  1.00,   5.35E-015, 
  1.10,   2.83E-012, 
  1.20,   9.76E-012, 
  1.30,   2.37E-011, 
  1.40,   1.48E-011, 
  1.50,   1.42E-011, 
  1.60,   2.32E-011, 
  1.70,   2.98E-011, 
  1.80,   3.55E-011, 
  1.90,   3.96E-011, 
  2.00,   4.11E-011, 
  2.10,   4.19E-011, 
  2.20,   3.87E-011, 
  2.30,   2.87E-011, 
  2.40,   1.32E-011, 
  2.50,   4.96E-012, 
  2.60,   2.35E-012, 
  2.70,  -3.15E-013, 
  2.80,  -1.47E-012, 
  2.90,  -8.57E-013, 
  3.00,  -3.64E-013, 
  3.10,  -2.73E-013, 
  3.20,  -1.41E-013, 
  3.30,  -1.35E-013, 
  3.40,  -1.68E-013, 
  3.50,   4.19E-014, 
  3.60,   9.19E-014, 
  3.70,  -4.64E-014, 
  3.80,   7.85E-014, 
  3.90,   2.94E-013, 
  4.00,   2.21E-013, 
  4.10,   3.12E-013, 
  4.20,   4.69E-013, 
  4.30,   2.12E-013, 
  4.40,   8.20E-014, 
  4.50,  -2.05E-014, 
  4.60,   9.10E-014, 
  4.70,  -1.44E-013, 
  4.80,  -1.36E-013, 
  4.90,  -5.35E-014, 
  5.00,  -3.69E-013, 
  5.10,  -4.04E-013, 
  5.20,  -2.14E-014, 
  5.30,  -2.85E-014, 
  5.40,  -1.57E-013, 
  5.50,   1.58E-013, 
  5.60,   2.00E-013, 
  5.70,   2.94E-014, 
  5.80,  -1.19E-013, 
  5.90,  -1.52E-013, 
  6.00,  -1.94E-013, 
  6.10,  -2.68E-013, 
  6.20,  -2.41E-014, 
  6.30,  -1.14E-013, 
  6.40,  -2.59E-013, 
  6.50,  -3.90E-013, 
  6.60,  -2.37E-013, 
  6.70,  -2.62E-013, 
  6.80,  -2.07E-013, 
  6.90,  -1.58E-013, 
  7.00,  -1.96E-013, 
  7.10,  -2.39E-013, 
  7.20,  -8.56E-014, 
  7.30,  -2.76E-014, 
  7.40,  -1.71E-013, 
  7.50,  -1.93E-013, 
  7.60,  -2.58E-013, 
  7.70,   1.78E-015, 
  7.80,  -1.17E-013, 
  7.90,  -4.19E-013, 
  8.00,  -1.19E-013, 
  8.10,  -3.09E-013, 
  8.20,  -1.03E-013, 
  8.30,  -1.11E-013, 
  8.40,  -2.89E-013, 
  8.50,  -3.58E-013, 
  8.60,  -1.36E-013, 
  8.70,  -8.92E-014, 
  8.80,  -7.40E-014, 
  8.90,  -6.06E-014, 
  9.00,  -1.34E-013, 
  9.10,  -6.87E-014, 
  9.20,  -4.19E-014, 
  9.30,  -1.43E-013, 
  9.40,  -3.83E-014, 
  9.50,  -4.64E-014, 
  9.60,   0.00E+000, 
  9.70,  -1.46E-013, 
  9.80,  -2.69E-013, 
  9.90,  -1.88E-013, 
 10.00,  -1.05E-013, 
 10.10,  -3.21E-013, 
 10.20,  -1.50E-013, 
 10.30,  -1.01E-013, 
 10.40,  -1.36E-013, 
 10.50,  -6.69E-014, 
 10.60,  -5.71E-014, 
 10.70,  -6.06E-014, 
 10.80,   1.19E-013, 
 10.90,  -7.76E-014, 
 11.00,  -2.55E-013, 
 11.10,  -2.84E-013, 
 11.20,  -3.41E-013, 
 11.30,  -2.61E-013, 
 11.40,  -2.76E-013, 
 11.50,  -2.42E-013, 
 11.60,  -3.75E-014, 
 11.70,   1.94E-013, 
 11.80,   1.69E-013, 
 11.90,   3.34E-013, 
 12.00,   2.96E-013, 
 12.10,   3.61E-013, 
 12.20,   3.63E-012, 
 12.30,   1.80E-012, 
 12.40,  -1.92E-012, 
 12.50,  -1.13E-012, 
 12.60,  -7.92E-013, 
 12.70,  -6.44E-013, 
 12.80,  -8.56E-014, 
 12.90,  -1.20E-013, 
 13.00,  -1.26E-013, 
 13.10,  -9.63E-014, 
 13.20,  -1.97E-013, 
 13.30,  -2.63E-013, 
 13.40,  -1.48E-013, 
 13.50,  -1.63E-013, 
 13.60,   1.27E-013, 
 13.70,   3.62E-013, 
 13.80,   2.34E-012, 
 13.90,   3.53E-012, 
 14.00,   2.35E-012, 
 14.10,   1.76E-012, 
 14.20,   1.55E-012, 
 14.30,   1.26E-012, 
 14.40,  -2.19E-012, 
 14.50,  -1.30E-012, 
 14.60,  -5.68E-013, 
 14.70,  -9.63E-014, 
 14.80,   2.64E-012, 
 14.90,   2.75E-012, 
 15.00,   1.65E-012, 
 15.10,   1.28E-012, 
 15.20,  -1.31E-012, 
 15.30,  -7.63E-013, 
 15.40,  -3.02E-013, 
 15.50,   2.18E-012, 
 15.60,   5.96E-012, 
 15.70,   7.26E-012, 
 15.80,   9.43E-012, 
 15.90,   1.15E-011, 
 16.00,   1.39E-011, 
 16.10,   1.43E-011, 
 16.20,   1.34E-011, 
 16.30,   1.08E-011, 
 16.40,   7.06E-012, 
 16.50,   1.17E-011, 
 16.60,   3.46E-011, 
 16.70,   6.22E-011, 
 16.80,   7.81E-011, 
 16.90,   1.01E-010, 
 17.00,   1.12E-010, 
 17.10,   1.08E-010, 
 17.20,   9.14E-011, 
 17.30,   6.10E-011, 
 17.40,   2.52E-011, 
 17.50,   4.84E-011, 
 17.60,   1.77E-010, 
 17.70,   2.56E-010, 
 17.80,   3.07E-010, 
 17.90,   3.84E-010, 
 18.00,   4.24E-010, 
 18.10,   4.07E-010, 
 18.20,   3.32E-010, 
 18.30,   1.86E-010, 
 18.40,   3.18E-011, 
 18.50,   9.25E-012, 
 18.60,   4.09E-012, 
 18.70,   2.57E-012, 
 18.80,   1.85E-012, 
 18.90,   1.55E-012, 
 19.00,   1.47E-012, 
 19.10,   7.80E-013, 
 19.20,  -1.30E-012, 
 19.30,  -3.61E-013, 
 19.40,   5.53E-014, 
 19.50,   1.60E-013, 
 19.60,   3.85E-013, 
 19.70,   5.94E-013, 
 19.80,   3.58E-012, 
 19.90,   2.01E-012, 
 20.00,   1.56E-012, 
 20.10,  -2.76E-013, 
 20.20,  -1.53E-012, 
 20.30,  -7.65E-013, 
 20.40,  -3.17E-013, 
 20.50,  -4.74E-013, 
 20.60,  -2.33E-013, 
 20.70,  -1.27E-013, 
 20.80,  -1.48E-013, 
 20.90,  -1.83E-013, 
 21.00,   2.59E-014, 
 21.10,   4.46E-014, 
 21.20,  -1.09E-013, 
 21.30,  -1.02E-013, 
 21.40,  -1.61E-013, 
 21.50,   9.36E-014, 
 21.60,   2.78E-013, 
 21.70,  -7.58E-014, 
 21.80,  -1.47E-013, 
 21.90,  -1.03E-013, 
 22.00,  -1.76E-013, 
 22.10,  -2.13E-013, 
 22.20,  -1.43E-013, 
 22.30,  -3.19E-013, 
 22.40,  -1.25E-013, 
 22.50,  -2.99E-013, 
 22.60,  -2.24E-013, 
 22.70,  -1.67E-013, 
 22.80,   8.47E-014, 
 22.90,   1.36E-013, 
 23.00,   2.45E-013, 
 23.10,  -2.00E-013, 
 23.20,  -3.23E-013, 
 23.30,  -3.10E-013, 
 23.40,  -2.80E-013, 
 23.50,  -1.86E-013, 
 23.60,  -3.08E-013, 
 23.70,  -3.00E-013, 
 23.80,  -1.45E-013, 
 23.90,  -9.63E-014, 
 24.00,  -1.74E-013, 
 24.10,  -2.22E-013, 
 24.20,  -8.03E-015, 
 24.30,  -1.39E-013, 
 24.40,  -4.73E-014, 
 24.50,   9.81E-015, 
 24.60,  -2.18E-013, 
 24.70,  -1.69E-013, 
 24.80,  -6.15E-014, 
 24.90,  -2.68E-014, 
 25.00,  -2.46E-013, 
 25.10,  -2.04E-013, 
 25.20,  -1.39E-013, 
 25.30,   6.78E-014, 
 25.40,   1.13E-013, 
 25.50,  -3.21E-013, 
 25.60,  -2.68E-014, 
 25.70,  -1.07E-013, 
 25.80,  -2.23E-014, 
 25.90,   5.17E-014, 
 26.00,   2.14E-014, 
 26.10,   3.37E-013, 
 26.20,  -8.65E-014, 
 26.30,   3.57E-015, 
 26.40,   2.50E-014, 
 26.50,  -1.13E-013, 
 26.60,   7.58E-014, 
 26.70,   8.74E-014, 
 26.80,   9.90E-014, 
 26.90,   1.46E-013, 
 27.00,   4.64E-014, 
 27.10,   5.80E-014, 
 27.20,   8.83E-014, 
 27.30,   8.20E-014, 
 27.40,   2.12E-013, 
 27.50,   2.19E-012, 
 27.60,   4.05E-012, 
 27.70,   4.83E-012, 
 27.80,   6.69E-012, 
 27.90,   8.05E-012, 
 28.00,   9.93E-012, 
 28.10,   1.09E-011, 
 28.20,   1.10E-011, 
 28.30,   1.00E-011, 
 28.40,   5.35E-012, 
 28.50,   2.43E-012, 
 28.60,   1.95E-013, 
 28.70,  -1.49E-012, 
 28.80,  -9.43E-013, 
 28.90,  -4.10E-014, 
 29.00,   1.61E-014, 
 29.10,   1.57E-013, 
 29.20,   1.07E-014, 
 29.30,   6.33E-014, 
 29.40,  -9.45E-014, 
 29.50,  -9.99E-014, 
 29.60,   4.82E-013, 
 29.70,   4.51E-012, 
 29.80,   3.87E-012, 
 29.90,   3.44E-012, 
 30.00,   4.16E-012, 
 30.10,   4.64E-012, 
 30.20,   4.63E-012, 
 30.30,   4.30E-012, 
 30.40,   2.41E-012, 
 30.50,  -3.26E-013, 
 30.60,  -1.72E-012, 
 30.70,  -9.48E-013, 
 30.80,  -5.93E-013, 
 30.90,  -4.08E-013, 
 31.00,  -1.45E-013, 
 31.10,  -1.38E-013, 
 31.20,   6.60E-014, 
 31.30,   1.58E-013, 
 31.40,   4.34E-013, 
 31.50,   1.49E-012, 
 31.60,   5.75E-012, 
 31.70,   8.33E-012, 
 31.80,   1.10E-011, 
 31.90,   1.40E-011, 
 32.00,   1.75E-011, 
 32.10,   1.91E-011, 
 32.20,   1.90E-011, 
 32.30,   1.55E-011, 
 32.40,   8.44E-012, 
 32.50,   3.65E-012, 
 32.60,   1.95E-012, 
 32.70,  -3.91E-013, 
 32.80,  -1.73E-012, 
 32.90,  -1.06E-012, 
 33.00,  -6.22E-013, 
 33.10,  -4.74E-013, 
 33.20,  -2.54E-013, 
 33.30,  -2.81E-013, 
 33.40,  -3.14E-013, 
 33.50,  -3.12E-014, 
 33.60,  -9.81E-015, 
 33.70,  -1.34E-013, 
 33.80,   8.38E-014, 
 33.90,  -1.73E-013, 
 34.00,  -9.19E-014, 
 34.10,  -8.92E-015, 
 34.20,  -2.46E-013, 
 34.30,  -3.66E-013, 
 34.40,  -1.10E-013, 
 34.50,  -1.50E-013, 
 34.60,  -1.43E-013, 
 34.70,  -8.03E-015, 
 34.80,   7.22E-014, 
 34.90,   7.49E-014, 
 35.00,  -1.15E-013, 
 35.10,  -7.04E-014, 
 35.20,  -1.44E-013, 
 35.30,   2.59E-014, 
 35.40,  -7.58E-014, 
 35.50,  -6.33E-014, 
 35.60,   1.52E-014, 
 35.70,   2.02E-013, 
 35.80,  -1.78E-015, 
 35.90,   8.56E-014, 
 36.00,  -1.19E-013, 
 36.10,  -1.97E-013, 
 36.20,  -1.21E-013, 
 36.30,   1.33E-013, 
 36.40,  -2.45E-013, 
 36.50,  -2.66E-013, 
 36.60,  -1.28E-013, 
 36.70,   1.30E-013, 
 36.80,   1.36E-013, 
 36.90,   1.63E-013, 
 37.00,  -8.56E-014, 
 37.10,  -1.78E-013, 
 37.20,  -1.48E-013, 
 37.30,  -2.18E-013, 
 37.40,  -8.83E-014, 
 37.50,   5.35E-015, 
 37.60,  -2.72E-013, 
 37.70,  -2.22E-013, 
 37.80,  -3.39E-014, 
 37.90,  -1.45E-013, 
 38.00,   2.85E-014, 
 38.10,  -2.68E-014, 
 38.20,   1.27E-013, 
 38.30,   1.02E-013, 
 38.40,  -5.97E-014, 
 38.50,   8.92E-016, 
 38.60,  -1.07E-014, 
 38.70,  -1.96E-013, 
 38.80,  -8.92E-015, 
 38.90,   4.01E-014, 
 39.00,   3.48E-014, 
 39.10,  -2.41E-014, 
 39.20,   2.94E-014, 
 39.30,   8.03E-014, 
 39.40,  -8.92E-015, 
 39.50,  -3.57E-015, 
 39.60,  -1.28E-013, 
 39.70,   8.56E-014, 
 39.80,   2.83E-013, 
 39.90,   2.69E-013, 
 40.00,   2.58E-012, 
 40.10,   2.40E-012, 
 40.20,   1.71E-012, 
 40.30,   1.09E-012, 
 40.40,  -1.90E-012, 
 40.50,  -1.20E-012, 
 40.60,  -4.08E-013, 
 40.70,  -3.41E-013, 
 40.80,  -1.69E-013, 
 40.90,  -1.52E-013, 
 41.00,  -6.60E-014, 
 41.10,   6.42E-014, 
 41.20,   2.40E-013, 
 41.30,  -6.15E-014, 
 41.40,  -6.51E-014, 
 41.50,  -2.29E-013, 
 41.60,  -8.74E-014, 
 41.70,  -1.70E-013, 
 41.80,  -3.66E-014, 
 41.90,  -1.03E-013, 
 42.00,  -1.94E-013, 
 42.10,  -2.18E-013, 
 42.20,  -5.44E-014, 
 42.30,   2.85E-014, 
 42.40,   7.76E-014, 
 42.50,   1.87E-013, 
 42.60,   1.12E-013, 
 42.70,   7.94E-014, 
 42.80,  -1.78E-015, 
 42.90,   3.17E-013, 
 43.00,   2.27E-013, 
 43.10,   3.04E-013, 
 43.20,   7.58E-014, 
 43.30,   1.08E-013, 
 43.40,   5.97E-014, 
 43.50,   4.37E-014, 
 43.60,   1.09E-013, 
 43.70,   5.37E-013, 
 43.80,   4.19E-012, 
 43.90,   3.72E-012, 
 44.00,   3.34E-012, 
 44.10,   3.63E-012, 
 44.20,   3.87E-012, 
 44.30,   3.81E-012, 
 44.40,   2.62E-012, 
 44.50,   1.28E-013, 
 44.60,  -1.75E-012, 
 44.70,  -9.17E-013, 
 44.80,  -2.20E-013, 
 44.90,  -3.75E-014, 
 45.00,   8.92E-014, 
 45.10,  -2.68E-014, 
 45.20,   1.65E-013, 
 45.30,   1.91E-013, 
 45.40,  -5.62E-014, 
 45.50,  -4.01E-014, 
 45.60,  -2.05E-014, 
 45.70,  -1.14E-013, 
 45.80,  -4.64E-014, 
 45.90,   2.50E-014, 
 46.00,   1.23E-013, 
 46.10,   2.17E-013, 
 46.20,   1.36E-013, 
 46.30,   1.34E-014, 
 46.40,  -1.07E-013, 
 46.50,  -1.36E-013, 
 46.60,   1.19E-013, 
 46.70,  -3.39E-014, 
 46.80,   8.03E-015, 
 46.90,   1.08E-013, 
 47.00,   4.46E-014, 
 47.10,   7.94E-014, 
 47.20,   1.88E-013, 
 47.30,   7.67E-014, 
 47.40,   7.49E-014, 
 47.50,   1.79E-013, 
 47.60,  -6.24E-014, 
 47.70,   4.01E-014, 
 47.80,  -4.73E-014, 
 47.90,  -1.43E-014, 
 48.00,   5.97E-014, 
 48.10,   4.55E-014, 
 48.20,  -7.31E-014, 
 48.30,  -1.20E-013, 
 48.40,  -1.62E-013, 
 48.50,  -1.40E-013, 
 48.60,   4.10E-014, 
 48.70,  -5.62E-014, 
 48.80,  -3.90E-013, 
 48.90,  -1.98E-013, 
 49.00,  -2.51E-013, 
 49.10,   7.04E-014, 
 49.20,  -6.33E-014, 
 49.30,  -9.63E-014, 
 49.40,  -9.99E-014, 
 49.50,  -3.57E-014, 
 49.60,  -4.73E-014, 
 49.70,   6.60E-014, 
 49.80,   1.14E-013, 
 49.90,   3.12E-014, 
 50.00,   4.28E-014, 
 50.10,  -4.10E-014, 
 50.20,  -1.90E-013, 
 50.30,   7.04E-014, 
 50.40,   1.72E-013, 
 50.50,   1.48E-013, 
 50.60,   1.58E-013, 
 50.70,   1.11E-013, 
 50.80,   4.19E-014, 
 50.90,  -3.03E-014, 
 51.00,   1.33E-013, 
 51.10,   1.01E-013, 
 51.20,  -5.35E-015, 
 51.30,   1.82E-013, 
 51.40,   1.48E-013, 
 51.50,  -5.53E-014, 
 51.60,   2.23E-014, 
 51.70,   1.22E-013, 
 51.80,   1.32E-013, 
 51.90,   1.07E-013, 
 52.00,   1.81E-013, 
 52.10,   1.27E-013, 
 52.20,   3.37E-013, 
 52.30,   1.69E-013, 
 52.40,   1.98E-013, 
 52.50,  -1.03E-013, 
 52.60,   1.52E-014, 
 52.70,  -1.07E-014, 
 52.80,   1.11E-013, 
 52.90,  -1.05E-013, 
 53.00,  -1.78E-015, 
 53.10,  -4.55E-014, 
 53.20,   7.13E-015, 
 53.30,   1.24E-013, 
 53.40,  -2.68E-015, 
 53.50,   1.81E-013, 
 53.60,  -5.80E-014, 
 53.70,  -4.46E-015, 
 53.80,   3.48E-014, 
 53.90,   1.32E-013, 
 54.00,  -1.54E-013, 
 54.10,  -8.03E-014, 
 54.20,   5.71E-014, 
 54.30,   3.57E-014, 
 54.40,  -2.85E-014, 
 54.50,   6.69E-014, 
 54.60,  -7.67E-014, 
 54.70,  -2.14E-014, 
 54.80,  -3.48E-014, 
 54.90,  -1.50E-013, 
 55.00,   1.19E-013, 
 55.10,   1.61E-013, 
 55.20,  -7.40E-014, 
 55.30,  -8.92E-015, 
 55.40,  -2.14E-014, 
 55.50,  -8.11E-014, 
 55.60,   5.35E-014, 
 55.70,  -1.86E-013, 
 55.80,  -7.67E-014, 
 55.90,  -1.55E-013, 
 56.00,  -2.60E-013, 
 56.10,  -8.92E-016, 
 56.20,   3.92E-014, 
 56.30,  -3.12E-014, 
 56.40,  -1.36E-013, 
 56.50,  -8.92E-014, 
 56.60,  -1.34E-014, 
 56.70,  -8.38E-014, 
 56.80,  -1.02E-013, 
 56.90,  -1.71E-013, 
 57.00,   5.62E-014, 
 57.10,   7.04E-014, 
 57.20,   4.64E-014, 
 57.30,  -4.73E-014, 
 57.40,  -1.94E-013, 
 57.50,  -9.27E-014, 
 57.60,   1.43E-013, 
 57.70,  -1.60E-013, 
 57.80,   1.28E-013, 
 57.90,   1.09E-013, 
 58.00,   5.53E-014, 
 58.10,   1.53E-013, 
 58.20,   8.11E-014, 
 58.30,   1.83E-013, 
 58.40,   4.64E-014, 
 58.50,   6.24E-014, 
 58.60,   4.73E-014, 
 58.70,   3.48E-014, 
 58.80,   6.78E-014, 
 58.90,  -1.28E-013, 
 59.00,  -3.21E-014, 
 59.10,   1.70E-013, 
 59.20,   1.94E-013, 
 59.30,   2.76E-013, 
 59.40,   1.35E-013, 
 59.50,   1.61E-014, 
 59.60,  -1.06E-013, 
 59.70,   4.46E-015, 
 59.80,   4.82E-014, 
 59.90,   6.69E-014, 
 60.00,   1.19E-013, 
 60.10,   1.47E-013, 
 60.20,  -4.01E-014, 
 60.30,  -9.10E-014, 
 60.40,   2.14E-014, 
 60.50,  -2.37E-013, 
 60.60,  -2.06E-013, 
 60.70,  -1.54E-013, 
 60.80,  -8.47E-014, 
 60.90,  -1.69E-013, 
 61.00,   4.90E-014, 
 61.10,   1.01E-013, 
 61.20,   1.15E-013, 
 61.30,  -8.29E-014, 
 61.40,   2.68E-015, 
 61.50,   1.11E-013, 
 61.60,   1.19E-013, 
 61.70,   1.46E-013, 
 61.80,  -1.13E-013, 
 61.90,  -4.82E-014, 
 62.00,  -2.94E-014, 
 62.10,   1.57E-013, 
 62.20,  -7.31E-014, 
 62.30,   1.60E-013, 
 62.40,   2.90E-013, 
 62.50,   1.25E-014, 
 62.60,  -1.19E-013, 
 62.70,   3.39E-014, 
 62.80,  -1.78E-015, 
 62.90,   4.55E-014, 
 63.00,  -1.19E-013, 
 63.10,  -7.85E-014, 
 63.20,   7.67E-014, 
 63.30,   7.67E-014, 
 63.40,  -9.63E-014, 
 63.50,   2.07E-013, 
 63.60,   5.97E-014, 
 63.70,   2.10E-013, 
 63.80,  -1.78E-014, 
 63.90,   1.34E-014, 
 64.00,   1.96E-014, 
 64.10,   1.53E-013, 
 64.20,   1.06E-013, 
 64.30,   5.71E-014, 
 64.40,   1.36E-013, 
 64.50,   2.11E-013, 
 64.60,   1.26E-013, 
 64.70,   6.51E-014, 
 64.80,   3.48E-013, 
 64.90,   6.96E-014, 
 65.00,   7.58E-014, 
 65.10,   3.11E-013, 
 65.20,   2.75E-013, 
 65.30,   2.10E-013, 
 65.40,   1.17E-013, 
 65.50,   9.54E-014, 
 65.60,   1.89E-013, 
 65.70,   2.27E-013, 
 65.80,   2.56E-013, 
 65.90,  -2.76E-014, 
 66.00,   9.81E-015, 
 66.10,   8.92E-016, 
 66.20,  -1.85E-013, 
 66.30,  -4.99E-014, 
 66.40,   2.68E-015, 
 66.50,  -7.40E-014, 
 66.60,   8.92E-016, 
 66.70,  -9.63E-014, 
 66.80,  -1.19E-013, 
 66.90,  -1.01E-013, 
 67.00,   1.16E-014, 
 67.10,   1.61E-013, 
 67.20,  -1.86E-013, 
 67.30,  -4.73E-014, 
 67.40,   1.25E-014, 
 67.50,   3.57E-015, 
 67.60,  -3.03E-014, 
 67.70,  -8.20E-014, 
 67.80,   2.17E-013, 
 67.90,   4.19E-014, 
 68.00,  -6.33E-014, 
 68.10,  -1.14E-013, 
 68.20,  -2.59E-014, 
 68.30,  -6.69E-014, 
 68.40,  -5.71E-014, 
 68.50,   3.29E-013, 
 68.60,   2.32E-013, 
 68.70,  -2.50E-014, 
 68.80,   3.12E-014, 
 68.90,   8.92E-016, 
 69.00,   8.65E-014, 
 69.10,   5.62E-014, 
 69.20,   2.12E-013, 
 69.30,   3.92E-014, 
 69.40,   1.85E-013, 
 69.50,   1.78E-013, 
 69.60,   1.43E-013, 
 69.70,   1.77E-013, 
 69.80,   6.69E-014, 
 69.90,  -2.69E-013, 
 70.00,  -2.19E-013, 
 70.10,  -6.42E-014, 
 70.20,   1.75E-013, 
 70.30,   2.30E-013, 
 70.40,   5.08E-014, 
 70.50,   6.78E-014, 
 70.60,   4.28E-014, 
 70.70,   2.32E-013, 
 70.80,   5.08E-014, 
 70.90,   2.68E-014, 
 71.00,   2.05E-014, 
 71.10,  -4.55E-014, 
 71.20,  -1.63E-013, 
 71.30,   3.52E-013, 
 71.40,   2.11E-013, 
 71.50,   1.37E-013, 
 71.60,   1.67E-013, 
 71.70,   1.25E-014, 
 71.80,   1.14E-013, 
 71.90,   1.30E-013, 
 72.00,  -2.14E-014, 
 72.10,   1.11E-013, 
 72.20,   1.78E-014, 
 72.30,  -6.15E-014, 
 72.40,   8.65E-014, 
 72.50,   2.37E-013, 
 72.60,   4.82E-014, 
 72.70,  -2.50E-014, 
 72.80,   4.28E-014, 
 72.90,   1.24E-013, 
 73.00,   2.99E-013, 
 73.10,   5.71E-014, 
 73.20,   1.11E-013, 
 73.30,   1.83E-013, 
 73.40,   2.61E-013, 
 73.50,   2.86E-013, 
 73.60,   7.67E-014, 
 73.70,   4.55E-014, 
 73.80,   1.32E-013, 
 73.90,   3.70E-013, 
 74.00,   8.56E-014, 
 74.10,   2.59E-014, 
 74.20,   1.21E-013, 
 74.30,   1.37E-013, 
 74.40,   4.34E-013, 
 74.50,   3.55E-013, 
 74.60,   5.53E-014, 
 74.70,   9.99E-014, 
 74.80,   8.56E-014, 
 74.90,   1.94E-013, 
 75.00,   1.14E-013, 
 75.10,  -7.94E-014, 
 75.20,   1.24E-013, 
 75.30,   4.10E-014, 
 75.40,   1.05E-013, 
 75.50,   1.37E-013, 
 75.60,  -2.05E-014, 
 75.70,   9.27E-014, 
 75.80,   1.94E-013, 
 75.90,   1.61E-014, 
 76.00,   1.20E-013, 
 76.10,   7.13E-015, 
 76.20,   2.36E-013, 
 76.30,   1.42E-013, 
 76.40,   1.78E-014, 
 76.50,  -1.31E-013, 
 76.60,   1.20E-013, 
 76.70,   7.31E-014, 
 76.80,   8.29E-014, 
 76.90,   1.12E-013, 
 77.00,   5.44E-014, 
 77.10,   4.82E-014, 
 77.20,   2.10E-013, 
 77.30,   3.66E-014, 
 77.40,   8.65E-014, 
 77.50,   2.21E-013, 
 77.60,  -2.14E-014, 
 77.70,  -2.19E-013, 
 77.80,   8.56E-014, 
 77.90,   9.90E-014, 
 78.00,   2.84E-013, 
 78.10,   2.86E-013, 
 78.20,   4.18E-013, 
 78.30,  -7.85E-014, 
 78.40,  -3.57E-014, 
 78.50,  -4.82E-014, 
 78.60,  -1.44E-013, 
 78.70,   6.96E-014, 
 78.80,  -8.92E-015, 
 78.90,   1.51E-013, 
 79.00,   1.48E-013, 
 79.10,  -5.62E-014, 
 79.20,   2.23E-013, 
 79.30,   1.93E-013, 
 79.40,   2.76E-013, 
 79.50,   9.81E-015, 
 79.60,   1.96E-014, 
 79.70,   8.92E-015, 
 79.80,   6.87E-014, 
 79.90,   1.61E-014, 
 80.00,   7.76E-014, 
 80.10,   3.15E-013, 
 80.20,  -2.68E-014, 
 80.30,   1.36E-013, 
 80.40,   3.71E-013, 
 80.50,   3.28E-012, 
 80.60,   1.81E-012, 
 80.70,  -8.66E-013, 
 80.80,  -1.71E-012, 
 80.90,  -8.32E-013, 
 81.00,  -4.98E-013, 
 81.10,  -3.54E-013, 
 81.20,  -9.72E-014, 
 81.30,   1.34E-014, 
 81.40,  -1.16E-013, 
 81.50,   5.89E-014, 
 81.60,   3.90E-013, 
 81.70,   2.43E-013, 
 81.80,   2.34E-013, 
 81.90,   9.81E-015, 
 82.00,   3.37E-013, 
 82.10,  -2.68E-014, 
 82.20,   5.71E-014, 
 82.30,   2.50E-013, 
 82.40,   1.26E-013, 
 82.50,   6.15E-014, 
 82.60,   2.39E-013, 
 82.70,   8.92E-015, 
 82.80,   1.34E-013, 
 82.90,   3.26E-013, 
 83.00,   3.11E-013, 
 83.10,   1.72E-013, 
 83.20,   8.38E-014, 
 83.30,   3.57E-014, 
 83.40,   2.44E-013, 
 83.50,   1.92E-013, 
 83.60,   1.58E-013, 
 83.70,  -3.57E-014, 
 83.80,   1.03E-013, 
 83.90,   9.81E-015, 
 84.00,   4.55E-014, 
 84.10,   4.64E-014, 
 84.20,   1.25E-013, 
 84.30,   4.82E-013, 
 84.40,   6.87E-014, 
 84.50,  -3.57E-014, 
 84.60,   7.22E-014, 
 84.70,   1.16E-013, 
 84.80,   4.28E-014, 
 84.90,   2.14E-014, 
 85.00,   1.52E-014, 
 85.10,   2.68E-014, 
 85.20,   1.51E-013, 
 85.30,   9.01E-014, 
 85.40,  -9.10E-014, 
 85.50,   1.51E-012, 
 85.60,   3.14E-012, 
 85.70,   1.47E-012, 
 85.80,  -1.13E-012, 
 85.90,  -1.22E-012, 
 86.00,  -5.07E-013, 
 86.10,  -2.88E-013, 
 86.20,   1.51E-013, 
 86.30,   1.53E-013, 
 86.40,  -2.41E-014, 
 86.50,   1.15E-013, 
 86.60,   1.06E-013, 
 86.70,   3.21E-014, 
 86.80,   3.57E-014, 
 86.90,   4.90E-014, 
 87.00,   9.99E-014, 
 87.10,  -7.13E-014, 
 87.20,   2.50E-014, 
 87.30,   2.37E-013, 
 87.40,   3.18E-013, 
 87.50,   2.30E-013, 
 87.60,   2.42E-013, 
 87.70,   1.67E-013, 
 87.80,   1.61E-013, 
 87.90,   2.96E-013, 
 88.00,   2.59E-013, 
 88.10,   2.38E-013, 
 88.20,   2.33E-013, 
 88.30,   2.56E-013, 
 88.40,   2.04E-013, 
 88.50,   1.98E-013, 
 88.60,   2.00E-013, 
 88.70,   1.14E-013, 
 88.80,   2.10E-013, 
 88.90,   1.96E-013, 
 89.00,   2.73E-013, 
 89.10,   2.02E-013, 
 89.20,   3.12E-013, 
 89.30,   2.75E-013, 
 89.40,   2.23E-014, 
 89.50,   1.22E-013, 
 89.60,   6.06E-014, 
 89.70,   3.01E-013, 
 89.80,   2.48E-013, 
 89.90,   1.40E-013, 
 90.00,   7.22E-014, 
