Jul 23, 2026  10:33:27 AM
Residual Gas Analyzer Software 
RGA Software Version, 3.214.004

Pressure vs Time Scan Setup:

Active channels in Scan, 10 
Units, Torr
Sample Period, 1.00, sec
Focus Voltage, 90, Volts 
Ion Energy, HIGH 
Electron Energy, 70, eV 
CEM Voltage, 1159, Volts
CEM Gain, 1.01E+003 
Sensitivity Factor, 1.11E-004 
Filament Current, 1.00, mAmps
Start time, Jul 23, 2026  10:33:27 AM 
Channel,  Mass(amu),     Name,                 Cal Factor,  Noise Floor, CEM Status

1         2.00           Hydrogen              1.00         3            OFF
2         4.00           Helium                1.00         3            OFF
3         26.00          Dummy-26              1.00         3            ON
4         28.00          Nitrogen              1.00         3            ON
5         32.00          Oxygen                1.00         3            ON
6         34.00          Dummy-34              1.00         3            OFF
7         40.00          Argon                 1.00         3            OFF
8         42.00          Dummy-42              1.00         3            ON
9         44.00          Carbon dioxide        1.00         3            ON
10        84.00          Krypton               1.00         3            ON


Time(s)      Channel#1   Channel#2   Channel#3   Channel#4   Channel#5   Channel#6   Channel#7   Channel#8   Channel#9   Channel#10  

0.000,   2.1363E-007,   3.7444E-006,   8.4654E-011,   3.3356E-011,   2.6400E-011,   2.9151E-009,   1.9115E-009,   8.8194E-013,   6.1700E-012,   6.1691E-012,  
5.641,   2.1295E-007,   3.7855E-006,   1.3357E-010,   2.5055E-011,   2.2918E-011,   2.6269E-009,   1.7832E-009,   5.4397E-013,   6.9565E-012,   8.5875E-013,  
11.688,   2.2502E-007,   3.7543E-006,   1.3650E-010,   2.4590E-011,   2.2493E-011,   2.4995E-009,   1.9756E-009,   5.1454E-013,   7.1991E-012,   9.0780E-013,  
17.703,   2.1842E-007,   3.7632E-006,   1.3347E-010,   2.4065E-011,   2.1969E-011,   2.6667E-009,   1.9377E-009,   8.8462E-013,   8.6946E-012,   6.6007E-012,  
23.750,   2.1267E-007,   3.7577E-006,   1.3436E-010,   2.3830E-011,   2.1759E-011,   3.0370E-009,   2.2466E-009,   6.8665E-013,   7.2464E-012,   7.9812E-013,  
29.797,   2.2615E-007,   3.6942E-006,   1.3340E-010,   2.3906E-011,   2.1340E-011,   2.9539E-009,   2.1834E-009,   6.7238E-013,   9.0129E-012,   9.4615E-013,  
35.828,   2.1364E-007,   3.6895E-006,   4.4508E-011,   2.4354E-011,   2.2002E-011,   2.9142E-009,   2.3351E-009,   5.0830E-013,   1.0007E-011,   6.9200E-013,  
41.891,   2.1830E-007,   3.6823E-006,   1.3384E-010,   2.3300E-011,   2.1826E-011,   3.0063E-009,   2.1563E-009,   4.5123E-013,   6.0710E-012,   1.2306E-012,  
47.906,   2.1478E-007,   3.6476E-006,   1.2582E-010,   2.3223E-011,   2.2436E-011,   2.8238E-009,   2.1472E-009,   4.9135E-013,   5.9061E-012,   7.0056E-012,  
53.969,   2.1979E-007,   3.6736E-006,   1.3324E-010,   2.2858E-011,   2.1122E-011,   2.9458E-009,   2.4408E-009,   6.7862E-013,   7.3079E-012,   7.9277E-013,  
60.000,   2.1548E-007,   3.6310E-006,   1.2784E-010,   2.2733E-011,   2.2039E-011,   3.0361E-009,   1.9593E-009,   7.5264E-013,   6.3600E-012,   5.4227E-012,  
66.063,   2.1409E-007,   3.6307E-006,   1.3657E-010,   2.2625E-011,   2.1423E-011,   2.7986E-009,   2.1933E-009,   6.0282E-013,   7.6753E-012,   1.1459E-012,  
72.110,   2.1288E-007,   3.6021E-006,   1.3558E-010,   2.2805E-011,   2.1064E-011,   3.0081E-009,   2.1265E-009,   7.0002E-013,   5.6252E-012,   1.0184E-012,  
78.172,   2.1036E-007,   3.6152E-006,   1.3495E-010,   2.2757E-011,   2.1431E-011,   2.7308E-009,   2.3640E-009,   9.0245E-013,   9.2466E-012,   8.1060E-013,  
84.219,   2.0711E-007,   3.5764E-006,   1.2712E-010,   2.3144E-011,   2.1594E-011,   3.1762E-009,   2.1192E-009,   4.7441E-013,   8.3914E-012,   8.6678E-013,  
90.250,   2.1378E-007,   3.5749E-006,   1.3157E-010,   2.2381E-011,   2.1403E-011,   2.9530E-009,   1.9548E-009,   6.2512E-013,   7.2678E-012,   1.3269E-012,  
96.297,   2.2011E-007,   3.5570E-006,   1.3294E-010,   2.2860E-011,   2.8893E-011,   2.9070E-009,   2.0939E-009,   3.7186E-013,   6.0880E-012,   7.1964E-013,  
102.281,   2.1614E-007,   3.5320E-006,   1.2944E-010,   2.2516E-011,   3.2646E-011,   3.0750E-009,   1.9801E-009,   4.5301E-013,   6.0942E-012,   9.3455E-013,  
108.313,   2.0303E-007,   3.5300E-006,   1.3052E-010,   2.2198E-011,   2.7045E-011,   2.9214E-009,   1.9042E-009,   2.2472E-013,   7.9277E-012,   9.4436E-013,  
114.328,   2.0077E-007,   3.5043E-006,   1.3674E-010,   2.3429E-011,   2.2885E-011,   3.2168E-009,   2.1256E-009,   5.9569E-013,   8.4253E-012,   7.7226E-013,  
120.344,   2.0286E-007,   3.5054E-006,   1.3625E-010,   2.1962E-011,   2.0554E-011,   3.0524E-009,   2.0099E-009,   7.2945E-013,   6.8103E-012,   5.5699E-012,  
126.406,   2.1145E-007,   3.4694E-006,   1.3044E-010,   2.2621E-011,   2.1228E-011,   3.1942E-009,   2.0452E-009,   4.0753E-013,   5.1365E-012,   7.3837E-013,  
132.422,   2.0863E-007,   3.4694E-006,   1.2915E-010,   2.1942E-011,   2.0701E-011,   3.0334E-009,   2.1996E-009,   5.1276E-013,   5.9649E-012,   9.8806E-013,  
138.422,   1.9543E-007,   3.4827E-006,   1.3246E-010,   2.1995E-011,   2.1473E-011,   3.0551E-009,   2.2520E-009,   7.6780E-013,   5.8713E-012,   7.8385E-013,  
144.406,   1.9610E-007,   3.4633E-006,   1.2942E-010,   2.1691E-011,   2.0786E-011,   3.2782E-009,   1.9657E-009,   6.8040E-013,   9.2439E-012,   1.1334E-012,  
150.438,   1.9494E-007,   3.4434E-006,   1.2690E-010,   2.1398E-011,   2.0789E-011,   2.8880E-009,   2.0027E-009,   4.4587E-013,   5.5297E-012,   9.5150E-013,  
156.500,   1.9892E-007,   3.4451E-006,   1.3074E-010,   2.1365E-011,   2.0948E-011,   3.1120E-009,   1.9458E-009,   4.3874E-013,   8.4502E-012,   8.5965E-013,  
162.531,   1.9699E-007,   3.4245E-006,   1.3231E-010,   2.0889E-011,   2.1088E-011,   3.2674E-009,   2.0126E-009,   6.5811E-013,   5.8561E-012,   9.4347E-013,  
168.594,   2.0433E-007,   3.4300E-006,   1.2824E-010,   2.0844E-011,   2.0693E-011,   2.9431E-009,   2.2168E-009,   5.9747E-013,   5.8329E-012,   1.2208E-012,  
174.594,   1.9744E-007,   3.4186E-006,   1.2383E-010,   2.0844E-011,   2.0475E-011,   3.1346E-009,   1.9657E-009,   4.0307E-013,   7.5522E-012,   8.3022E-013,  
180.641,   2.0645E-007,   3.4112E-006,   1.2389E-010,   2.1170E-011,   2.0800E-011,   3.1752E-009,   2.2367E-009,   4.5479E-013,   5.4281E-012,   8.9799E-013,  
186.703,   1.9247E-007,   3.4044E-006,   1.2596E-010,   2.1430E-011,   2.0423E-011,   3.3469E-009,   1.6956E-009,   9.6398E-013,   6.6881E-012,   1.1102E-012,  
192.719,   2.0025E-007,   3.3898E-006,   1.2239E-010,   2.1230E-011,   2.1043E-011,   3.0804E-009,   2.1382E-009,   5.3594E-013,   7.6262E-012,   7.7761E-013,  
198.797,   1.9219E-007,   3.3951E-006,   5.8587E-011,   2.1055E-011,   1.9716E-011,   3.0515E-009,   1.9720E-009,   4.8779E-013,   7.8902E-012,   9.0245E-013,  
204.813,   1.9070E-007,   3.3807E-006,   4.4819E-011,   2.1531E-011,   2.0427E-011,   3.1987E-009,   1.8410E-009,   3.8702E-013,   9.2581E-012,   8.0079E-013,  
210.860,   1.9043E-007,   3.3740E-006,   1.2222E-010,   2.0549E-011,   2.1059E-011,   2.9919E-009,   1.8302E-009,   4.0396E-013,   6.9039E-012,   9.2564E-013,  
216.891,   1.9416E-007,   3.3728E-006,   1.2395E-010,   2.2049E-011,   2.1330E-011,   3.2963E-009,   1.8618E-009,   7.7582E-013,   7.4729E-012,   5.6983E-013,  
222.953,   1.9257E-007,   3.3748E-006,   1.1790E-010,   2.1388E-011,   2.0972E-011,   3.0136E-009,   1.9359E-009,   4.2982E-013,   6.2146E-012,   6.4830E-013,  
229.016,   1.9628E-007,   3.3625E-006,   1.2030E-010,   2.0169E-011,   2.0846E-011,   3.0172E-009,   2.0199E-009,   9.2385E-013,   5.4218E-012,   8.3735E-013,  
235.078,   1.8979E-007,   3.3786E-006,   1.2409E-010,   2.0939E-011,   2.1212E-011,   3.0217E-009,   1.8229E-009,   3.3976E-013,   7.3275E-012,   8.9978E-013,  
241.078,   1.8411E-007,   3.3488E-006,   1.2065E-010,   2.0950E-011,   1.9939E-011,   3.0199E-009,   1.7868E-009,   7.8117E-013,   6.8674E-012,   8.9710E-013,  
247.125,   1.9595E-007,   3.3619E-006,   1.2099E-010,   2.1299E-011,   1.9871E-011,   3.1942E-009,   1.9485E-009,   2.6307E-013,   4.9546E-012,   7.3346E-012,  
253.141,   1.7510E-007,   3.3674E-006,   1.2063E-010,   2.0802E-011,   2.0637E-011,   3.1888E-009,   2.0235E-009,   8.0793E-013,   7.8287E-012,   1.1423E-012,  
259.219,   1.8931E-007,   3.3585E-006,   1.2101E-010,   2.0517E-011,   2.0774E-011,   3.1518E-009,   1.9584E-009,   7.3213E-013,   5.0482E-012,   8.2398E-013,  
265.281,   1.9330E-007,   3.3610E-006,   1.1894E-010,   2.2194E-011,   2.1066E-011,   2.8419E-009,   1.9313E-009,   9.8984E-013,   6.7077E-012,   1.0273E-012,  
271.266,   1.9246E-007,   3.3307E-006,   5.7858E-011,   2.6769E-011,   2.0570E-011,   3.0226E-009,   1.9422E-009,   5.7518E-013,   7.6298E-012,   8.9710E-013,  
277.328,   2.0082E-007,   3.4202E-006,   1.0952E-010,   3.6413E-011,   2.0318E-011,   2.9332E-009,   1.9051E-009,   5.1454E-013,   7.4095E-012,   1.0487E-012,  
283.360,   1.9263E-007,   3.4086E-006,   1.2126E-010,   4.1522E-011,   2.1366E-011,   3.0867E-009,   1.8537E-009,   5.4129E-013,   7.5067E-012,   5.5467E-013,  
289.406,   1.8789E-007,   3.4051E-006,   6.1190E-011,   3.6265E-011,   2.1620E-011,   2.9801E-009,   1.8094E-009,   5.9391E-013,   7.5487E-012,   9.5863E-013,  
295.422,   1.8902E-007,   3.4359E-006,   1.1225E-010,   2.8204E-011,   2.0300E-011,   3.1734E-009,   1.8067E-009,   7.5531E-013,   8.3824E-012,   8.9888E-013,  
301.438,   1.8806E-007,   3.4191E-006,   1.1122E-010,   2.3513E-011,   2.0948E-011,   3.1762E-009,   1.6414E-009,   3.4957E-013,   6.8005E-012,   9.1583E-013,  
307.438,   1.9294E-007,   3.4411E-006,   1.1275E-010,   2.1363E-011,   2.0362E-011,   3.1500E-009,   1.9187E-009,   6.6346E-013,   8.7106E-012,   8.6767E-013,  
313.453,   1.9138E-007,   3.4165E-006,   5.3329E-011,   2.0143E-011,   2.0461E-011,   3.1283E-009,   1.9512E-009,   8.5430E-013,   8.2683E-012,   8.7391E-013,  
319.469,   1.8146E-007,   3.4129E-006,   1.2131E-010,   2.0236E-011,   2.0423E-011,   2.7787E-009,   1.8573E-009,   6.3582E-013,   7.6494E-012,   8.1381E-012,  
325.516,   1.8529E-007,   3.4242E-006,   1.2085E-010,   2.0261E-011,   2.0294E-011,   2.9530E-009,   1.5628E-009,   2.9160E-013,   5.2176E-012,   1.0050E-012,  
331.578,   1.8495E-007,   3.4145E-006,   1.2045E-010,   2.0162E-011,   2.0260E-011,   2.8184E-009,   1.5655E-009,   5.5021E-013,   8.6116E-012,   1.0585E-012,  
337.610,   1.8023E-007,   3.4191E-006,   1.1601E-010,   1.9402E-011,   2.0862E-011,   2.9584E-009,   1.5149E-009,   6.5900E-013,   6.8736E-012,   1.0460E-012,  
343.688,   1.8562E-007,   3.4029E-006,   1.1198E-010,   2.0204E-011,   2.0858E-011,   3.0063E-009,   1.7290E-009,   5.8499E-013,   5.4201E-012,   7.5531E-013,  
349.719,   1.7441E-007,   3.4074E-006,   1.1986E-010,   2.0237E-011,   2.0695E-011,   2.6748E-009,   1.9106E-009,   6.7149E-013,   7.5638E-012,   1.0763E-012,  
355.735,   1.7468E-007,   3.4118E-006,   1.1494E-010,   1.9319E-011,   2.1636E-011,   2.6116E-009,   1.7696E-009,   8.8016E-013,   7.7805E-012,   1.1432E-012,  
361.797,   1.7438E-007,   3.4026E-006,   1.0548E-010,   1.9643E-011,   2.1409E-011,   2.8112E-009,   1.6757E-009,   7.8385E-013,   8.1738E-012,   1.0318E-012,  
367.813,   1.8704E-007,   3.4164E-006,   1.1602E-010,   1.9571E-011,   2.1225E-011,   3.0506E-009,   1.7967E-009,   1.3555E-013,   8.7614E-012,   9.1226E-013,  
373.891,   1.8034E-007,   3.4034E-006,   1.1491E-010,   1.9814E-011,   2.0396E-011,   3.0154E-009,   1.5655E-009,   1.0683E-012,   7.8224E-012,   9.4080E-013,  
379.938,   1.7517E-007,   3.4182E-006,   1.1693E-010,   1.9833E-011,   2.0507E-011,   3.1572E-009,   1.7597E-009,   7.3748E-013,   7.2829E-012,   8.6143E-013,  
385.938,   1.7420E-007,   3.4345E-006,   1.1317E-010,   2.0517E-011,   2.1175E-011,   3.2719E-009,   1.8229E-009,   7.3569E-013,   4.7851E-012,   2.8982E-013,  
391.969,   1.7997E-007,   3.4170E-006,   1.1490E-010,   1.9381E-011,   2.0854E-011,   2.9313E-009,   1.9413E-009,   6.8665E-013,   8.6758E-012,   1.1432E-012,  
397.985,   1.8383E-007,   3.4054E-006,   1.1113E-010,   1.9530E-011,   2.0518E-011,   3.1581E-009,   1.7118E-009,   4.1466E-013,   7.0689E-012,   1.1646E-012,  
404.047,   1.7746E-007,   3.3960E-006,   6.0751E-011,   1.9211E-011,   2.0246E-011,   2.9901E-009,   1.8067E-009,   5.8231E-013,   8.3860E-012,   8.4895E-013,  
410.063,   1.7565E-007,   3.4161E-006,   1.1042E-010,   1.8954E-011,   2.0294E-011,   2.9332E-009,   1.9693E-009,   6.1709E-013,   8.3860E-012,   9.7112E-013,  
416.125,   1.8064E-007,   3.4098E-006,   1.1777E-010,   1.9993E-011,   1.9893E-011,   2.8907E-009,   1.5023E-009,   8.0257E-013,   8.2710E-012,   8.9175E-013,  
422.156,   1.7851E-007,   3.3843E-006,   5.3453E-011,   2.0136E-011,   2.0300E-011,   2.9006E-009,   1.6079E-009,   8.5251E-013,   7.4220E-012,   1.0309E-012,  
428.219,   1.7128E-007,   3.3872E-006,   1.1078E-010,   2.0079E-011,   2.0843E-011,   3.1418E-009,   1.9178E-009,   5.8945E-013,   7.9321E-012,   8.9710E-013,  
434.281,   1.8256E-007,   3.4068E-006,   1.0845E-010,   1.9882E-011,   1.9770E-011,   3.1481E-009,   1.9350E-009,   5.6091E-013,   6.7648E-012,   1.2128E-012,  
440.297,   1.7767E-007,   3.3868E-006,   1.1276E-010,   1.9216E-011,   2.0541E-011,   3.0741E-009,   1.6721E-009,   7.4907E-013,   5.3157E-012,   7.9633E-013,  
446.375,   1.7408E-007,   3.4233E-006,   5.7356E-011,   1.9149E-011,   2.0036E-011,   2.9042E-009,   1.6414E-009,   5.5645E-013,   9.3027E-012,   8.3557E-013,  
452.391,   1.7395E-007,   3.4069E-006,   1.1013E-010,   1.9525E-011,   2.0492E-011,   2.9711E-009,   1.6360E-009,   6.3047E-013,   8.5751E-012,   3.2281E-013,  
458.406,   1.7333E-007,   3.4054E-006,   1.1143E-010,   1.8528E-011,   2.0036E-011,   3.1093E-009,   1.8537E-009,   9.4971E-013,   8.2103E-012,   8.9086E-013,  
464.485,   1.7474E-007,   3.3894E-006,   1.0570E-010,   1.8834E-011,   2.0581E-011,   3.1608E-009,   1.6658E-009,   7.8028E-013,   7.4755E-012,   9.3901E-013,  
470.516,   1.7903E-007,   3.4107E-006,   1.0881E-010,   2.0086E-011,   2.0203E-011,   2.9205E-009,   1.8238E-009,   5.5467E-013,   8.5858E-012,   6.0550E-012,  
476.547,   1.7756E-007,   3.4031E-006,   1.0819E-010,   2.0172E-011,   2.0302E-011,   2.7760E-009,   1.8609E-009,   4.9135E-013,   6.8165E-012,   6.8665E-013,  
482.610,   1.8295E-007,   3.3907E-006,   1.0589E-010,   1.8808E-011,   1.4869E-011,   3.1147E-009,   1.8338E-009,   7.1964E-013,   7.7234E-012,   5.9123E-013,  
488.672,   1.7601E-007,   3.3853E-006,   1.0055E-010,   1.8987E-011,   1.9930E-011,   2.8898E-009,   1.7254E-009,   8.0257E-013,   4.7289E-012,   7.5799E-013,  
494.719,   1.7468E-007,   3.3813E-006,   1.1082E-010,   1.9560E-011,   2.0366E-011,   2.9720E-009,   1.8509E-009,   6.3314E-013,   5.0981E-012,  -3.6294E-013,  
500.797,   1.7679E-007,   3.3953E-006,   1.0653E-010,   1.9602E-011,   2.0443E-011,   2.8537E-009,   1.6360E-009,   4.2982E-013,   6.7140E-012,   1.0184E-012,  
506.813,   1.6125E-007,   3.3883E-006,   1.0581E-010,   1.9067E-011,   2.0675E-011,   3.1012E-009,   1.6152E-009,   5.7785E-013,   8.0793E-012,   6.6168E-013,  
512.860,   1.6894E-007,   3.4051E-006,   1.0119E-010,   1.9652E-011,   2.0548E-011,   3.0298E-009,   1.6251E-009,   5.6715E-013,   6.4661E-012,   5.4040E-013,  
518.922,   1.7695E-007,   3.3932E-006,   1.0306E-010,   1.8820E-011,   2.0433E-011,   2.9530E-009,   1.8600E-009,   5.5110E-013,   7.9428E-012,   9.4704E-013,  
524.891,   1.6771E-007,   3.4069E-006,   1.0026E-010,   1.9022E-011,   2.0261E-011,   3.0479E-009,   1.6360E-009,   4.5479E-013,   7.0154E-012,   1.2859E-012,  
530.922,   1.7388E-007,   3.3943E-006,   1.0296E-010,   1.9206E-011,   2.0355E-011,   3.3171E-009,   1.5420E-009,   4.2180E-013,   5.8312E-012,   7.3302E-013,  
536.938,   1.6701E-007,   3.4012E-006,   1.0564E-010,   1.8982E-011,   2.0123E-011,   2.8970E-009,   1.8031E-009,   4.5212E-013,   7.3846E-012,   1.0755E-012,  
543.000,   1.7097E-007,   3.4017E-006,   1.0600E-010,   1.9061E-011,   1.9871E-011,   3.2412E-009,   1.6694E-009,   4.4944E-013,   8.6687E-012,   8.4716E-013,  
549.047,   1.6403E-007,   3.3785E-006,   1.0136E-010,   1.6047E-011,   1.9669E-011,   3.2584E-009,   1.9241E-009,   6.2512E-013,   7.8750E-012,   8.3468E-013,  
555.125,   1.6598E-007,   3.3669E-006,   1.0615E-010,   1.9532E-011,   1.9544E-011,   3.0488E-009,   1.6152E-009,   5.4575E-013,   8.6821E-012,   6.9735E-013,  
561.125,   1.6816E-007,   3.3963E-006,   1.0694E-010,   1.8629E-011,   2.0135E-011,   3.2529E-009,   1.6694E-009,   3.8434E-013,   6.1531E-012,   9.4793E-013,  
567.172,   1.5210E-007,   3.3655E-006,   1.0445E-010,   1.7656E-011,   2.0445E-011,   3.0759E-009,   1.5185E-009,   4.0842E-013,   7.3132E-012,   1.0995E-012,  
573.203,   1.6322E-007,   3.3633E-006,   4.9818E-011,   1.8569E-011,   1.9933E-011,   2.9810E-009,   1.8771E-009,   4.9135E-013,   8.3985E-012,   6.3582E-013,  
579.250,   1.6622E-007,   3.3797E-006,   1.0175E-010,   1.9012E-011,   1.9766E-011,   3.1183E-009,   1.7895E-009,   4.3250E-013,   6.6319E-012,   5.8320E-013,  
585.328,   1.6407E-007,   3.3844E-006,   1.0032E-010,   1.8680E-011,   2.0101E-011,   2.8175E-009,   1.4734E-009,   6.4473E-013,   8.6393E-012,   1.1414E-012,  
591.391,   1.6414E-007,   3.3861E-006,   4.9592E-011,   1.8504E-011,   1.9707E-011,   2.7633E-009,   1.8139E-009,   4.8244E-013,   7.4185E-012,   8.7391E-013,  
597.438,   1.6407E-007,   3.3788E-006,   1.0263E-010,   1.8224E-011,   1.9820E-011,   2.8979E-009,   1.5953E-009,   4.8868E-013,   7.5834E-012,   6.2868E-013,  
603.438,   1.7123E-007,   3.3632E-006,   4.6401E-011,   1.7992E-011,   2.0346E-011,   2.8248E-009,   1.4878E-009,   6.9824E-013,   7.8206E-012,   8.4449E-013,  
609.516,   1.6499E-007,   3.3723E-006,   1.0523E-010,   1.9015E-011,   2.0719E-011,   3.1030E-009,   1.7977E-009,   7.5085E-013,   7.0921E-012,   6.3582E-013,  
615.547,   1.6704E-007,   3.3645E-006,   1.0308E-010,   1.8183E-011,   1.9352E-011,   3.0650E-009,   1.4643E-009,   9.1494E-013,   7.8028E-012,   6.1263E-013,  
621.578,   1.6513E-007,   3.3813E-006,   1.0228E-010,   1.8184E-011,   1.9983E-011,   3.2556E-009,   1.3650E-009,   7.3926E-013,   6.8281E-012,   9.1494E-013,  
627.625,   1.6751E-007,   3.3601E-006,   1.0236E-010,   1.8029E-011,   1.9258E-011,   3.0614E-009,   1.5384E-009,   6.2958E-013,   7.5727E-012,   1.1459E-012,  
633.703,   1.6297E-007,   3.3564E-006,   9.3407E-011,   1.8251E-011,   2.0376E-011,   3.0199E-009,   1.5420E-009,  -7.7761E-013,   8.8399E-012,   7.0181E-013,  
639.703,   1.6665E-007,   3.3756E-006,   9.6767E-011,   1.8557E-011,   1.9871E-011,   2.8302E-009,   1.5745E-009,   4.4677E-013,   7.0760E-012,   5.3594E-013,  
645.766,   1.5884E-007,   3.3848E-006,   9.8812E-011,   1.9541E-011,   1.9882E-011,   3.2042E-009,   1.7425E-009,   5.0384E-013,   8.2407E-012,   6.8754E-013,  
651.797,   1.6380E-007,   3.3573E-006,   9.8527E-011,   1.9462E-011,   2.0012E-011,   2.9874E-009,   1.5483E-009,   7.3302E-013,   7.0199E-012,   1.0121E-012,  
657.813,   1.6609E-007,   3.3830E-006,   9.8852E-011,   1.8018E-011,   2.0597E-011,   3.0298E-009,   1.5429E-009,   5.1900E-013,   6.9770E-012,   1.0086E-012,  
663.813,   1.6682E-007,   3.3815E-006,   9.9987E-011,   1.8385E-011,   2.0100E-011,   2.9079E-009,   1.7227E-009,   7.5620E-013,   8.0168E-012,   9.2118E-013,  
669.891,   1.6201E-007,   3.3704E-006,   1.0585E-010,   2.6398E-011,   1.9925E-011,   2.9476E-009,   1.6522E-009,   3.5046E-013,   8.1979E-012,   6.2601E-013,  
675.938,   1.6499E-007,   3.3696E-006,   1.0544E-010,   2.1225E-011,   2.0553E-011,   3.3758E-009,   1.6459E-009,   5.1186E-013,   8.8185E-012,   6.1977E-013,  
681.985,   1.5462E-007,   3.3609E-006,   9.8790E-011,   1.8650E-011,   2.0224E-011,   2.8681E-009,   1.7019E-009,   6.6168E-013,   7.3667E-012,   7.8652E-013,  
688.031,   1.5453E-007,   3.3533E-006,   1.0375E-010,   1.8204E-011,   1.9763E-011,   3.1463E-009,   1.8708E-009,   5.4218E-013,   8.0391E-012,   9.9698E-013,  
694.016,   1.6642E-007,   3.3803E-006,   9.4174E-011,   1.8605E-011,   1.9143E-011,   3.1491E-009,   1.5050E-009,   5.8410E-013,   8.1497E-012,   7.1251E-013,  
700.047,   1.6203E-007,   3.3485E-006,   1.0156E-010,   1.8924E-011,   2.0387E-011,   3.1129E-009,   1.7154E-009,   4.8600E-013,   6.7541E-012,   8.2219E-013,  
706.047,   1.6160E-007,   3.3640E-006,   9.7201E-011,   1.9826E-011,   2.0821E-011,   3.2141E-009,   1.6387E-009,   3.2727E-013,   6.8647E-012,   6.8504E-012,  
712.094,   1.6241E-007,   3.3632E-006,   9.5687E-011,   1.8966E-011,   1.9263E-011,   3.0939E-009,   1.4453E-009,   6.0996E-013,   6.6426E-012,   8.6856E-013,  
718.141,   1.6829E-007,   3.3676E-006,   9.7591E-011,   1.8366E-011,   1.9520E-011,   3.2204E-009,   1.6323E-009,   5.1632E-013,   8.0409E-012,   6.8665E-013,  
724.172,   1.5830E-007,   3.3490E-006,   9.6209E-011,   1.8885E-011,   1.9741E-011,   3.2421E-009,   1.6893E-009,   5.1721E-013,   6.3894E-012,   6.7060E-013,  
730.188,   1.6697E-007,   3.3436E-006,   1.0087E-010,   1.9349E-011,   1.9495E-011,   3.2782E-009,   1.7868E-009,   5.8677E-013,   7.1438E-012,   6.4563E-013,  
736.219,   1.5484E-007,   3.3437E-006,   1.0187E-010,   1.8246E-011,   1.9965E-011,   3.2629E-009,   1.8365E-009,   2.9874E-013,   8.8051E-012,   5.6359E-013,  
742.250,   1.5983E-007,   3.3803E-006,   9.8801E-011,   1.7673E-011,   2.0058E-011,   2.9982E-009,   1.6251E-009,   4.2269E-013,   7.2374E-012,   7.8028E-013,  
748.281,   1.5942E-007,   3.3423E-006,   9.9898E-011,   1.7963E-011,   1.9462E-011,   3.1752E-009,   1.5790E-009,   4.6014E-013,   7.9446E-012,   8.8283E-013,  
754.297,   1.5521E-007,   3.3771E-006,   9.4596E-011,   1.8062E-011,   1.9205E-011,   3.2069E-009,   1.3559E-009,   5.9034E-013,   6.2128E-012,   8.1149E-013,  
760.360,   1.8653E-007,   3.7008E-006,   9.7781E-011,   1.9535E-011,   2.0538E-011,   3.1093E-009,   1.7200E-009,   5.2435E-013,   5.0161E-012,   6.3225E-013,  
766.375,   1.6191E-007,   3.3196E-006,   4.4291E-011,   1.8992E-011,   1.9561E-011,   3.2005E-009,   1.4779E-009,   4.7084E-013,   7.5968E-012,   5.0295E-013,  
772.375,   1.3665E-007,   2.9464E-006,   9.6403E-011,   1.7707E-011,   1.9303E-011,   3.2186E-009,   1.6260E-009,   1.3911E-013,   7.0511E-012,   1.0228E-012,  
778.391,   1.1122E-007,   2.7183E-006,   9.0387E-011,   1.7782E-011,   1.9156E-011,   3.2629E-009,   1.4020E-009,   3.9950E-013,   8.7267E-012,   7.6334E-013,  
784.485,   1.1071E-007,   2.5820E-006,   8.8059E-011,   1.6490E-011,   1.8401E-011,   3.2294E-009,   1.6089E-009,   6.9200E-013,   7.2276E-012,   6.1174E-013,  
790.531,   1.0257E-007,   2.5356E-006,   3.6572E-011,   1.6302E-011,   1.8544E-011,   2.9079E-009,   1.4381E-009,   3.2371E-013,   7.2704E-012,   3.9415E-013,  
796.547,   1.0044E-007,   2.5163E-006,   9.3115E-011,   1.6513E-011,   1.8218E-011,   3.0641E-009,   1.4896E-009,   1.8459E-013,   6.9173E-012,   6.4473E-013,  
802.563,   9.6386E-008,   2.5037E-006,   9.0376E-011,   1.5735E-011,   1.8266E-011,   3.1807E-009,   1.5321E-009,   6.0639E-013,   8.0463E-012,   6.3225E-013,  
808.625,   1.0045E-007,   2.4850E-006,   9.2920E-011,   1.5793E-011,   1.7777E-011,   3.0081E-009,   1.5655E-009,   5.3505E-013,   8.0364E-012,   5.8410E-013,  
814.672,   1.0088E-007,   2.4301E-006,   3.7427E-011,   1.5795E-011,   1.7979E-011,   2.9359E-009,   1.4155E-009,   4.3696E-013,   4.5470E-012,   6.6346E-013,  
820.672,   8.9108E-008,   2.3076E-006,   3.7595E-011,   1.5746E-011,   1.7433E-011,   3.1147E-009,   1.3424E-009,   1.5249E-013,   7.3230E-012,   6.3314E-013,  
826.703,   8.0686E-008,   1.9624E-006,   8.9095E-011,   1.5500E-011,   1.6845E-011,   3.1789E-009,   1.1925E-006,   7.7493E-013,   6.6453E-012,   1.0639E-012,  
832.719,   8.5019E-008,   1.6829E-006,   1.1024E-010,   9.9166E-011,   8.3685E-011,   3.4137E-009,   2.8154E-006,   6.3065E-012,   2.3797E-011,   9.0058E-012,  
838.766,   1.0031E-007,   1.7095E-006,   9.9575E-011,   1.5170E-010,   1.0838E-010,   3.1156E-009,   3.2232E-006,   3.4867E-012,   3.5656E-011,   1.3109E-011,  
844.828,   1.0649E-007,   1.7785E-006,   9.6888E-011,   1.6726E-010,   1.1227E-010,   3.1960E-009,   3.2746E-006,   4.4793E-012,   3.9610E-011,   1.3616E-011,  
850.875,   1.1202E-007,   1.8623E-006,   1.0778E-010,   1.7397E-010,   1.1466E-010,   3.1572E-009,   3.2470E-006,   4.1333E-012,   4.0972E-011,   1.3739E-011,  
856.906,   1.1577E-007,   1.9528E-006,   9.9766E-011,   1.7128E-010,   1.1054E-010,   2.8519E-009,   3.1090E-006,   4.1743E-012,   4.2256E-011,   1.3518E-011,  
862.938,   1.1503E-007,   2.0339E-006,   3.6218E-011,   1.6925E-010,   1.0712E-010,   3.0280E-009,   2.9478E-006,   4.1065E-012,   4.0888E-011,   1.1273E-011,  
869.000,   1.2092E-007,   2.1233E-006,   1.0627E-010,   1.6655E-010,   1.0187E-010,   3.0687E-009,   2.7634E-006,   4.2189E-012,   4.0014E-011,   1.1487E-011,  
875.047,   1.2771E-007,   2.2222E-006,   1.0862E-010,   1.5624E-010,   9.6436E-011,   3.1427E-009,   2.5707E-006,   4.7548E-012,   3.7632E-011,   1.0565E-011,  
881.031,   1.2729E-007,   2.3012E-006,   1.0205E-010,   1.4774E-010,   9.2894E-011,   3.2918E-009,   2.3630E-006,   3.6116E-012,   3.5983E-011,   1.0852E-011,  
887.047,   1.2981E-007,   2.4230E-006,   1.0039E-010,   1.3700E-010,   8.5277E-011,   3.3071E-009,   2.1730E-006,   7.9339E-012,   3.4134E-011,   9.3313E-012,  
893.094,   1.2889E-007,   2.5192E-006,   1.0132E-010,   1.2924E-010,   8.0348E-011,   3.2954E-009,   1.9702E-006,   3.4395E-012,   3.3191E-011,   8.7570E-012,  
899.094,   1.4258E-007,   2.6083E-006,   1.0406E-010,   1.1839E-010,   7.3270E-011,   3.2656E-009,   1.7688E-006,   3.4894E-012,   2.8960E-011,   8.1747E-012,  
905.110,   1.3047E-007,   2.6938E-006,   9.7799E-011,   1.0918E-010,   6.8819E-011,   3.2773E-009,   1.5698E-006,   3.0007E-012,   2.7601E-011,   7.0948E-012,  
911.141,   1.4123E-007,   2.8090E-006,   1.0227E-010,   1.0407E-010,   6.4674E-011,   3.1102E-009,   1.3749E-006,   2.9499E-012,   2.5426E-011,   8.5537E-012,  
917.172,   1.4846E-007,   2.8517E-006,   1.0257E-010,   9.1005E-011,   5.6084E-011,   2.9250E-009,   1.1907E-006,   8.3370E-012,   2.2147E-011,   8.6393E-012,  
923.188,   1.4233E-007,   2.9349E-006,   9.8427E-011,   8.1270E-011,   5.1024E-011,   3.0750E-009,   1.0120E-006,   6.8843E-012,   2.0303E-011,   6.5285E-012,  
929.219,   1.4264E-007,   2.9825E-006,   9.5695E-011,   7.1797E-011,   4.7245E-011,   3.2520E-009,   8.4594E-007,   6.8112E-012,   1.7933E-011,   8.1363E-012,  
935.235,   1.4799E-007,   3.0451E-006,   4.7493E-011,   6.3479E-011,   4.2503E-011,   3.1138E-009,   6.9600E-007,   7.2856E-013,   1.5453E-011,   8.1970E-012,  
941.266,   1.4947E-007,   3.0919E-006,   4.2399E-011,   5.7117E-011,   3.6646E-011,   3.3297E-009,   5.5357E-007,   1.1842E-012,   1.3976E-011,   7.8010E-012,  
947.266,   1.4135E-007,   3.1178E-006,   9.9830E-011,   4.8074E-011,   3.5126E-011,   2.8835E-009,   4.3776E-007,   1.0924E-012,   1.3033E-011,   7.7778E-012,  
953.328,   1.4282E-007,   3.1496E-006,   1.0421E-010,   4.3253E-011,   3.0761E-011,   2.7931E-009,   3.3790E-007,   4.3607E-013,   1.1402E-011,   6.6578E-012,  
959.313,   1.4354E-007,   3.1618E-006,   1.0264E-010,   3.7519E-011,   2.7988E-011,   3.1093E-009,   2.6299E-007,   7.2321E-013,   1.0311E-011,   8.5028E-012,  
965.360,   1.4188E-007,   3.2029E-006,   1.0059E-010,   3.3339E-011,   2.5995E-011,   3.0379E-009,   2.0515E-007,   5.5199E-013,   9.2760E-012,   1.1798E-012,  
971.375,   1.4815E-007,   3.1794E-006,   9.7924E-011,   3.1747E-011,   2.4887E-011,   3.1355E-009,   1.6246E-007,   4.6371E-013,   8.3495E-012,   5.6492E-012,  
977.406,   1.4510E-007,   3.1977E-006,   9.7768E-011,   2.8075E-011,   2.3342E-011,   3.2285E-009,   1.2893E-007,   2.8179E-013,   8.3842E-012,   1.2181E-012,  
983.422,   1.4466E-007,   3.1653E-006,   9.8296E-011,   2.6714E-011,   2.2954E-011,   3.2177E-009,   1.0679E-007,   4.3874E-013,   7.6753E-012,   1.3046E-012,  
989.422,   1.4450E-007,   3.1775E-006,   3.8466E-011,   2.5408E-011,   2.2186E-011,   3.0668E-009,   8.8712E-008,   1.1058E-013,   6.8798E-012,   1.1316E-012,  
995.469,   1.4620E-007,   3.1824E-006,   9.4310E-011,   2.3853E-011,   2.1761E-011,   2.8898E-009,   7.5794E-008,   4.5747E-013,   7.4550E-012,   8.5519E-013,  
1001.531,   1.4309E-007,   3.1893E-006,   7.9041E-011,   2.3272E-011,   2.0928E-011,   3.0244E-009,   6.4495E-008,   5.8053E-013,   7.6690E-012,   7.9544E-013,  
1007.547,   1.3931E-007,   3.1921E-006,   9.6995E-011,   2.2566E-011,   2.0727E-011,   3.0849E-009,   5.5830E-008,   2.8625E-013,   5.9605E-012,   1.0799E-012,  
1013.563,   1.3976E-007,   3.1792E-006,   9.3792E-011,   2.2092E-011,   1.9940E-011,   3.0461E-009,   4.8363E-008,   6.8397E-013,   7.6057E-012,   8.2219E-012,  
1019.625,   1.4285E-007,   3.1841E-006,   9.3456E-011,   2.1818E-011,   1.9190E-011,   3.2069E-009,   4.3514E-008,   2.4077E-013,   6.7461E-012,   7.7306E-012,  
1025.672,   1.4404E-007,   3.2017E-006,   9.6793E-011,   2.1712E-011,   2.1091E-011,   3.2529E-009,   3.9230E-008,   6.1174E-013,   5.7910E-012,   1.4527E-012,  
1031.703,   1.4541E-007,   3.1957E-006,   3.6778E-011,   2.1427E-011,   1.9585E-011,   3.2276E-009,   3.5574E-008,   5.8677E-013,   9.0477E-012,   7.5977E-013,  
1037.719,   1.4018E-007,   3.1966E-006,   3.8151E-011,   2.0763E-011,   1.9707E-011,   3.1265E-009,   3.2783E-008,   4.2626E-013,   5.8481E-012,   8.2130E-013,  
1043.797,   1.3175E-007,   3.1870E-006,   9.2548E-011,   2.1100E-011,   2.0126E-011,   3.1427E-009,   3.0347E-008,   6.6079E-013,   6.7675E-012,   7.4853E-012,  
1049.828,   1.3730E-007,   3.2018E-006,   9.4621E-011,   1.5422E-011,   1.9649E-011,   3.1039E-009,   2.8071E-008,   4.8422E-013,   5.5993E-012,   1.0318E-012,  
1055.875,   1.4221E-007,   3.1887E-006,   3.7266E-011,   2.2212E-011,   1.9627E-011,   2.8356E-009,   2.6360E-008,   4.9938E-013,   6.7354E-012,   1.1709E-012,  
1061.938,   1.3314E-007,   3.1938E-006,   9.4702E-011,   2.7871E-011,   1.9105E-011,   3.1445E-009,   2.5070E-008,   3.1479E-013,   8.3824E-012,   7.9990E-013,  
1067.985,   1.3647E-007,   3.1965E-006,   9.4596E-011,   3.5264E-011,   1.9660E-011,   2.9991E-009,   2.3586E-008,   6.2868E-013,   9.1172E-012,   4.6728E-013,  
1074.031,   1.3044E-007,   3.1985E-006,   8.9021E-011,   4.0937E-011,   1.9856E-011,   2.9196E-009,   2.2348E-008,   8.0257E-013,   8.0534E-012,   9.2207E-013,  
1080.078,   1.4366E-007,   3.1873E-006,   8.5505E-011,   4.5590E-011,   1.9100E-011,   3.0244E-009,   2.1249E-008,   5.1276E-013,   6.8201E-012,   8.4627E-013,  
1086.125,   1.4188E-007,   3.1852E-006,   8.9329E-011,   4.4117E-011,   1.8943E-011,   3.1798E-009,   2.0330E-008,   7.4194E-013,   6.8353E-012,   8.8997E-013,  
1092.188,   1.3316E-007,   3.0644E-006,   9.1907E-011,   4.3204E-011,   1.9149E-011,   3.3098E-009,   1.8696E-008,   6.1174E-013,   9.7914E-012,   8.8105E-013,  
1098.188,   1.2573E-007,   3.2824E-006,   7.5135E-011,   2.5583E-011,   1.4839E-011,   3.1165E-009,   1.7908E-008,   8.0257E-013,   6.8335E-012,   7.6780E-013,  
1104.188,   1.7070E-007,   3.7155E-006,   8.9778E-011,   4.9355E-011,   1.9953E-011,   3.1183E-009,   2.3004E-008,   7.4639E-013,   7.0234E-012,   1.0326E-012,  
1110.235,   1.7091E-007,   3.6883E-006,   9.1360E-011,   4.9943E-011,   2.0047E-011,   3.0560E-009,   2.2977E-008,   6.2422E-013,   5.4352E-012,   1.1905E-012,  
1116.281,   1.6728E-007,   3.6897E-006,   9.2507E-011,   4.8204E-011,   1.9964E-011,   3.2222E-009,   2.2396E-008,   8.6411E-013,   6.8424E-012,   7.0769E-012,  
1122.344,   1.6895E-007,   3.6837E-006,   8.7984E-011,   4.6906E-011,   2.0211E-011,   3.0307E-009,   2.1556E-008,   3.4511E-013,   9.0085E-012,   9.9073E-013,  
1128.406,   1.6944E-007,   3.6655E-006,   8.9522E-011,   4.3189E-011,   2.0136E-011,   2.8446E-009,   2.1197E-008,   3.7810E-013,   5.1900E-012,   5.0616E-012,  
1134.438,   1.6699E-007,   3.6878E-006,   9.2491E-011,   3.9307E-011,   2.0376E-011,   3.1265E-009,   2.0725E-008,   6.6435E-013,   8.9095E-012,   8.3040E-012,  
1140.406,   1.7574E-007,   3.6916E-006,   9.2877E-011,   3.4404E-011,   2.0002E-011,   3.1256E-009,   2.0741E-008,   1.1512E-012,   5.5297E-012,   8.0320E-012,  
1146.485,   1.7219E-007,   3.6941E-006,   9.1424E-011,   3.1919E-011,   1.9842E-011,   3.1527E-009,   1.9244E-008,   6.3127E-012,   7.7948E-012,   6.9173E-012,  
1152.563,   1.7134E-007,   3.6978E-006,   9.0110E-011,   2.7627E-011,   2.0109E-011,   2.9729E-009,   1.9305E-008,   6.3198E-012,   7.4889E-012,   8.9416E-012,  
1158.610,   1.7079E-007,   3.6702E-006,   2.7954E-011,   2.5707E-011,   1.9465E-011,   3.0343E-009,   1.8318E-008,   7.0439E-012,   7.1955E-012,   1.1318E-011,  
1164.625,   1.7254E-007,   3.6882E-006,   3.0344E-011,   2.4220E-011,   1.9650E-011,   3.3740E-009,   1.8258E-008,   6.9940E-012,   7.9410E-012,   1.4149E-011,  
1170.672,   1.7804E-007,   3.6807E-006,   3.3978E-011,   2.3612E-011,   2.0532E-011,   3.0154E-009,   1.7832E-008,   8.7989E-012,   9.0504E-012,   1.7807E-011,  
1176.672,   1.7351E-007,   3.6837E-006,   8.9365E-011,   2.3054E-011,   1.9964E-011,   3.1256E-009,   1.7265E-008,   4.3892E-012,   7.5139E-012,   2.0085E-011,  
1182.688,   1.7421E-007,   3.6879E-006,   3.7973E-011,   2.2122E-011,   1.9614E-011,   3.1165E-009,   1.6970E-008,   8.6152E-012,   8.6865E-012,   2.1106E-011,  
1188.703,   1.7405E-007,   3.6909E-006,   8.8495E-011,   2.1813E-011,   2.0213E-011,   3.1084E-009,   1.6947E-008,   4.9385E-012,   6.5160E-012,   2.0989E-011,  
1194.750,   1.7890E-007,   3.6803E-006,   9.0511E-011,   2.1234E-011,   2.0240E-011,   3.1626E-009,   1.6565E-008,   7.9187E-012,   7.7502E-012,   2.1329E-011,  
1200.813,   1.7850E-007,   3.7081E-006,   9.0999E-011,   2.1673E-011,   1.9691E-011,   3.1536E-009,   1.6215E-008,   4.2786E-012,   7.3382E-012,   1.8683E-011,  
1206.844,   1.7324E-007,   3.6891E-006,   8.6035E-011,   2.0669E-011,   1.9727E-011,   3.2132E-009,   1.5670E-008,   7.3088E-012,   7.0270E-012,   1.7538E-011,  
1212.891,   1.7481E-007,   3.6850E-006,   8.9501E-011,   2.0401E-011,   1.8877E-011,   3.3631E-009,   1.5556E-008,   8.2112E-012,   6.9351E-012,   1.3487E-011,  
1218.922,   1.6931E-007,   3.6828E-006,   9.3047E-011,   2.0519E-011,   1.9623E-011,   3.0443E-009,   1.4867E-008,   6.6551E-012,   9.0067E-012,   1.0952E-011,  
1224.938,   1.6828E-007,   3.6861E-006,   8.7565E-011,   2.0618E-011,   1.9768E-011,   3.0027E-009,   1.4927E-008,   6.4741E-012,   8.4850E-012,   9.5997E-012,  
1230.985,   1.6953E-007,   3.6736E-006,   8.8664E-011,   1.9945E-011,   1.9449E-011,   2.9919E-009,   1.4265E-008,   7.6521E-012,   6.5998E-012,   9.4971E-012,  
1237.016,   1.6293E-007,   3.6852E-006,   8.7320E-011,   2.0655E-011,   1.9753E-011,   3.0388E-009,   1.4655E-008,   8.2603E-012,   7.3828E-012,   8.3602E-012,  
1243.063,   1.6947E-007,   3.6754E-006,   8.8644E-011,   2.0702E-011,   1.9651E-011,   3.0605E-009,   1.4260E-008,   6.3234E-012,   8.2959E-012,   6.8201E-012,  
1249.094,   1.6420E-007,   3.6735E-006,   4.6100E-011,   2.0450E-011,   1.9980E-011,   3.1454E-009,   1.3923E-008,   1.1138E-012,   6.8977E-012,   7.5674E-012,  
1255.110,   1.6588E-007,   3.6906E-006,   8.6487E-011,   1.9654E-011,   1.9647E-011,   3.0587E-009,   1.4505E-008,   1.0781E-012,   7.7850E-012,   6.8950E-012,  
1261.172,   1.6409E-007,   3.7004E-006,   9.1424E-011,   1.9998E-011,   1.9032E-011,   2.9783E-009,   1.3864E-008,   9.0156E-013,   7.1242E-012,   8.5340E-012,  
1267.203,   1.6273E-007,   3.6710E-006,   8.6617E-011,   1.9531E-011,   1.9322E-011,   3.2665E-009,   1.3757E-008,   9.4793E-013,   8.5153E-012,   7.4345E-012,  
1273.219,   1.6005E-007,   3.6799E-006,   3.7745E-011,   1.9530E-011,   2.0006E-011,   2.9178E-009,   1.3940E-008,   4.9849E-013,   7.2749E-012,   8.3521E-012,  
1279.235,   1.6775E-007,   3.6846E-006,   8.7302E-011,   1.8877E-011,   1.9598E-011,   3.3559E-009,   1.4304E-008,   6.0550E-013,   7.3409E-012,   6.5178E-012,  
1285.281,   1.6566E-007,   3.6747E-006,   8.9931E-011,   1.9602E-011,   1.9340E-011,   3.1572E-009,   1.3687E-008,   1.1147E-013,   7.1857E-012,   9.9163E-013,  
1291.297,   1.6342E-007,   3.6963E-006,   8.6301E-011,   1.9181E-011,   1.8651E-011,   3.4977E-009,   1.4297E-008,   5.2078E-013,   7.2258E-012,   1.4009E-012,  
1297.313,   1.6042E-007,   3.6802E-006,   8.6291E-011,   1.9454E-011,   1.8907E-011,   3.2457E-009,   1.3857E-008,   1.8816E-013,   8.6732E-012,   7.0546E-012,  
1303.360,   1.6597E-007,   3.6772E-006,   8.4108E-011,   1.9684E-011,   1.8810E-011,   3.4128E-009,   1.3752E-008,   2.0243E-013,   8.3459E-012,   6.9851E-012,  
1309.375,   1.7060E-007,   3.6845E-006,   8.7494E-011,   1.9870E-011,   1.9588E-011,   3.3342E-009,   1.3221E-008,   5.4308E-013,   7.7101E-012,   6.1245E-012,  
1315.406,   1.6310E-007,   3.6765E-006,   4.2502E-011,   1.8754E-011,   1.9028E-011,   3.2502E-009,   1.3356E-008,   3.8434E-013,   7.5237E-012,   9.8717E-013,  
1321.422,   1.6952E-007,   3.6845E-006,   4.0387E-011,   1.8939E-011,   1.9800E-011,   2.9295E-009,   1.3114E-008,   2.7198E-013,   9.0896E-012,   8.8640E-013,  
1327.453,   1.6593E-007,   3.6724E-006,   8.9561E-011,   1.9454E-011,   1.8623E-011,   3.0768E-009,   1.3256E-008,   3.4154E-013,   8.9273E-012,   7.4550E-013,  
1333.500,   1.6490E-007,   3.6826E-006,   5.3475E-011,   1.9800E-011,   1.9091E-011,   3.4318E-009,   1.3009E-008,   6.6346E-013,   6.7711E-012,   9.0156E-013,  
1339.531,   1.6490E-007,   3.6782E-006,   8.3322E-011,   1.9700E-011,   1.8887E-011,   2.9928E-009,   1.2936E-008,   6.1352E-013,   6.7443E-012,   9.9965E-013,  
1345.594,   2.3568E-007,   3.2274E-006,   8.7339E-011,   1.8969E-011,   1.9026E-011,   3.0958E-009,   1.0956E-008,   5.9480E-013,   7.4916E-012,   1.0273E-012,  
1351.610,   4.1599E-009,   7.3983E-007,   4.8245E-011,   1.3478E-011,   1.3102E-011,   2.6594E-009,   3.1012E-009,   1.4268E-013,   7.1590E-012,   7.3569E-013,  
