Jul 23, 2026  01:14:45 PM
Residual Gas Analyzer Software 
RGA Software Version, 3.214.004

Pressure vs Time Scan Setup:

Active channels in Scan, 8 
Units, Torr
Sample Period, 1.00, sec
Focus Voltage, 90, Volts 
Ion Energy, HIGH 
Electron Energy, 70, eV 
CEM Voltage, 1159, Volts
CEM Gain, 1.01E+003 
Sensitivity Factor, 1.11E-004 
Filament Current, 1.00, mAmps
Start time, Jul 23, 2026  01:14:45 PM 
Channel,  Mass(amu),     Name,                 Cal Factor,  Noise Floor, CEM Status

1         2.00           Hydrogen              1.00         3            OFF
2         4.00           Helium                1.00         3            OFF
3         26.00          Dummy-26              1.00         3            ON
4         28.00          Nitrogen              1.00         3            ON
5         32.00          Oxygen                1.00         3            ON
6         40.00          Argon                 1.00         3            ON
7         44.00          Carbon dioxide        1.00         3            ON
8         84.00          Krypton               1.00         3            ON


Time(s)      Channel#1   Channel#2   Channel#3   Channel#4   Channel#5   Channel#6   Channel#7   Channel#8   

0.000,   7.2482E-008,   2.4435E-006,   1.0664E-011,   6.0863E-010,   1.0273E-010,   1.7963E-011,   8.4297E-012,   8.4092E-013,  
5.641,   1.0082E-007,   2.8455E-006,   6.6764E-011,   5.8994E-011,   2.4571E-011,   1.3992E-011,   7.0270E-012,   7.8831E-013,  
10.672,   1.0095E-007,   2.9856E-006,   1.8377E-011,   2.2691E-011,   1.8684E-011,   1.4675E-011,   8.5751E-012,   5.3148E-013,  
15.704,   1.0108E-007,   3.0130E-006,   6.4225E-011,   1.8181E-011,   1.8093E-011,   1.5192E-011,   8.2951E-012,   4.6460E-013,  
20.735,   1.0841E-007,   3.0188E-006,   6.8307E-011,   1.7483E-011,   1.8119E-011,   1.6804E-011,   7.0885E-012,   7.8385E-013,  
25.797,   1.0690E-007,   3.0238E-006,   2.7784E-011,   1.6702E-011,   1.7872E-011,   1.5640E-011,   7.0306E-012,   3.7097E-013,  
30.797,   1.0783E-007,   3.0226E-006,   6.5391E-011,   1.8565E-011,   1.6842E-011,   1.6047E-011,   7.2374E-012,   3.6562E-013,  
36.813,   1.0881E-007,   3.0242E-006,   6.4421E-011,   1.7444E-011,   1.7197E-011,   1.6598E-011,   7.3159E-012,   9.4971E-013,  
41.860,   1.0994E-007,   3.0137E-006,   2.4505E-011,   1.6883E-011,   1.8169E-011,   1.7350E-011,   7.0243E-012,   5.1543E-013,  
46.860,   1.0650E-007,   3.0242E-006,   6.5435E-011,   1.6495E-011,   1.8130E-011,   1.7917E-011,   7.2223E-012,   5.1989E-013,  
51.922,   1.0873E-007,   3.0043E-006,   2.3573E-011,   1.7766E-011,   1.7273E-011,   1.6535E-011,   7.7894E-012,   5.7340E-013,  
56.954,   1.0537E-007,   3.0157E-006,   6.4994E-011,   1.6852E-011,   1.7329E-011,   1.6566E-011,   7.6548E-012,   3.9683E-013,  
61.985,   1.0561E-007,   3.0150E-006,   6.5347E-011,   1.6655E-011,   1.7560E-011,   1.7246E-011,   7.3453E-012,   4.5836E-013,  
67.047,   1.1338E-007,   3.0013E-006,   6.3976E-011,   1.7163E-011,   1.6680E-011,   1.7106E-011,   7.8554E-012,   7.1518E-013,  
73.047,   1.1302E-007,   3.0092E-006,   6.1880E-011,   1.7812E-011,   1.7888E-011,   1.7744E-011,   7.4978E-012,   5.7607E-013,  
78.047,   1.1238E-007,   3.0068E-006,   6.4739E-011,   1.6653E-011,   1.7699E-011,   1.9141E-011,   8.7445E-012,   8.4895E-013,  
84.063,   1.0383E-007,   3.0098E-006,   6.7587E-011,   1.6213E-011,   1.8123E-011,   1.8127E-011,   7.9410E-012,   4.7530E-013,  
89.063,   1.0781E-007,   2.9947E-006,   3.6052E-011,   1.6946E-011,   1.8327E-011,   1.7235E-011,   8.4832E-012,   6.8754E-013,  
94.094,   1.0384E-007,   2.9945E-006,   2.2369E-011,   1.7164E-011,   1.6768E-011,   1.8149E-011,   8.5751E-012,   5.7072E-013,  
99.110,   1.0534E-007,   3.0037E-006,   2.3668E-011,   1.7169E-011,   1.7717E-011,   1.6814E-011,   8.1934E-012,   6.8576E-013,  
104.141,   1.0380E-007,   3.0065E-006,   6.8711E-011,   1.7295E-011,   1.6812E-011,   1.7222E-011,   7.4104E-012,   6.8665E-013,  
109.172,   1.0624E-007,   3.0118E-006,   6.5957E-011,   1.7188E-011,   1.7048E-011,   1.6315E-011,   6.8263E-012,   9.1939E-013,  
114.219,   1.0696E-007,   3.0081E-006,   6.5486E-011,   1.7153E-011,   1.7164E-011,   1.7305E-011,   7.2107E-012,   6.9378E-013,  
119.219,   1.0628E-007,   3.0041E-006,   6.5933E-011,   1.7205E-011,   1.6720E-011,   1.6470E-011,   8.0578E-012,   7.8385E-013,  
124.266,   1.0939E-007,   3.0200E-006,   6.6347E-011,   1.7442E-011,   1.6946E-011,   1.6214E-011,   7.6075E-012,   8.1328E-013,  
129.313,   1.1024E-007,   3.0085E-006,   6.2316E-011,   1.6612E-011,   1.7093E-011,   1.6997E-011,   7.0306E-012,   6.6257E-013,  
134.360,   1.0616E-007,   3.0168E-006,   6.5391E-011,   1.7378E-011,   1.6780E-011,   1.6195E-011,   6.5588E-012,   5.6894E-013,  
139.407,   1.0465E-007,   2.9960E-006,   6.8536E-011,   1.6777E-011,   1.7622E-011,   1.5832E-011,   7.3168E-012,   5.3237E-013,  
144.422,   1.0741E-007,   3.0014E-006,   6.5217E-011,   1.7512E-011,   1.7233E-011,   1.6118E-011,   8.5991E-012,   5.9301E-013,  
149.454,   9.6925E-008,   3.0022E-006,   6.3849E-011,   1.6645E-011,   1.7024E-011,   1.5705E-011,   6.8593E-012,   5.9569E-013,  
154.469,   1.0474E-007,   3.0077E-006,   6.5430E-011,   1.6957E-011,   1.8403E-011,   1.5489E-011,   8.1747E-012,   6.8397E-013,  
159.516,   1.0353E-007,   3.0106E-006,   6.2949E-011,   1.6364E-011,   1.7404E-011,   1.5934E-011,   7.1955E-012,   4.5479E-013,  
164.563,   1.0660E-007,   3.0087E-006,   2.1439E-011,   1.5784E-011,   1.6752E-011,   1.6186E-011,   7.0029E-012,   6.4117E-013,  
170.563,   1.0315E-007,   2.9980E-006,   2.5983E-011,   1.7761E-011,   1.6533E-011,   1.5993E-011,   5.6216E-012,   8.8997E-013,  
175.594,   1.0286E-007,   2.9728E-006,   6.1435E-011,   1.7021E-011,   1.6785E-011,   1.6287E-011,   7.0716E-012,   5.4843E-013,  
180.594,   1.0408E-007,   2.9881E-006,   6.7232E-011,   1.6367E-011,   1.7124E-011,   1.5844E-011,   6.3921E-012,   6.1174E-013,  
185.641,   1.0252E-007,   2.9917E-006,   1.9991E-011,   1.6010E-011,   1.7111E-011,   1.5344E-011,   6.9227E-012,   7.6869E-013,  
190.657,   1.0176E-007,   2.9704E-006,   6.3151E-011,   1.6859E-011,   1.7596E-011,   1.5945E-011,   6.4910E-012,   7.6601E-013,  
195.704,   9.9179E-008,   2.9697E-006,   6.4078E-011,   1.6912E-011,   1.6743E-011,   1.5829E-011,   7.3587E-012,   8.1060E-013,  
200.719,   9.8418E-008,   2.9969E-006,   6.3838E-011,   1.6863E-011,   1.6441E-011,   1.5764E-011,   8.5795E-012,   6.1887E-013,  
205.766,   9.6485E-008,   2.9836E-006,   6.3002E-011,   1.6083E-011,   1.7823E-011,   1.6037E-011,   8.7079E-012,   8.5875E-013,  
210.782,   1.0145E-007,   2.9567E-006,   2.4294E-011,   1.7402E-011,   1.7013E-011,   1.5668E-011,   6.5731E-012,   5.7964E-013,  
215.813,   1.0288E-007,   2.9726E-006,   5.8378E-011,   1.6496E-011,   1.6496E-011,   1.6190E-011,   7.6753E-012,   5.5913E-013,  
220.844,   1.0388E-007,   2.9821E-006,   6.4515E-011,   1.7173E-011,   1.7006E-011,   1.5547E-011,   7.7270E-012,   5.3505E-013,  
225.907,   1.0106E-007,   2.9664E-006,   6.4228E-011,   1.6889E-011,   1.7050E-011,   1.6162E-011,   8.7044E-012,   7.2678E-013,  
230.954,   1.0208E-007,   2.9899E-006,   1.2902E-011,   1.7233E-011,   1.6318E-011,   1.5462E-011,   7.8581E-012,   6.2422E-013,  
236.016,   1.0360E-007,   2.9834E-006,   6.3877E-011,   1.6509E-011,   1.6622E-011,   1.5351E-011,   7.4987E-012,   8.8194E-013,  
241.047,   9.4170E-008,   2.9718E-006,   6.2636E-011,   1.5936E-011,   1.6741E-011,   1.5504E-011,   8.4458E-012,   7.8385E-013,  
247.016,   1.0148E-007,   2.9840E-006,   1.7994E-011,   1.7433E-011,   1.6127E-011,   1.5307E-011,   7.7814E-012,   6.6703E-013,  
252.063,   1.0229E-007,   2.9636E-006,   2.6228E-011,   1.8518E-011,   1.6810E-011,   1.5270E-011,   7.1866E-012,   5.2792E-013,  
257.079,   1.0554E-007,   2.9776E-006,   6.1419E-011,   1.9309E-011,   1.6579E-011,   1.5929E-011,   7.2972E-012,   9.8717E-013,  
262.094,   1.0039E-007,   2.9708E-006,   5.5303E-011,   2.0789E-011,   1.6195E-011,   1.5130E-011,   6.7541E-012,   5.8855E-013,  
267.141,   1.0420E-007,   2.9836E-006,   5.7328E-011,   1.9083E-011,   1.6167E-011,   1.5490E-011,   7.8331E-012,   6.7060E-013,  
272.157,   1.0157E-007,   2.9712E-006,   1.9247E-011,   1.8687E-011,   1.6971E-011,   1.4816E-011,   7.0751E-012,   6.7149E-013,  
277.188,   9.9655E-008,   2.9774E-006,   2.0299E-011,   1.7811E-011,   1.7518E-011,   1.4864E-011,   6.5963E-012,   6.7684E-013,  
282.235,   9.1119E-008,   2.9620E-006,   2.0171E-011,   1.6987E-011,   1.7243E-011,   1.4678E-011,   6.8121E-012,   6.7060E-013,  
287.250,   9.8173E-008,   2.9666E-006,   6.2483E-011,   1.5821E-011,   1.6874E-011,   1.4906E-011,   9.0174E-012,   4.7709E-013,  
292.282,   9.8532E-008,   2.9786E-006,   6.1814E-011,   1.6240E-011,   1.7356E-011,   1.5175E-011,   8.6036E-012,   6.1709E-013,  
297.344,   1.0228E-007,   2.9755E-006,   5.8719E-011,   1.6542E-011,   1.6521E-011,   1.4863E-011,   9.1654E-012,   7.8385E-013,  
302.360,   9.8467E-008,   2.9509E-006,   5.4723E-011,   1.6559E-011,   1.7121E-011,   1.4239E-011,   6.9548E-012,   5.6804E-013,  
307.375,   1.0214E-007,   2.9642E-006,   5.8778E-011,   1.6143E-011,   1.7125E-011,   1.4527E-011,   6.9610E-012,   5.0919E-013,  
312.454,   1.0229E-007,   2.9648E-006,   5.4437E-011,   1.6615E-011,   1.6348E-011,   1.5911E-011,   8.2077E-012,   7.2232E-013,  
317.454,   1.0268E-007,   2.9642E-006,   5.9920E-011,   1.6664E-011,   1.6549E-011,   1.4801E-011,   8.6696E-012,   7.0181E-013,  
322.485,   9.7369E-008,   2.9703E-006,   1.8752E-011,   1.6116E-011,   1.6962E-011,   1.5500E-011,   6.8620E-012,   6.8754E-013,  
327.500,   1.0411E-007,   2.9764E-006,   5.9218E-011,   1.7943E-011,   1.6186E-011,   1.4655E-011,   8.4012E-012,   7.3480E-013,  
332.516,   1.0210E-007,   2.9694E-006,   1.8593E-011,   1.6780E-011,   1.6641E-011,   1.4773E-011,   6.6810E-012,   6.8397E-013,  
337.579,   9.8528E-008,   2.9556E-006,   5.6491E-011,   1.6027E-011,   1.6505E-011,   1.4429E-011,   7.7359E-012,   7.2321E-013,  
342.610,   9.4446E-008,   2.9458E-006,   5.4972E-011,   1.6706E-011,   1.6426E-011,   1.4608E-011,   7.8046E-012,   4.4231E-013,  
347.657,   9.8546E-008,   2.9675E-006,   5.9333E-011,   1.7123E-011,   1.6720E-011,   1.3918E-011,   7.3783E-012,   7.5620E-013,  
353.657,   9.4025E-008,   2.9597E-006,   1.8285E-011,   1.6739E-011,   1.6867E-011,   1.4614E-011,   8.6705E-012,   6.0015E-013,  
358.688,   9.3244E-008,   2.9522E-006,   5.7066E-011,   1.6012E-011,   1.6505E-011,   1.4522E-011,   6.0906E-012,   4.6014E-013,  
363.719,   9.8920E-008,   2.9451E-006,   5.7270E-011,   1.6216E-011,   1.6723E-011,   1.4202E-011,   7.2232E-012,   8.0703E-013,  
368.782,   9.9474E-008,   2.9567E-006,   2.4848E-011,   1.6138E-011,   1.7038E-011,   1.4834E-011,   8.4681E-012,   6.3849E-013,  
374.797,   9.6621E-008,   2.9609E-006,   5.7437E-011,   1.6711E-011,   1.6951E-011,   1.4577E-011,   7.0118E-012,   6.6614E-013,  
379.829,   1.0036E-007,   2.9568E-006,   2.2311E-011,   1.6616E-011,   1.6142E-011,   1.4168E-011,   6.5223E-012,   7.4104E-013,  
384.875,   1.0027E-007,   2.9506E-006,   3.1215E-011,   1.4819E-010,   1.6349E-011,   1.4822E-011,   7.1804E-012,   9.2920E-013,  
389.954,   9.9100E-008,   2.9540E-006,   1.7882E-011,   1.6974E-011,   1.6281E-011,   1.5090E-011,   8.8426E-012,   5.0473E-013,  
395.000,   9.8248E-008,   2.9514E-006,   5.5211E-011,   1.6892E-011,   1.6506E-011,   1.4744E-011,   7.6423E-012,   8.4092E-013,  
401.000,   9.5218E-008,   2.9640E-006,   5.6897E-011,   1.6002E-011,   1.7275E-011,   1.4257E-011,   8.7766E-012,   7.8296E-013,  
406.047,   9.8679E-008,   2.9643E-006,   5.9760E-011,   1.8078E-011,   1.6783E-011,   1.4635E-011,   8.0846E-012,   6.9735E-013,  
412.063,   1.0102E-007,   2.9497E-006,   1.8957E-011,   1.6193E-011,   1.6710E-011,   1.4734E-011,   7.8920E-012,   5.8766E-013,  
417.094,   9.9280E-008,   2.9558E-006,   5.4409E-011,   1.6872E-011,   1.5784E-011,   1.5423E-011,   6.8237E-012,   5.9658E-013,  
422.125,   9.5954E-008,   2.9693E-006,   5.6410E-011,   1.6586E-011,   1.6755E-011,   1.4578E-011,   7.4140E-012,   1.1914E-012,  
427.188,   9.7995E-008,   2.9429E-006,   5.4145E-011,   1.6392E-011,   1.6743E-011,   1.4404E-011,   7.9821E-012,   4.9135E-013,  
432.235,   8.9252E-008,   2.9482E-006,   5.5160E-011,   1.6914E-011,   1.6664E-011,   1.3967E-011,   8.3236E-012,   6.8308E-013,  
437.235,   9.7873E-008,   2.9459E-006,   2.6990E-011,   1.6592E-011,   1.7010E-011,   1.4164E-011,   8.3495E-012,   5.0919E-013,  
442.266,   9.5274E-008,   2.9373E-006,   5.1948E-011,   1.6475E-011,   1.6645E-011,   1.3902E-011,   7.9170E-012,   9.6666E-013,  
447.297,   9.4673E-008,   2.9516E-006,   5.4659E-011,   1.6338E-011,   1.6480E-011,   1.4454E-011,   7.3168E-012,   7.7493E-013,  
453.297,   9.2381E-008,   2.9596E-006,   5.2481E-011,   1.6621E-011,   1.7047E-011,   1.4272E-011,   7.6307E-012,   4.7084E-013,  
458.313,   9.4767E-008,   2.9439E-006,   5.4950E-011,   1.6121E-011,   1.6760E-011,   1.3918E-011,   7.5611E-012,   8.4360E-013,  
463.344,   9.8392E-008,   2.9415E-006,   5.4311E-011,   1.6542E-011,   1.6500E-011,   1.3765E-011,   7.4363E-012,   6.8576E-013,  
468.344,   9.1404E-008,   2.9503E-006,   5.5071E-011,   1.6483E-011,   1.6254E-011,   1.4457E-011,   6.7541E-012,   4.9403E-013,  
473.407,   9.6964E-008,   2.9675E-006,   5.2710E-011,   1.6359E-011,   1.6998E-011,   1.3618E-011,   8.4368E-012,   7.8028E-013,  
478.438,   9.1325E-008,   2.9500E-006,   5.2737E-011,   1.6673E-011,   1.6285E-011,   1.4531E-011,   6.4991E-012,   6.0461E-013,  
483.485,   9.6783E-008,   2.9527E-006,  -7.5799E-014,   1.5969E-011,   1.6685E-011,   1.3662E-011,   8.4092E-012,   6.8576E-013,  
488.469,   9.4503E-008,   2.9528E-006,   4.8730E-011,   1.6790E-011,   1.6591E-011,   1.4343E-011,   6.4812E-012,   7.1429E-013,  
493.516,   9.1917E-008,   2.9481E-006,   2.5423E-011,   1.6612E-011,   1.6453E-011,   1.3967E-011,   6.8611E-012,   2.2205E-013,  
498.594,   9.2995E-008,   2.9398E-006,   5.4244E-011,   1.6035E-011,   1.6588E-011,   1.3344E-011,   6.4946E-012,   5.4397E-013,  
503.641,   9.5144E-008,   2.9346E-006,   5.1246E-011,   1.6079E-011,   1.6037E-011,   1.3646E-011,   7.9027E-012,   5.6894E-013,  
508.657,   9.6666E-008,   2.9528E-006,   5.2083E-011,   1.6494E-011,   1.6274E-011,   1.4712E-011,   6.7015E-012,   7.6958E-013,  
513.704,   9.1216E-008,   2.9368E-006,   5.5675E-011,   1.6016E-011,   1.4516E-011,   1.3902E-011,   7.4336E-012,   4.0931E-013,  
518.750,   9.5297E-008,   2.9278E-006,   5.1503E-011,   1.7075E-011,   1.6126E-011,   1.4277E-011,   7.0850E-012,   7.7493E-013,  
523.782,   9.7263E-008,   2.9519E-006,   5.0502E-011,   1.6223E-011,   1.5832E-011,   1.4028E-011,   7.7698E-012,   7.4729E-013,  
528.813,   8.9382E-008,   2.9365E-006,   5.0833E-011,   1.6379E-011,   1.6381E-011,   1.3841E-011,   6.3180E-012,   8.4181E-013,  
533.860,   9.4035E-008,   2.9489E-006,   1.7524E-011,   1.6341E-011,   1.6229E-011,   1.3701E-011,   7.3320E-012,   5.5288E-013,  
538.907,   9.4487E-008,   2.9272E-006,   5.2535E-011,   1.7341E-011,   1.6188E-011,   1.3245E-011,   8.8854E-012,   6.1977E-013,  
543.938,   9.2600E-008,   2.9321E-006,   5.0634E-011,   1.6587E-011,   1.7394E-011,   1.3772E-011,   7.3641E-012,   8.4716E-014,  
548.985,   9.3297E-008,   2.9492E-006,   5.1795E-011,   1.6430E-011,   1.6669E-011,   1.3460E-011,   7.4202E-012,   6.4563E-013,  
553.985,   9.1211E-008,   2.9402E-006,   4.9662E-011,   1.6329E-011,   1.6903E-011,   1.3709E-011,   6.2458E-012,   3.0855E-013,  
558.985,   9.4229E-008,   2.9074E-006,   5.0458E-011,   1.6554E-011,   1.6568E-011,   1.3460E-011,   8.3066E-012,   4.8779E-013,  
564.000,   8.8312E-008,   2.9411E-006,   5.0532E-011,   1.6387E-011,   1.6710E-011,   1.3539E-011,   8.3994E-012,   4.4587E-013,  
569.047,   9.4917E-008,   2.9285E-006,   5.2482E-011,   1.6088E-011,   1.6804E-011,   1.2771E-011,   6.7648E-012,   2.4434E-013,  
574.079,   9.1413E-008,   2.9315E-006,   4.9046E-011,   1.6504E-011,   1.6120E-011,   1.3542E-011,   7.3632E-012,   6.3938E-013,  
579.110,   9.1902E-008,   2.9575E-006,   4.5562E-011,   1.6854E-011,   1.6505E-011,   1.3621E-011,   6.3457E-012,   8.1952E-013,  
584.157,   9.2058E-008,   2.9461E-006,   5.1477E-011,   1.6057E-011,   1.7075E-011,   1.3662E-011,   7.7538E-012,   6.2155E-013,  
589.188,   9.1370E-008,   2.9240E-006,   5.1252E-011,   1.6606E-011,   1.6528E-011,   1.3243E-011,   8.4520E-012,   5.3862E-013,  
594.235,   8.3737E-008,   2.9380E-006,   5.1863E-011,   1.5741E-011,   1.5988E-011,   1.3810E-011,   6.7711E-012,   7.4639E-013,  
599.266,   9.2272E-008,   2.9243E-006,   5.1684E-011,   1.6682E-011,   1.7103E-011,   1.3910E-011,   8.1961E-012,   7.3659E-013,  
604.297,   9.0382E-008,   2.9065E-006,   4.8655E-011,   1.6620E-011,   1.6616E-011,   1.2796E-011,   6.4946E-012,   1.0362E-012,  
609.344,   8.5388E-008,   2.8405E-006,   4.9073E-011,   1.6602E-011,   1.6213E-011,   1.3415E-011,   7.2999E-012,   6.0015E-013,  
614.391,   8.5555E-008,   2.8686E-006,   4.8550E-011,   1.6636E-011,   1.6447E-011,   1.2545E-011,   6.7657E-012,   7.4996E-013,  
619.422,   9.2257E-008,   2.8818E-006,   4.8846E-011,   1.6631E-011,   1.6027E-011,   1.3507E-011,   9.0423E-012,   2.6663E-013,  
624.422,   9.0031E-008,   2.8951E-006,   5.0799E-011,   1.5794E-011,   1.6694E-011,   1.3253E-011,   7.3391E-012,   4.7441E-013,  
629.469,   8.8988E-008,   2.9168E-006,   4.8277E-011,   1.6636E-011,   1.6528E-011,   1.3651E-011,   7.2535E-012,   8.7748E-013,  
634.532,   8.7834E-008,   2.9105E-006,   5.0516E-011,   1.6040E-011,   1.6467E-011,   1.2792E-011,   6.9895E-012,   4.1645E-013,  
639.563,   8.9913E-008,   2.8963E-006,   5.0749E-011,   1.6099E-011,   1.6132E-011,   1.4072E-011,   6.5116E-012,   8.3200E-013,  
644.563,   9.0075E-008,   2.9083E-006,   5.0788E-011,   1.6358E-011,   1.6960E-011,   1.3360E-011,   8.4422E-012,   6.7149E-013,  
649.594,   9.0311E-008,   2.9128E-006,   4.7248E-011,   1.6800E-011,   1.6382E-011,   1.3461E-011,   7.2758E-012,   6.7862E-013,  
654.625,   9.3137E-008,   2.9073E-006,   5.1419E-011,   1.6109E-011,   1.6631E-011,   1.3171E-011,   7.5389E-012,   7.2143E-013,  
659.625,   8.5855E-008,   2.9050E-006,   4.8605E-011,   1.6302E-011,   1.5096E-011,   1.3141E-011,   8.1711E-012,   3.6473E-013,  
664.688,   8.5883E-008,   2.9040E-006,   4.9367E-011,   1.6847E-011,   1.7010E-011,   1.2707E-011,   7.4283E-012,   8.8729E-013,  
669.719,   8.8708E-008,   2.9284E-006,   5.0501E-011,   1.5965E-011,   1.6461E-011,   1.2979E-011,   9.1048E-012,   6.2690E-013,  
674.750,   8.9913E-008,   2.9022E-006,   4.8804E-011,   1.5624E-011,   1.6430E-011,   1.2527E-011,   7.0573E-012,   4.5212E-013,  
680.735,   8.5923E-008,   2.9241E-006,   5.1406E-011,   1.7203E-011,   1.6376E-011,   1.2758E-011,   7.8626E-012,   4.5212E-013,  
685.766,   8.8535E-008,   2.9134E-006,   1.4476E-011,   1.6534E-011,   1.5693E-011,   1.3263E-011,   7.5692E-012,   3.1746E-013,  
690.813,   8.4736E-008,   2.9102E-006,   1.5944E-011,   1.5885E-011,   1.6332E-011,   1.3586E-011,   6.9967E-012,   6.0906E-013,  
695.829,   8.6763E-008,   2.8914E-006,   1.7901E-011,   1.6030E-011,   1.6011E-011,   1.3341E-011,   7.8929E-012,   6.5900E-013,  
700.860,   8.2936E-008,   2.8992E-006,   2.3202E-011,   1.6437E-011,   1.6641E-011,   1.3728E-011,   7.6753E-012,   7.2232E-013,  
705.875,   8.5042E-008,   2.9019E-006,   5.0939E-011,   1.6080E-011,   1.6559E-011,   1.2979E-011,   8.5439E-012,   4.5390E-013,  
710.907,   8.7256E-008,   2.8946E-006,   5.0141E-011,   1.7205E-011,   1.6324E-011,   1.2668E-011,   8.6402E-012,   4.0396E-013,  
715.891,   8.5551E-008,   2.8722E-006,   5.0596E-011,   1.5875E-011,   1.6488E-011,   1.3220E-011,   7.5799E-012,   7.5799E-013,  
720.938,   8.8245E-008,   2.9000E-006,   4.2322E-012,   1.6128E-011,   1.6522E-011,   3.7583E-010,   8.9942E-012,   4.7530E-013,  
725.969,   8.7146E-008,   2.8911E-006,   5.3785E-011,   2.1183E-011,   2.0763E-011,   3.1168E-009,   5.0027E-012,   1.3688E-012,  
730.985,   9.0997E-008,   2.9193E-006,   5.3816E-011,   2.1647E-011,   2.2739E-011,   3.1676E-009,   5.0152E-012,   1.1049E-012,  
735.985,   8.7378E-008,   2.9255E-006,   4.9705E-011,   2.0391E-011,   2.0374E-011,   2.0584E-009,   4.9519E-012,   7.3685E-012,  
741.047,   8.7520E-008,   2.9162E-006,   5.1291E-011,   1.8532E-011,   1.9124E-011,   1.0706E-009,   4.4356E-012,   7.3123E-013,  
746.125,   8.8182E-008,   2.9261E-006,   5.2129E-011,   1.7833E-011,   1.7079E-011,   5.0434E-010,   9.3696E-012,   6.6792E-013,  
752.110,   9.1220E-008,   2.9277E-006,   2.0430E-011,   1.5963E-011,   1.6371E-011,   1.9665E-010,   7.5201E-012,   6.0104E-013,  
757.172,   9.1814E-008,   2.9167E-006,   4.8422E-011,   1.6270E-011,   1.6258E-011,   9.8668E-011,   8.2870E-012,   3.8791E-013,  
762.188,   8.3453E-008,   2.9177E-006,   4.5272E-011,   1.5623E-011,   1.7278E-011,   5.7801E-011,   7.4934E-012,   7.0894E-013,  
767.219,   8.7498E-008,   2.9173E-006,   5.0782E-011,   1.6599E-011,   1.5532E-011,   3.8022E-011,   8.6393E-012,   3.5938E-013,  
772.282,   8.9371E-008,   2.9176E-006,   5.1000E-011,   1.6256E-011,   1.5771E-011,   2.8924E-011,   8.6214E-012,   4.3161E-013,  
777.360,   8.9235E-008,   2.9222E-006,   4.8830E-011,   1.6376E-011,   1.6317E-011,   2.3791E-011,   7.1777E-012,   3.6383E-013,  
782.375,   8.7774E-008,   2.9276E-006,   4.5428E-011,   1.6769E-011,   1.6383E-011,   2.0675E-011,   9.2724E-012,   6.4563E-013,  
787.454,   8.9154E-008,   2.9052E-006,   4.5922E-011,   1.6258E-011,   1.6113E-011,   1.9125E-011,   8.7231E-012,   5.3951E-013,  
792.516,   8.6501E-008,   2.9279E-006,   4.9114E-011,   1.6288E-011,   1.6603E-011,   1.7715E-011,   8.2745E-012,   4.1020E-013,  
797.563,   8.3350E-008,   2.9260E-006,   4.5230E-011,   1.5519E-011,   1.6732E-011,   1.6675E-011,   8.8551E-012,   4.0129E-013,  
802.547,   8.1212E-008,   2.9237E-006,   1.5179E-011,   1.7016E-011,   1.6824E-011,   1.6113E-011,   7.9990E-012,   4.5390E-013,  
807.625,   8.4343E-008,   2.9304E-006,   4.6419E-011,   1.5422E-011,   1.5565E-011,   1.4979E-011,   8.4538E-012,   4.6728E-013,  
812.625,   8.6577E-008,   2.9194E-006,   1.4306E-011,   1.5662E-011,   1.5425E-011,   1.4942E-011,   6.4251E-012,   3.6473E-013,  
817.688,   8.5984E-008,   2.9237E-006,   4.5750E-011,   1.5725E-011,   1.6420E-011,   1.4433E-011,   6.2387E-012,   2.6931E-013,  
822.719,   8.4737E-008,   2.9021E-006,   1.4295E-011,   1.5717E-011,   1.5365E-011,   1.4075E-011,   8.5180E-012,   2.7912E-013,  
827.719,   8.8900E-008,   2.9210E-006,   4.7540E-011,   1.6174E-011,   1.6218E-011,   1.3737E-011,   6.5918E-012,   4.5925E-013,  
832.735,   9.0108E-008,   2.9149E-006,   1.8251E-011,   1.5934E-011,   1.6176E-011,   1.3925E-011,   7.3507E-012,   7.3748E-013,  
837.797,   8.6123E-008,   2.9273E-006,   4.8483E-011,   1.9471E-011,   1.8491E-011,   1.3478E-011,   7.4113E-012,   4.7798E-013,  
842.797,   8.7852E-008,   2.9094E-006,   4.6396E-011,   1.9751E-011,   1.7350E-011,   1.3966E-011,   7.0885E-012,   3.8702E-013,  
847.829,   8.5859E-008,   2.9213E-006,   4.5897E-011,   1.6740E-011,   1.6407E-011,   1.4328E-011,   7.6753E-012,   4.4944E-013,  
852.844,   8.7434E-008,   2.9070E-006,   4.7715E-011,   1.5809E-011,   1.6027E-011,   1.2969E-011,   6.8995E-012,   6.0193E-013,  
857.875,   8.4320E-008,   2.9107E-006,   1.3843E-011,   1.5918E-011,   1.5822E-011,   1.3540E-011,   8.8702E-012,   2.6307E-013,  
862.907,   8.7715E-008,   2.9279E-006,   4.7527E-011,   1.5944E-011,   1.6101E-011,   1.3407E-011,   6.9360E-012,  -3.7097E-013,  
867.922,   8.7497E-008,   2.9383E-006,   4.4431E-011,   1.5931E-011,   1.6032E-011,   1.2931E-011,   6.2699E-012,   4.9938E-013,  
872.985,   8.8084E-008,   2.9254E-006,   4.3865E-011,   1.5583E-011,   1.6219E-011,   1.3073E-011,   7.7600E-012,   3.9059E-013,  
878.016,   8.5724E-008,   2.9121E-006,   1.3102E-011,   1.5505E-011,   1.6353E-011,   1.2933E-011,   8.1372E-012,   8.1417E-013,  
883.047,   8.6212E-008,   2.9222E-006,   2.5746E-011,   1.7913E-011,   1.6824E-011,   1.3431E-011,   6.7604E-012,   1.0790E-013,  
888.110,   8.4291E-008,   2.9060E-006,   4.6933E-011,   1.6505E-011,   1.6525E-011,   1.3047E-011,   8.0971E-012,   6.0282E-013,  
893.110,   8.8531E-008,   2.9392E-006,   1.3589E-011,   1.5587E-011,   1.6953E-011,   1.3109E-011,   8.0249E-012,   3.7275E-013,  
898.157,   8.4959E-008,   2.9142E-006,   1.4000E-011,   1.7964E-011,   1.5610E-011,   1.2942E-011,   6.5767E-012,   7.3480E-013,  
903.172,   8.4742E-008,   2.9036E-006,   4.2327E-011,   2.4392E-011,   1.6061E-011,   1.2452E-011,   7.9063E-012,   4.1288E-013,  
908.235,   8.6937E-008,   2.9218E-006,   4.4566E-011,   3.9262E-011,   1.6137E-011,   1.2973E-011,   6.3448E-012,   1.3822E-013,  
914.250,   8.1096E-008,   2.9193E-006,   4.5337E-011,   5.8319E-011,   1.6603E-011,   1.2887E-011,   8.5813E-012,   4.7798E-013,  
919.266,   8.2715E-008,   2.9172E-006,   4.3943E-011,   6.2132E-011,   1.6059E-011,   1.3239E-011,   8.2291E-012,   3.1746E-013,  
924.297,   8.5505E-008,   2.9106E-006,   4.6169E-011,   5.3532E-011,   1.6505E-011,   1.2795E-011,   7.0939E-012,   1.8281E-013,  
929.360,   5.6260E-009,   7.3022E-007,   4.9217E-011,   4.0032E-011,   1.6591E-011,   1.2057E-011,   7.6655E-012,   4.3161E-013,  
935.360,   9.8585E-008,   3.1501E-006,   3.9859E-011,   2.1068E-011,   1.6060E-011,   1.1088E-011,   6.4652E-012,   2.7555E-013,  
940.375,   9.3976E-008,   3.1366E-006,   1.3268E-011,   2.3914E-011,   1.6464E-011,   1.2930E-011,   7.4024E-012,   5.8766E-013,  
945.454,   9.4846E-008,   3.1434E-006,   4.4800E-011,   2.2627E-011,   1.6714E-011,   1.3421E-011,   8.3468E-012,   7.1162E-013,  
950.485,   9.3865E-008,   3.1445E-006,   4.4687E-011,   2.1228E-011,   1.6308E-011,   1.3063E-011,   8.0115E-012,   5.8258E-012,  
956.485,   9.6920E-008,   3.1575E-006,   1.0225E-011,   1.9433E-011,   1.6367E-011,   1.3286E-011,   8.5269E-012,   6.9539E-012,  
961.500,   9.5985E-008,   3.1612E-006,   1.3036E-011,   1.8552E-011,   1.5987E-011,   1.3646E-011,   8.1105E-012,   8.7302E-012,  
966.563,   9.2784E-008,   3.1532E-006,   4.4106E-011,   1.7761E-011,   1.6215E-011,   1.3950E-011,   7.1099E-012,   1.3286E-011,  
971.579,   9.6212E-008,   3.1431E-006,   4.5620E-011,   1.7487E-011,   1.6583E-011,   1.3968E-011,   7.6423E-012,   1.9675E-011,  
976.641,   9.5408E-008,   3.1430E-006,   4.3728E-011,   1.7233E-011,   1.5877E-011,   1.4792E-011,   8.8408E-012,   2.5187E-011,  
981.672,   9.6740E-008,   3.1381E-006,   1.5805E-011,   1.7438E-011,   1.6970E-011,   1.5161E-011,   6.6560E-012,   2.7614E-011,  
986.735,   9.1579E-008,   3.1363E-006,   1.2808E-011,   1.7391E-011,   1.6587E-011,   1.4634E-011,   7.4229E-012,   2.8406E-011,  
991.766,   9.2514E-008,   3.1405E-006,   4.2080E-011,   1.6793E-011,   1.7362E-011,   1.4635E-011,   7.7984E-012,   2.6965E-011,  
996.797,   9.3227E-008,   3.1510E-006,   4.5258E-011,   1.6868E-011,   1.6521E-011,   1.5243E-011,   7.3917E-012,   2.3828E-011,  
1001.875,   9.6418E-008,   3.1448E-006,   4.4987E-011,   1.6514E-011,   1.6832E-011,   1.3670E-011,   8.2897E-012,   2.0724E-011,  
1006.875,   9.1987E-008,   3.1628E-006,   6.5098E-013,   1.6519E-011,   1.5898E-011,   1.3880E-011,   7.2865E-012,   1.6697E-011,  
1011.922,   9.5636E-008,   3.1562E-006,   4.4172E-011,   1.6279E-011,   1.6642E-011,   1.3822E-011,   6.4875E-012,   1.3904E-011,  
1016.954,   9.3832E-008,   3.1411E-006,   4.5296E-011,   1.6634E-011,   1.5920E-011,   1.3438E-011,   7.2526E-012,   1.0663E-011,  
1022.000,   9.5234E-008,   3.1291E-006,   1.1102E-011,   1.6190E-011,   1.5982E-011,   1.3868E-011,   7.9303E-012,   8.7588E-012,  
1027.047,   9.4708E-008,   3.1290E-006,   4.2733E-011,   1.7010E-011,   1.5738E-011,   1.3707E-011,   7.9446E-012,   9.1146E-012,  
1032.094,   9.1982E-008,   3.1336E-006,   4.6022E-011,   1.4977E-011,   1.7421E-011,   1.2978E-011,   6.4340E-012,   8.5394E-012,  
1037.125,   9.3458E-008,   3.1439E-006,   4.4827E-011,   1.6790E-011,   1.7031E-011,   1.3275E-011,   7.2321E-012,   9.0816E-012,  
1042.172,   9.0487E-008,   3.1226E-006,   4.3601E-011,   1.6677E-011,   1.6686E-011,   1.0212E-011,   6.6917E-012,   7.0359E-012,  
1047.204,   9.2274E-008,   3.1267E-006,   1.9338E-011,   1.5823E-011,   1.6464E-011,   1.2900E-011,   8.2728E-012,   7.3641E-012,  
1052.297,   9.2547E-008,   3.1203E-006,   4.3969E-011,   1.6485E-011,   1.6517E-011,   1.2564E-011,   8.2050E-012,   8.0186E-012,  
1057.344,   9.3302E-008,   3.1367E-006,   4.6040E-011,   1.5585E-011,   1.6197E-011,   1.2916E-011,   7.2847E-012,   6.7193E-012,  
1062.360,   9.2499E-008,   3.1189E-006,   4.4184E-011,   1.6124E-011,   1.5615E-011,   1.2583E-011,   7.7431E-012,   6.8656E-012,  
1067.375,   9.3053E-008,   3.1210E-006,   4.5985E-011,   1.4750E-011,   1.6013E-011,   1.2900E-011,   7.2615E-012,   6.9325E-012,  
1072.407,   8.9429E-008,   3.1111E-006,   4.4031E-011,   1.5784E-011,   1.6051E-011,   1.2653E-011,   7.4024E-012,   8.9799E-013,  
1077.407,   8.9224E-008,   3.0990E-006,   4.1843E-011,   1.6060E-011,   1.5744E-011,   1.2798E-011,   7.7582E-012,   1.0398E-012,  
1082.454,   9.0614E-008,   3.1389E-006,   4.3897E-011,   1.6341E-011,   1.6518E-011,   1.2785E-011,   6.4661E-012,   1.1013E-012,  
1087.500,   9.4453E-008,   3.1319E-006,   4.6472E-011,   1.5578E-011,   1.5827E-011,   1.1982E-011,   8.1060E-012,   7.3659E-013,  
1092.532,   9.2496E-008,   3.1173E-006,   4.5624E-011,   1.2860E-011,   1.5915E-011,   1.1931E-011,   7.3908E-012,   5.9569E-013,  
1097.532,   9.3554E-008,   3.1497E-006,   4.6585E-011,   1.6141E-011,   1.5680E-011,   1.2424E-011,   7.9731E-012,   7.3659E-013,  
1102.594,   9.2197E-008,   3.1190E-006,   4.5654E-011,   1.5408E-011,   1.5687E-011,   1.2706E-011,   8.2005E-012,   7.3480E-013,  
1107.641,   9.0615E-008,   3.1290E-006,   4.1856E-011,   1.6728E-011,   1.6499E-011,   1.3015E-011,   7.9330E-012,   4.0307E-013,  
1112.625,   4.3767E-009,   6.7883E-007,   1.3976E-011,   1.6869E-011,   1.5251E-011,   1.1438E-011,   8.1363E-012,   7.6334E-013,  
1117.719,  -4.8780E-010,   3.0168E-008,  -5.1008E-013,   1.1645E-011,   1.2163E-011,   8.9951E-012,   8.1479E-012,   2.6663E-013,  
