Aug 06, 2026  10:44:28 AM
Residual Gas Analyzer Software 
Software Version, 3.214.004

Analog Scan Setup:

Data Points in Scan, 891 
Units, Torr 
Noise Floor, 2 
CEM Status, ON 
Points Per AMU, 10
Scan Start Mass, 1, amu 
Scan Stop Mass, 90, amu
Focus Voltage, 90, Volts 
Ion Energy, HIGH 
Electron Energy, 70, eV 
CEM Voltage, 1159, Volts
CEM Gain, 1.01E+003 
Sensitivity Factor, 1.11E-004 
Filament Current, 1.00, mAmps


  1.00,   9.20E-013, 
  1.10,   4.62E-012, 
  1.20,  -4.10E-013, 
  1.30,   2.33E-012, 
  1.40,   1.08E-011, 
  1.50,   1.47E-010, 
  1.60,   3.31E-010, 
  1.70,   4.23E-010, 
  1.80,   5.04E-010, 
  1.90,   5.67E-010, 
  2.00,   6.05E-010, 
  2.10,   6.02E-010, 
  2.20,   5.09E-010, 
  2.30,   2.97E-010, 
  2.40,   5.15E-011, 
  2.50,   8.67E-012, 
  2.60,   3.42E-012, 
  2.70,   4.48E-012, 
  2.80,   2.41E-012, 
  2.90,  -1.42E-012, 
  3.00,  -5.80E-013, 
  3.10,  -2.78E-013, 
  3.20,  -1.30E-013, 
  3.30,   9.36E-014, 
  3.40,   5.35E-014, 
  3.50,   1.34E-013, 
  3.60,   2.29E-012, 
  3.70,   3.70E-012, 
  3.80,   3.00E-012, 
  3.90,   2.59E-012, 
  4.00,   2.78E-012, 
  4.10,   3.13E-012, 
  4.20,   3.04E-012, 
  4.30,   2.29E-012, 
  4.40,  -6.41E-013, 
  4.50,  -1.23E-012, 
  4.60,  -8.08E-013, 
  4.70,  -4.17E-013, 
  4.80,  -3.75E-013, 
  4.90,  -1.12E-013, 
  5.00,  -1.19E-013, 
  5.10,   1.38E-013, 
  5.20,   2.14E-013, 
  5.30,  -1.96E-014, 
  5.40,  -1.87E-014, 
  5.50,   2.41E-014, 
  5.60,  -1.52E-013, 
  5.70,  -8.56E-014, 
  5.80,  -2.07E-013, 
  5.90,  -1.25E-014, 
  6.00,  -1.45E-013, 
  6.10,  -2.09E-013, 
  6.20,  -1.21E-013, 
  6.30,  -2.94E-014, 
  6.40,   2.76E-014, 
  6.50,   2.08E-013, 
  6.60,   1.74E-013, 
  6.70,   1.87E-014, 
  6.80,   1.37E-013, 
  6.90,   1.55E-013, 
  7.00,   7.58E-014, 
  7.10,   5.44E-014, 
  7.20,  -8.03E-015, 
  7.30,   3.80E-013, 
  7.40,   2.92E-013, 
  7.50,  -1.35E-013, 
  7.60,  -4.82E-014, 
  7.70,   7.13E-014, 
  7.80,   1.90E-013, 
  7.90,   2.70E-013, 
  8.00,   2.68E-013, 
  8.10,  -1.87E-014, 
  8.20,   1.97E-013, 
  8.30,   4.37E-013, 
  8.40,   3.75E-013, 
  8.50,   2.17E-013, 
  8.60,  -1.78E-014, 
  8.70,  -7.49E-014, 
  8.80,  -1.52E-013, 
  8.90,   7.04E-014, 
  9.00,  -1.96E-014, 
  9.10,  -1.06E-013, 
  9.20,  -2.20E-013, 
  9.30,  -3.25E-013, 
  9.40,  -3.07E-013, 
  9.50,  -1.55E-013, 
  9.60,   1.91E-013, 
  9.70,   1.51E-013, 
  9.80,   3.83E-014, 
  9.90,  -3.03E-014, 
 10.00,   2.36E-013, 
 10.10,   8.56E-014, 
 10.20,   8.83E-014, 
 10.30,   4.46E-015, 
 10.40,   1.61E-014, 
 10.50,   3.93E-013, 
 10.60,   3.95E-013, 
 10.70,   1.65E-013, 
 10.80,  -3.16E-013, 
 10.90,  -2.41E-014, 
 11.00,   1.30E-013, 
 11.10,   4.46E-015, 
 11.20,  -6.42E-014, 
 11.30,  -1.19E-013, 
 11.40,  -1.10E-013, 
 11.50,   5.62E-014, 
 11.60,   6.60E-014, 
 11.70,   2.58E-012, 
 11.80,   3.54E-012, 
 11.90,   2.69E-012, 
 12.00,   2.52E-012, 
 12.10,   2.51E-012, 
 12.20,   2.39E-012, 
 12.30,   3.90E-013, 
 12.40,  -1.34E-012, 
 12.50,  -9.01E-013, 
 12.60,  -4.89E-013, 
 12.70,  -2.35E-013, 
 12.80,  -2.16E-013, 
 12.90,   1.78E-015, 
 13.00,   2.60E-013, 
 13.10,   4.78E-013, 
 13.20,   1.56E-013, 
 13.30,   8.92E-016, 
 13.40,   1.96E-013, 
 13.50,   2.01E-012, 
 13.60,   5.40E-012, 
 13.70,   5.88E-012, 
 13.80,   6.92E-012, 
 13.90,   6.08E-012, 
 14.00,   7.64E-012, 
 14.10,   9.06E-012, 
 14.20,   9.14E-012, 
 14.30,   7.42E-012, 
 14.40,   3.71E-012, 
 14.50,  -2.70E-013, 
 14.60,  -8.93E-013, 
 14.70,  -2.41E-013, 
 14.80,   2.57E-013, 
 14.90,   4.42E-013, 
 15.00,   3.59E-013, 
 15.10,   2.55E-012, 
 15.20,   2.78E-012, 
 15.30,   7.79E-013, 
 15.40,  -1.75E-012, 
 15.50,  -2.15E-012, 
 15.60,   8.90E-013, 
 15.70,   1.68E-012, 
 15.80,   3.35E-012, 
 15.90,   3.89E-012, 
 16.00,   4.30E-012, 
 16.10,   3.97E-012, 
 16.20,   3.78E-012, 
 16.30,   2.36E-012, 
 16.40,   7.96E-013, 
 16.50,  -1.38E-013, 
 16.60,  -8.95E-013, 
 16.70,  -9.79E-013, 
 16.80,  -8.12E-014, 
 16.90,  -4.47E-013, 
 17.00,   3.61E-013, 
 17.10,   1.18E-012, 
 17.20,   2.33E-012, 
 17.30,   1.41E-012, 
 17.40,   1.20E-013, 
 17.50,  -2.03E-012, 
 17.60,  -1.58E-012, 
 17.70,   2.42E-012, 
 17.80,   2.37E-012, 
 17.90,   2.85E-012, 
 18.00,   5.35E-012, 
 18.10,   5.84E-012, 
 18.20,   4.01E-012, 
 18.30,   5.58E-012, 
 18.40,   2.38E-013, 
 18.50,  -5.53E-014, 
 18.60,  -5.85E-013, 
 18.70,  -3.92E-013, 
 18.80,  -2.08E-012, 
 18.90,  -2.22E-012, 
 19.00,   6.57E-013, 
 19.10,   4.30E-012, 
 19.20,   2.50E-012, 
 19.30,  -4.67E-013, 
 19.40,  -1.54E-012, 
 19.50,  -7.29E-013, 
 19.60,  -2.08E-013, 
 19.70,   1.46E-012, 
 19.80,  -2.73E-013, 
 19.90,   1.37E-013, 
 20.00,   8.27E-013, 
 20.10,   8.98E-013, 
 20.20,   2.62E-012, 
 20.30,   4.96E-013, 
 20.40,  -9.50E-013, 
 20.50,  -5.74E-013, 
 20.60,  -3.71E-013, 
 20.70,  -3.12E-013, 
 20.80,  -1.73E-013, 
 20.90,  -4.73E-014, 
 21.00,   1.07E-014, 
 21.10,   8.92E-014, 
 21.20,  -1.19E-013, 
 21.30,  -4.56E-013, 
 21.40,  -4.61E-013, 
 21.50,  -3.13E-013, 
 21.60,   2.50E-014, 
 21.70,   9.99E-014, 
 21.80,   2.23E-013, 
 21.90,   2.06E-013, 
 22.00,   1.66E-013, 
 22.10,   2.97E-013, 
 22.20,   2.93E-013, 
 22.30,   1.13E-013, 
 22.40,   0.00E+000, 
 22.50,   1.09E-013, 
 22.60,   3.66E-014, 
 22.70,   6.78E-014, 
 22.80,   4.64E-014, 
 22.90,  -4.37E-014, 
 23.00,   6.96E-014, 
 23.10,   4.73E-014, 
 23.20,   3.30E-014, 
 23.30,   2.14E-014, 
 23.40,   1.45E-013, 
 23.50,   1.11E-013, 
 23.60,   1.29E-013, 
 23.70,   1.43E-013, 
 23.80,  -4.99E-014, 
 23.90,  -1.09E-013, 
 24.00,   1.27E-013, 
 24.10,   8.20E-014, 
 24.20,  -2.32E-014, 
 24.30,  -1.43E-014, 
 24.40,  -6.60E-014, 
 24.50,  -2.55E-013, 
 24.60,  -2.29E-013, 
 24.70,  -4.21E-013, 
 24.80,  -3.58E-013, 
 24.90,  -2.02E-013, 
 25.00,  -1.08E-013, 
 25.10,   2.15E-013, 
 25.20,   9.63E-014, 
 25.30,   1.84E-013, 
 25.40,   2.02E-013, 
 25.50,  -6.15E-014, 
 25.60,  -1.98E-013, 
 25.70,  -3.06E-013, 
 25.80,   5.62E-014, 
 25.90,   4.99E-014, 
 26.00,   8.38E-014, 
 26.10,   1.49E-013, 
 26.20,   1.19E-013, 
 26.30,   8.92E-014, 
 26.40,   1.17E-013, 
 26.50,   3.11E-013, 
 26.60,  -4.37E-014, 
 26.70,  -3.48E-014, 
 26.80,   5.35E-014, 
 26.90,  -1.16E-014, 
 27.00,   3.98E-013, 
 27.10,   2.74E-013, 
 27.20,   2.64E-013, 
 27.30,   3.24E-012, 
 27.40,   6.00E-012, 
 27.50,   1.13E-011, 
 27.60,   4.60E-011, 
 27.70,   8.99E-011, 
 27.80,   1.12E-010, 
 27.90,   1.31E-010, 
 28.00,   1.41E-010, 
 28.10,   1.37E-010, 
 28.20,   1.11E-010, 
 28.30,   4.54E-011, 
 28.40,   9.05E-012, 
 28.50,   4.79E-012, 
 28.60,   4.09E-012, 
 28.70,   2.77E-012, 
 28.80,  -1.01E-012, 
 28.90,  -2.39E-013, 
 29.00,   2.55E-013, 
 29.10,   1.04E-012, 
 29.20,   3.97E-012, 
 29.30,   1.89E-012, 
 29.40,  -1.60E-012, 
 29.50,  -1.71E-012, 
 29.60,  -1.04E-012, 
 29.70,  -2.42E-012, 
 29.80,   8.22E-013, 
 29.90,   1.17E-012, 
 30.00,   5.90E-013, 
 30.10,   6.59E-013, 
 30.20,   3.49E-013, 
 30.30,   2.41E-012, 
 30.40,  -5.81E-013, 
 30.50,  -2.47E-013, 
 30.60,  -3.08E-013, 
 30.70,  -1.11E-013, 
 30.80,  -2.47E-013, 
 30.90,  -5.55E-013, 
 31.00,  -5.40E-013, 
 31.10,  -3.90E-013, 
 31.20,  -2.51E-013, 
 31.30,   1.16E-013, 
 31.40,   2.97E-012, 
 31.50,  -1.23E-013, 
 31.60,  -4.24E-013, 
 31.70,   3.22E-013, 
 31.80,   9.93E-013, 
 31.90,   1.23E-012, 
 32.00,   1.32E-012, 
 32.10,   2.26E-012, 
 32.20,   2.30E-012, 
 32.30,   1.13E-012, 
 32.40,   8.38E-014, 
 32.50,  -2.62E-013, 
 32.60,  -1.81E-012, 
 32.70,   6.20E-013, 
 32.80,   2.54E-013, 
 32.90,  -8.38E-014, 
 33.00,  -2.51E-013, 
 33.10,  -1.71E-013, 
 33.20,  -3.66E-014, 
 33.30,   1.16E-014, 
 33.40,  -1.07E-013, 
 33.50,  -5.62E-014, 
 33.60,  -2.18E-013, 
 33.70,  -4.58E-013, 
 33.80,  -1.90E-013, 
 33.90,  -2.13E-013, 
 34.00,  -2.06E-013, 
 34.10,  -5.89E-014, 
 34.20,   2.90E-013, 
 34.30,  -3.83E-014, 
 34.40,  -4.34E-013, 
 34.50,  -2.92E-013, 
 34.60,  -2.02E-013, 
 34.70,   4.82E-014, 
 34.80,  -4.90E-014, 
 34.90,  -8.38E-014, 
 35.00,  -8.92E-014, 
 35.10,   8.74E-014, 
 35.20,   0.00E+000, 
 35.30,  -4.10E-014, 
 35.40,   7.13E-014, 
 35.50,   1.24E-013, 
 35.60,  -1.09E-013, 
 35.70,  -2.20E-013, 
 35.80,  -1.27E-013, 
 35.90,   1.61E-014, 
 36.00,   1.26E-013, 
 36.10,  -2.68E-014, 
 36.20,  -1.05E-013, 
 36.30,   1.52E-013, 
 36.40,   1.45E-013, 
 36.50,   2.45E-013, 
 36.60,  -1.03E-013, 
 36.70,  -2.41E-014, 
 36.80,   2.38E-013, 
 36.90,   2.27E-013, 
 37.00,   7.85E-014, 
 37.10,   9.63E-014, 
 37.20,  -1.36E-013, 
 37.30,  -8.20E-014, 
 37.40,   1.33E-013, 
 37.50,   6.24E-014, 
 37.60,   5.71E-014, 
 37.70,   7.40E-014, 
 37.80,   2.36E-013, 
 37.90,   3.89E-013, 
 38.00,   4.90E-013, 
 38.10,   2.57E-013, 
 38.20,   3.93E-013, 
 38.30,   2.49E-013, 
 38.40,   1.90E-013, 
 38.50,  -1.03E-013, 
 38.60,  -3.83E-014, 
 38.70,  -1.34E-014, 
 38.80,   4.90E-014, 
 38.90,   3.06E-013, 
 39.00,   2.64E-013, 
 39.10,   2.50E-013, 
 39.20,   1.71E-013, 
 39.30,   3.82E-013, 
 39.40,   3.64E-013, 
 39.50,   1.95E-012, 
 39.60,   1.61E-012, 
 39.70,   4.03E-012, 
 39.80,   5.77E-012, 
 39.90,   7.35E-012, 
 40.00,   9.17E-012, 
 40.10,   9.89E-012, 
 40.20,   7.57E-012, 
 40.30,   3.84E-012, 
 40.40,   1.76E-012, 
 40.50,   2.07E-012, 
 40.60,   4.83E-012, 
 40.70,   5.00E-012, 
 40.80,   5.55E-012, 
 40.90,   7.01E-012, 
 41.00,   8.57E-012, 
 41.10,   9.98E-012, 
 41.20,   1.05E-011, 
 41.30,   9.32E-012, 
 41.40,   9.45E-012, 
 41.50,   1.23E-011, 
 41.60,   2.03E-011, 
 41.70,   2.69E-011, 
 41.80,   2.82E-011, 
 41.90,   3.25E-011, 
 42.00,   3.74E-011, 
 42.10,   3.74E-011, 
 42.20,   2.92E-011, 
 42.30,   1.39E-011, 
 42.40,   5.64E-012, 
 42.50,   3.55E-012, 
 42.60,   4.31E-012, 
 42.70,   5.66E-012, 
 42.80,   7.22E-012, 
 42.90,   8.75E-012, 
 43.00,   1.04E-011, 
 43.10,   1.09E-011, 
 43.20,   9.27E-012, 
 43.30,   5.66E-012, 
 43.40,   3.33E-012, 
 43.50,   2.81E-012, 
 43.60,   4.24E-012, 
 43.70,   5.85E-012, 
 43.80,   8.67E-012, 
 43.90,   1.38E-011, 
 44.00,   1.72E-011, 
 44.10,   1.98E-011, 
 44.20,   1.81E-011, 
 44.30,   1.30E-011, 
 44.40,   6.88E-012, 
 44.50,   3.10E-012, 
 44.60,   7.39E-013, 
 44.70,  -1.43E-012, 
 44.80,  -4.23E-013, 
 44.90,  -1.28E-013, 
 45.00,   2.85E-014, 
 45.10,   1.70E-013, 
 45.20,   6.42E-014, 
 45.30,  -9.27E-014, 
 45.40,  -5.35E-015, 
 45.50,   1.13E-013, 
 45.60,  -2.05E-014, 
 45.70,  -4.99E-014, 
 45.80,  -1.22E-013, 
 45.90,  -1.66E-013, 
 46.00,  -1.49E-013, 
 46.10,   1.15E-013, 
 46.20,   6.51E-014, 
 46.30,   5.26E-014, 
 46.40,  -3.83E-014, 
 46.50,  -2.14E-014, 
 46.60,  -1.48E-013, 
 46.70,   1.51E-013, 
 46.80,   4.58E-013, 
 46.90,   2.26E-013, 
 47.00,   9.81E-015, 
 47.10,   3.30E-014, 
 47.20,   8.83E-014, 
 47.30,   1.28E-013, 
 47.40,   6.24E-015, 
 47.50,   1.79E-013, 
 47.60,  -1.01E-013, 
 47.70,  -1.36E-013, 
 47.80,  -6.06E-014, 
 47.90,   6.24E-015, 
 48.00,   7.58E-014, 
 48.10,   6.96E-014, 
 48.20,  -1.07E-014, 
 48.30,  -9.81E-015, 
 48.40,   1.54E-013, 
 48.50,   1.38E-013, 
 48.60,   2.23E-013, 
 48.70,   7.76E-014, 
 48.80,  -1.64E-013, 
 48.90,  -2.32E-014, 
 49.00,  -1.21E-013, 
 49.10,  -6.51E-014, 
 49.20,   3.12E-013, 
 49.30,   2.00E-013, 
 49.40,  -7.58E-014, 
 49.50,   2.68E-014, 
 49.60,   3.03E-014, 
 49.70,  -5.35E-015, 
 49.80,  -1.50E-013, 
 49.90,  -2.05E-014, 
 50.00,   1.78E-015, 
 50.10,  -9.19E-014, 
 50.20,   5.80E-014, 
 50.30,   6.24E-015, 
 50.40,   1.12E-013, 
 50.50,   2.58E-013, 
 50.60,   2.72E-013, 
 50.70,  -1.43E-014, 
 50.80,  -1.89E-013, 
 50.90,  -1.01E-013, 
 51.00,  -1.34E-013, 
 51.10,   1.02E-013, 
 51.20,   3.05E-013, 
 51.30,   2.99E-013, 
 51.40,   6.69E-014, 
 51.50,  -2.36E-013, 
 51.60,  -1.21E-013, 
 51.70,   2.59E-014, 
 51.80,   1.87E-013, 
 51.90,   3.57E-013, 
 52.00,   3.50E-013, 
 52.10,   3.89E-013, 
 52.20,   3.30E-014, 
 52.30,  -1.27E-013, 
 52.40,   7.67E-014, 
 52.50,   3.29E-013, 
 52.60,   2.72E-013, 
 52.70,   1.28E-013, 
 52.80,  -8.74E-014, 
 52.90,  -1.52E-013, 
 53.00,  -1.87E-014, 
 53.10,   2.20E-013, 
 53.20,   3.62E-013, 
 53.30,   2.92E-013, 
 53.40,   1.03E-013, 
 53.50,   4.01E-014, 
 53.60,   2.61E-013, 
 53.70,   4.36E-013, 
 53.80,   2.30E-013, 
 53.90,   3.69E-013, 
 54.00,  -6.51E-014, 
 54.10,  -9.36E-014, 
 54.20,   3.48E-014, 
 54.30,   1.93E-013, 
 54.40,   1.46E-013, 
 54.50,   3.73E-013, 
 54.60,   4.37E-013, 
 54.70,  -5.08E-014, 
 54.80,  -2.85E-014, 
 54.90,   2.76E-013, 
 55.00,   3.83E-014, 
 55.10,  -1.95E-013, 
 55.20,   7.67E-014, 
 55.30,  -4.10E-014, 
 55.40,  -3.75E-014, 
 55.50,   1.72E-013, 
 55.60,   1.40E-013, 
 55.70,  -3.39E-014, 
 55.80,   3.21E-014, 
 55.90,  -6.87E-014, 
 56.00,   5.26E-014, 
 56.10,   3.22E-013, 
 56.20,   4.46E-013, 
 56.30,   3.10E-013, 
 56.40,  -1.03E-013, 
 56.50,  -2.24E-013, 
 56.60,   2.94E-014, 
 56.70,  -1.81E-013, 
 56.80,   5.53E-014, 
 56.90,  -3.57E-015, 
 57.00,  -2.50E-014, 
 57.10,   2.84E-013, 
 57.20,   1.86E-013, 
 57.30,  -7.13E-015, 
 57.40,  -9.90E-014, 
 57.50,  -1.23E-013, 
 57.60,   4.37E-014, 
 57.70,   5.53E-014, 
 57.80,  -8.65E-014, 
 57.90,  -1.45E-013, 
 58.00,  -1.99E-013, 
 58.10,  -1.71E-013, 
 58.20,  -7.22E-014, 
 58.30,  -1.90E-013, 
 58.40,  -3.47E-013, 
 58.50,  -2.48E-013, 
 58.60,  -1.61E-013, 
 58.70,  -1.01E-013, 
 58.80,  -1.52E-014, 
 58.90,   3.12E-014, 
 59.00,   1.56E-013, 
 59.10,  -9.45E-014, 
 59.20,  -2.42E-013, 
 59.30,  -2.25E-013, 
 59.40,   1.95E-013, 
 59.50,   3.85E-013, 
 59.60,   1.39E-013, 
 59.70,   2.59E-013, 
 59.80,   1.94E-013, 
 59.90,   1.88E-013, 
 60.00,   2.43E-013, 
 60.10,   2.35E-013, 
 60.20,   1.96E-014, 
 60.30,  -1.22E-013, 
 60.40,  -2.12E-013, 
 60.50,   9.10E-014, 
 60.60,   3.24E-013, 
 60.70,   2.81E-013, 
 60.80,   1.94E-013, 
 60.90,   2.59E-013, 
 61.00,   2.67E-013, 
 61.10,   2.79E-013, 
 61.20,   1.89E-013, 
 61.30,   3.32E-013, 
 61.40,   3.04E-013, 
 61.50,   2.39E-013, 
 61.60,   2.19E-013, 
 61.70,  -8.92E-014, 
 61.80,  -2.32E-014, 
 61.90,  -1.86E-013, 
 62.00,  -9.63E-014, 
 62.10,  -9.27E-014, 
 62.20,  -1.07E-014, 
 62.30,   1.34E-013, 
 62.40,  -5.80E-014, 
 62.50,  -1.52E-013, 
 62.60,   2.15E-013, 
 62.70,   1.52E-013, 
 62.80,   8.92E-016, 
 62.90,   1.87E-014, 
 63.00,   6.15E-014, 
 63.10,   5.44E-014, 
 63.20,   3.42E-013, 
 63.30,   2.56E-013, 
 63.40,   4.50E-013, 
 63.50,   2.37E-013, 
 63.60,   7.58E-014, 
 63.70,   2.29E-013, 
 63.80,   1.44E-013, 
 63.90,   2.18E-013, 
 64.00,  -4.46E-014, 
 64.10,  -1.19E-013, 
 64.20,  -8.56E-014, 
 64.30,  -3.92E-014, 
 64.40,   6.69E-014, 
 64.50,   1.69E-013, 
 64.60,  -8.47E-014, 
 64.70,   1.73E-013, 
 64.80,   1.21E-013, 
 64.90,  -4.82E-014, 
 65.00,   5.26E-014, 
 65.10,  -2.23E-014, 
 65.20,  -8.92E-016, 
 65.30,   4.90E-013, 
 65.40,   3.83E-013, 
 65.50,   4.94E-013, 
 65.60,   3.17E-013, 
 65.70,   9.01E-014, 
 65.80,   1.12E-013, 
 65.90,   1.87E-013, 
 66.00,   2.82E-013, 
 66.10,   7.67E-014, 
 66.20,  -2.13E-013, 
 66.30,  -2.05E-014, 
 66.40,   1.78E-015, 
 66.50,  -3.61E-013, 
 66.60,  -8.92E-014, 
 66.70,   9.72E-014, 
 66.80,   2.09E-013, 
 66.90,   7.22E-014, 
 67.00,  -1.11E-013, 
 67.10,  -2.14E-014, 
 67.20,   4.10E-014, 
 67.30,   1.09E-013, 
 67.40,   2.72E-013, 
 67.50,   4.82E-014, 
 67.60,   3.57E-015, 
 67.70,  -2.76E-014, 
 67.80,   2.49E-013, 
 67.90,   2.90E-013, 
 68.00,  -3.66E-014, 
 68.10,   3.48E-014, 
 68.20,  -3.83E-014, 
 68.30,   7.13E-015, 
 68.40,   3.94E-013, 
 68.50,   2.45E-013, 
 68.60,   1.83E-013, 
 68.70,   7.31E-014, 
 68.80,   4.99E-014, 
 68.90,   1.49E-013, 
 69.00,  -8.65E-014, 
 69.10,   1.46E-013, 
 69.20,  -1.25E-014, 
 69.30,  -1.46E-013, 
 69.40,  -2.94E-014, 
 69.50,   2.11E-013, 
 69.60,   1.20E-013, 
 69.70,   2.83E-013, 
 69.80,   4.55E-014, 
 69.90,  -7.94E-014, 
 70.00,  -3.83E-013, 
 70.10,  -7.31E-014, 
 70.20,   2.05E-014, 
 70.30,  -1.70E-013, 
 70.40,  -3.48E-014, 
 70.50,   7.49E-014, 
 70.60,  -1.84E-013, 
 70.70,  -8.56E-014, 
 70.80,   2.14E-014, 
 70.90,  -1.42E-013, 
 71.00,  -1.59E-013, 
 71.10,   1.29E-013, 
 71.20,  -1.25E-013, 
 71.30,   7.13E-015, 
 71.40,   2.97E-013, 
 71.50,   1.88E-013, 
 71.60,   1.03E-013, 
 71.70,   1.36E-013, 
 71.80,   1.89E-013, 
 71.90,   1.92E-013, 
 72.00,   2.59E-014, 
 72.10,  -2.43E-013, 
 72.20,  -6.06E-014, 
 72.30,   3.66E-014, 
 72.40,   2.92E-013, 
 72.50,   1.22E-013, 
 72.60,  -5.71E-014, 
 72.70,   1.50E-013, 
 72.80,   2.29E-013, 
 72.90,  -4.01E-014, 
 73.00,  -7.49E-014, 
 73.10,  -4.73E-014, 
 73.20,   3.03E-014, 
 73.30,   1.52E-013, 
 73.40,   2.79E-013, 
 73.50,   4.44E-013, 
 73.60,   4.23E-013, 
 73.70,   4.37E-014, 
 73.80,   2.18E-013, 
 73.90,   1.52E-013, 
 74.00,   1.28E-013, 
 74.10,  -6.06E-014, 
 74.20,   1.99E-013, 
 74.30,   1.77E-013, 
 74.40,   1.94E-013, 
 74.50,   2.01E-013, 
 74.60,  -4.90E-014, 
 74.70,  -2.91E-013, 
 74.80,  -1.13E-013, 
 74.90,   2.81E-013, 
 75.00,  -1.20E-013, 
 75.10,  -1.14E-013, 
 75.20,   5.17E-014, 
 75.30,  -2.23E-014, 
 75.40,   7.13E-014, 
 75.50,  -1.27E-013, 
 75.60,  -8.92E-014, 
 75.70,  -6.60E-014, 
 75.80,   7.76E-014, 
 75.90,   1.98E-013, 
 76.00,   3.30E-014, 
 76.10,   5.97E-014, 
 76.20,   5.97E-014, 
 76.30,  -8.56E-014, 
 76.40,   9.90E-014, 
 76.50,   3.24E-013, 
 76.60,   5.02E-013, 
 76.70,   5.84E-013, 
 76.80,   7.13E-014, 
 76.90,   1.76E-013, 
 77.00,   1.39E-013, 
 77.10,   3.21E-013, 
 77.20,   1.44E-013, 
 77.30,   1.18E-013, 
 77.40,  -2.93E-013, 
 77.50,  -2.22E-013, 
 77.60,  -7.67E-014, 
 77.70,   2.75E-013, 
 77.80,   7.21E-013, 
 77.90,   6.58E-013, 
 78.00,   3.48E-012, 
 78.10,   3.22E-012, 
 78.20,   2.32E-012, 
 78.30,   1.47E-012, 
 78.40,  -1.70E-012, 
 78.50,  -8.53E-013, 
 78.60,  -4.61E-013, 
 78.70,  -2.69E-013, 
 78.80,  -1.36E-013, 
 78.90,   4.46E-015, 
 79.00,  -6.24E-014, 
 79.10,  -2.50E-014, 
 79.20,   6.24E-014, 
 79.30,   4.15E-013, 
 79.40,   2.86E-013, 
 79.50,   2.70E-013, 
 79.60,   1.48E-012, 
 79.70,   4.62E-012, 
 79.80,   4.10E-012, 
 79.90,   4.34E-012, 
 80.00,   5.22E-012, 
 80.10,   6.84E-012, 
 80.20,   6.94E-012, 
 80.30,   4.72E-012, 
 80.40,   2.80E-012, 
 80.50,   1.21E-012, 
 80.60,  -1.62E-012, 
 80.70,  -3.86E-013, 
 80.80,  -2.20E-013, 
 80.90,   2.28E-013, 
 81.00,   3.16E-013, 
 81.10,   5.66E-013, 
 81.20,   3.63E-012, 
 81.30,   2.32E-012, 
 81.40,   6.88E-013, 
 81.50,  -1.00E-012, 
 81.60,   4.18E-012, 
 81.70,   9.92E-012, 
 81.80,   1.70E-011, 
 81.90,   2.21E-011, 
 82.00,   3.12E-011, 
 82.10,   4.02E-011, 
 82.20,   3.58E-011, 
 82.30,   2.01E-011, 
 82.40,   9.46E-012, 
 82.50,   5.56E-012, 
 82.60,   4.74E-012, 
 82.70,   9.84E-012, 
 82.80,   1.76E-011, 
 82.90,   2.35E-011, 
 83.00,   3.30E-011, 
 83.10,   4.15E-011, 
 83.20,   3.80E-011, 
 83.30,   2.34E-011, 
 83.40,   1.17E-011, 
 83.50,   8.76E-012, 
 83.60,   1.29E-011, 
 83.70,   5.10E-011, 
 83.80,   9.57E-011, 
 83.90,   1.14E-010, 
 84.00,   1.64E-010, 
 84.10,   2.01E-010, 
 84.20,   1.50E-010, 
 84.30,   6.85E-011, 
 84.40,   1.85E-011, 
 84.50,   7.15E-012, 
 84.60,   3.71E-012, 
 84.70,   2.13E-012, 
 84.80,   1.29E-012, 
 84.90,  -1.71E-012, 
 85.00,  -3.31E-013, 
 85.10,   3.70E-013, 
 85.20,   3.20E-013, 
 85.30,   2.75E-012, 
 85.40,   3.44E-012, 
 85.50,   2.56E-012, 
 85.60,   3.38E-012, 
 85.70,   9.60E-012, 
 85.80,   2.15E-011, 
 85.90,   2.94E-011, 
 86.00,   4.25E-011, 
 86.10,   5.50E-011, 
 86.20,   4.86E-011, 
 86.30,   2.74E-011, 
 86.40,   1.06E-011, 
 86.50,   4.38E-012, 
 86.60,   2.21E-012, 
 86.70,  -7.11E-013, 
 86.80,  -9.21E-013, 
 86.90,  -5.08E-013, 
 87.00,  -2.08E-013, 
 87.10,  -9.63E-014, 
 87.20,  -1.01E-013, 
 87.30,   6.24E-014, 
 87.40,   1.03E-013, 
 87.50,   7.58E-014, 
 87.60,   2.29E-013, 
 87.70,   3.39E-014, 
 87.80,   1.21E-013, 
 87.90,   1.53E-013, 
 88.00,   2.84E-013, 
 88.10,   5.97E-014, 
 88.20,   1.10E-013, 
 88.30,  -1.49E-013, 
 88.40,  -1.61E-013, 
 88.50,   1.95E-013, 
 88.60,   2.07E-013, 
 88.70,   3.13E-013, 
 88.80,   3.09E-013, 
 88.90,   2.33E-013, 
 89.00,   4.90E-014, 
 89.10,   2.23E-013, 
 89.20,   2.81E-013, 
 89.30,   5.35E-014, 
 89.40,   1.11E-013, 
 89.50,   2.63E-013, 
 89.60,   4.46E-015, 
 89.70,  -5.08E-014, 
 89.80,   7.76E-014, 
 89.90,   2.50E-014, 
 90.00,   2.92E-013, 
