Aug 06, 2026  10:59:56 AM
Residual Gas Analyzer Software 
Software Version, 3.214.004

Analog Scan Setup:

Data Points in Scan, 891 
Units, Torr 
Noise Floor, 2 
CEM Status, OFF 
Points Per AMU, 10
Scan Start Mass, 1, amu 
Scan Stop Mass, 90, amu
Focus Voltage, 90, Volts 
Ion Energy, HIGH 
Electron Energy, 70, eV 
CEM Voltage, 1159, Volts
CEM Gain, 1.01E+003 
Sensitivity Factor, 1.11E-004 
Filament Current, 1.00, mAmps


  1.00,   1.41E-009, 
  1.10,   1.83E-009, 
  1.20,   2.12E-009, 
  1.30,   2.92E-009, 
  1.40,   3.79E-009, 
  1.50,   4.69E-009, 
  1.60,   4.78E-009, 
  1.70,   4.18E-009, 
  1.80,   3.76E-009, 
  1.90,   3.16E-009, 
  2.00,   3.00E-009, 
  2.10,   3.03E-009, 
  2.20,   2.98E-009, 
  2.30,   2.75E-009, 
  2.40,   2.03E-009, 
  2.50,   1.18E-009, 
  2.60,   7.59E-010, 
  2.70,   5.54E-010, 
  2.80,   4.83E-010, 
  2.90,   4.16E-010, 
  3.00,   3.14E-010, 
  3.10,  -3.53E-010, 
  3.20,   2.17E-010, 
  3.30,   7.32E-011, 
  3.40,  -2.27E-010, 
  3.50,   4.84E-010, 
  3.60,   5.99E-010, 
  3.70,   8.99E-010, 
  3.80,   1.24E-009, 
  3.90,   1.66E-009, 
  4.00,   2.41E-009, 
  4.10,   2.88E-009, 
  4.20,   3.17E-009, 
  4.30,   2.91E-009, 
  4.40,   1.92E-009, 
  4.50,   1.08E-009, 
  4.60,   6.46E-010, 
  4.70,   4.90E-010, 
  4.80,   2.97E-010, 
  4.90,  -7.59E-011, 
  5.00,  -8.22E-011, 
  5.10,   4.72E-010, 
  5.20,   3.69E-010, 
  5.30,   2.74E-010, 
  5.40,  -3.64E-010, 
  5.50,   2.60E-010, 
  5.60,   4.08E-010, 
  5.70,   4.35E-010, 
  5.80,   4.56E-010, 
  5.90,  -2.71E-011, 
  6.00,  -2.28E-010, 
  6.10,   4.56E-010, 
  6.20,   3.49E-010, 
  6.30,  -1.14E-010, 
  6.40,  -3.35E-010, 
  6.50,  -2.56E-010, 
  6.60,  -2.80E-011, 
  6.70,   4.41E-010, 
  6.80,  -2.85E-010, 
  6.90,  -1.46E-010, 
  7.00,   4.95E-010, 
  7.10,   3.20E-010, 
  7.20,  -2.62E-010, 
  7.30,  -1.87E-010, 
  7.40,   2.44E-011, 
  7.50,   5.20E-010, 
  7.60,   2.99E-010, 
  7.70,  -4.03E-010, 
  7.80,   2.86E-010, 
  7.90,   3.78E-010, 
  8.00,   3.88E-010, 
  8.10,  -2.12E-010, 
  8.20,   3.68E-010, 
  8.30,   4.05E-010, 
  8.40,   2.49E-010, 
  8.50,  -5.24E-011, 
  8.60,   1.21E-010, 
  8.70,   3.36E-010, 
  8.80,  -2.41E-010, 
  8.90,  -3.50E-010, 
  9.00,   1.83E-010, 
  9.10,   3.99E-010, 
  9.20,   3.43E-010, 
  9.30,   3.24E-010, 
  9.40,  -4.88E-011, 
  9.50,  -2.94E-010, 
  9.60,   2.72E-010, 
  9.70,  -6.05E-011, 
  9.80,  -2.80E-011, 
  9.90,   4.77E-010, 
 10.00,   3.40E-010, 
 10.10,  -1.80E-010, 
 10.20,  -1.21E-010, 
 10.30,   4.57E-010, 
 10.40,  -2.01E-010, 
 10.50,   3.61E-012, 
 10.60,   5.17E-010, 
 10.70,   7.23E-012, 
 10.80,  -2.90E-010, 
 10.90,  -3.97E-011, 
 11.00,   4.79E-010, 
 11.10,  -2.02E-010, 
 11.20,   3.08E-010, 
 11.30,   3.18E-010, 
 11.40,   3.63E-010, 
 11.50,  -2.08E-011, 
 11.60,  -2.29E-010, 
 11.70,   4.99E-010, 
 11.80,   3.76E-010, 
 11.90,  -3.99E-010, 
 12.00,  -2.45E-010, 
 12.10,  -1.74E-010, 
 12.20,   2.59E-010, 
 12.30,   9.21E-011, 
 12.40,   4.99E-010, 
 12.50,   3.24E-010, 
 12.60,  -1.54E-010, 
 12.70,   1.35E-010, 
 12.80,   2.89E-010, 
 12.90,  -2.71E-010, 
 13.00,   3.71E-010, 
 13.10,   3.08E-010, 
 13.20,  -2.29E-010, 
 13.30,  -3.61E-012, 
 13.40,   4.59E-010, 
 13.50,   3.84E-010, 
 13.60,  -3.79E-011, 
 13.70,   2.86E-010, 
 13.80,   4.69E-010, 
 13.90,   5.69E-010, 
 14.00,   6.75E-010, 
 14.10,   7.69E-010, 
 14.20,   7.51E-010, 
 14.30,   5.04E-010, 
 14.40,  -2.91E-010, 
 14.50,  -9.58E-011, 
 14.60,   5.23E-010, 
 14.70,  -1.54E-011, 
 14.80,  -2.92E-010, 
 14.90,  -1.48E-010, 
 15.00,   5.24E-010, 
 15.10,   4.18E-010, 
 15.20,   2.77E-010, 
 15.30,  -3.31E-010, 
 15.40,  -1.78E-010, 
 15.50,   4.68E-010, 
 15.60,   5.17E-010, 
 15.70,   6.93E-010, 
 15.80,   6.78E-010, 
 15.90,   7.43E-010, 
 16.00,   9.30E-010, 
 16.10,   1.16E-009, 
 16.20,   1.11E-009, 
 16.30,   9.58E-010, 
 16.40,   6.84E-010, 
 16.50,   5.08E-010, 
 16.60,   7.06E-010, 
 16.70,   1.26E-009, 
 16.80,   1.60E-009, 
 16.90,   1.93E-009, 
 17.00,   2.51E-009, 
 17.10,   2.85E-009, 
 17.20,   2.87E-009, 
 17.30,   2.45E-009, 
 17.40,   1.50E-009, 
 17.50,   1.45E-009, 
 17.60,   3.04E-009, 
 17.70,   5.62E-009, 
 17.80,   7.45E-009, 
 17.90,   1.01E-008, 
 18.00,   1.25E-008, 
 18.10,   1.43E-008, 
 18.20,   1.36E-008, 
 18.30,   1.04E-008, 
 18.40,   5.18E-009, 
 18.50,   2.55E-009, 
 18.60,   1.38E-009, 
 18.70,   9.66E-010, 
 18.80,   6.59E-010, 
 18.90,   7.17E-010, 
 19.00,   9.81E-010, 
 19.10,   1.23E-009, 
 19.20,   1.81E-009, 
 19.30,   3.39E-009, 
 19.40,   9.05E-009, 
 19.50,   4.97E-008, 
 19.60,   2.31E-007, 
 19.70,   2.88E-007, 
 19.80,   3.33E-007, 
 19.90,   4.34E-007, 
 20.00,   4.83E-007, 
 20.10,   4.53E-007, 
 20.20,   3.77E-007, 
 20.30,   1.23E-007, 
 20.40,   1.72E-008, 
 20.50,   7.12E-009, 
 20.60,   3.72E-009, 
 20.70,   2.17E-009, 
 20.80,   1.47E-009, 
 20.90,   1.05E-009, 
 21.00,   8.71E-010, 
 21.10,   5.75E-010, 
 21.20,   5.51E-010, 
 21.30,   5.41E-010, 
 21.40,   4.70E-010, 
 21.50,   6.14E-011, 
 21.60,  -2.71E-012, 
 21.70,   3.50E-010, 
 21.80,  -5.06E-011, 
 21.90,  -2.26E-010, 
 22.00,   2.38E-010, 
 22.10,   4.61E-010, 
 22.20,   3.96E-010, 
 22.30,  -5.96E-011, 
 22.40,  -1.36E-011, 
 22.50,   5.18E-010, 
 22.60,   4.16E-010, 
 22.70,   2.98E-011, 
 22.80,   5.33E-011, 
 22.90,   3.44E-010, 
 23.00,  -2.69E-010, 
 23.10,  -2.41E-010, 
 23.20,   3.17E-010, 
 23.30,   3.82E-010, 
 23.40,  -1.99E-011, 
 23.50,   5.15E-011, 
 23.60,   3.81E-010, 
 23.70,  -7.95E-011, 
 23.80,  -7.23E-012, 
 23.90,   4.20E-010, 
 24.00,  -2.53E-011, 
 24.10,  -2.48E-010, 
 24.20,   4.09E-010, 
 24.30,   4.08E-010, 
 24.40,  -2.94E-010, 
 24.50,   3.42E-010, 
 24.60,   1.08E-011, 
 24.70,  -3.30E-010, 
 24.80,   4.07E-011, 
 24.90,   3.57E-010, 
 25.00,   1.17E-010, 
 25.10,  -5.06E-011, 
 25.20,  -2.08E-011, 
 25.30,  -2.33E-010, 
 25.40,   5.06E-011, 
 25.50,   3.41E-010, 
 25.60,  -3.24E-010, 
 25.70,   3.71E-010, 
 25.80,   4.52E-010, 
 25.90,  -1.33E-010, 
 26.00,  -3.25E-010, 
 26.10,   3.49E-010, 
 26.20,   3.93E-010, 
 26.30,  -6.59E-011, 
 26.40,  -2.76E-010, 
 26.50,   3.83E-010, 
 26.60,   2.96E-010, 
 26.70,  -2.66E-010, 
 26.80,  -9.21E-011, 
 26.90,   3.86E-010, 
 27.00,   3.13E-010, 
 27.10,   3.12E-010, 
 27.20,  -3.01E-010, 
 27.30,  -2.17E-010, 
 27.40,   6.16E-010, 
 27.50,   8.69E-010, 
 27.60,   2.02E-009, 
 27.70,   4.37E-009, 
 27.80,   6.10E-009, 
 27.90,   8.08E-009, 
 28.00,   9.56E-009, 
 28.10,   1.09E-008, 
 28.20,   1.08E-008, 
 28.30,   8.68E-009, 
 28.40,   4.34E-009, 
 28.50,   2.07E-009, 
 28.60,   1.20E-009, 
 28.70,   7.94E-010, 
 28.80,   5.47E-010, 
 28.90,   5.65E-010, 
 29.00,   4.89E-010, 
 29.10,   4.01E-010, 
 29.20,   4.57E-010, 
 29.30,   2.86E-010, 
 29.40,  -2.89E-011, 
 29.50,   5.48E-010, 
 29.60,   5.82E-010, 
 29.70,   9.60E-010, 
 29.80,   1.17E-009, 
 29.90,   1.34E-009, 
 30.00,   1.70E-009, 
 30.10,   1.79E-009, 
 30.20,   1.81E-009, 
 30.30,   1.40E-009, 
 30.40,   7.91E-010, 
 30.50,   4.82E-010, 
 30.60,  -2.59E-010, 
 30.70,   2.01E-010, 
 30.80,  -8.49E-011, 
 30.90,   3.73E-010, 
 31.00,   4.48E-010, 
 31.10,  -1.61E-010, 
 31.20,  -2.05E-010, 
 31.30,  -9.21E-011, 
 31.40,   5.50E-010, 
 31.50,   6.25E-010, 
 31.60,   1.49E-009, 
 31.70,   2.73E-009, 
 31.80,   3.64E-009, 
 31.90,   5.06E-009, 
 32.00,   6.12E-009, 
 32.10,   6.89E-009, 
 32.20,   6.95E-009, 
 32.30,   5.22E-009, 
 32.40,   2.63E-009, 
 32.50,   1.43E-009, 
 32.60,   9.12E-010, 
 32.70,   6.08E-010, 
 32.80,   3.66E-010, 
 32.90,  -9.67E-011, 
 33.00,   9.03E-013, 
 33.10,   4.17E-010, 
 33.20,  -3.28E-010, 
 33.30,  -2.44E-010, 
 33.40,   1.63E-011, 
 33.50,   4.48E-010, 
 33.60,  -1.05E-010, 
 33.70,  -1.84E-010, 
 33.80,   7.14E-011, 
 33.90,   5.09E-010, 
 34.00,   3.41E-010, 
 34.10,   3.08E-010, 
 34.20,   3.60E-010, 
 34.30,   2.88E-010, 
 34.40,  -2.42E-010, 
 34.50,   3.36E-010, 
 34.60,   4.83E-010, 
 34.70,   4.25E-010, 
 34.80,   4.06E-010, 
 34.90,   3.22E-010, 
 35.00,  -2.78E-010, 
 35.10,   3.91E-010, 
 35.20,  -1.65E-010, 
 35.30,   4.37E-010, 
 35.40,   6.52E-010, 
 35.50,   1.04E-009, 
 35.60,   3.14E-009, 
 35.70,   5.71E-009, 
 35.80,   7.73E-009, 
 35.90,   1.03E-008, 
 36.00,   1.21E-008, 
 36.10,   1.31E-008, 
 36.20,   1.27E-008, 
 36.30,   7.96E-009, 
 36.40,   3.77E-009, 
 36.50,   1.86E-009, 
 36.60,   9.65E-010, 
 36.70,   6.54E-010, 
 36.80,   4.89E-010, 
 36.90,   3.22E-010, 
 37.00,   2.68E-010, 
 37.10,  -3.98E-010, 
 37.20,   6.14E-011, 
 37.30,   5.48E-010, 
 37.40,   4.92E-010, 
 37.50,   6.48E-010, 
 37.60,   8.96E-010, 
 37.70,   1.45E-009, 
 37.80,   1.81E-009, 
 37.90,   2.20E-009, 
 38.00,   2.68E-009, 
 38.10,   2.82E-009, 
 38.20,   2.85E-009, 
 38.30,   2.36E-009, 
 38.40,   1.47E-009, 
 38.50,   1.50E-009, 
 38.60,   1.79E-009, 
 38.70,   2.66E-009, 
 38.80,   3.90E-009, 
 38.90,   6.30E-009, 
 39.00,   1.03E-008, 
 39.10,   1.86E-008, 
 39.20,   3.96E-008, 
 39.30,   8.62E-008, 
 39.40,   2.06E-007, 
 39.50,   6.86E-007, 
 39.60,   2.22E-006, 
 39.70,   2.66E-006, 
 39.80,   3.28E-006, 
 39.90,   4.05E-006, 
 40.00,   4.54E-006, 
 40.10,   4.21E-006, 
 40.20,   3.29E-006, 
 40.30,   5.18E-007, 
 40.40,   3.16E-008, 
 40.50,   1.05E-008, 
 40.60,   5.40E-009, 
 40.70,   3.16E-009, 
 40.80,   2.15E-009, 
 40.90,   1.51E-009, 
 41.00,   1.14E-009, 
 41.10,   9.18E-010, 
 41.20,   7.76E-010, 
 41.30,   6.06E-010, 
 41.40,   5.15E-010, 
 41.50,   4.16E-010, 
 41.60,   4.85E-010, 
 41.70,   4.86E-010, 
 41.80,   3.92E-010, 
 41.90,   4.27E-010, 
 42.00,   4.37E-010, 
 42.10,  -1.72E-011, 
 42.20,  -2.66E-010, 
 42.30,   4.23E-010, 
 42.40,   4.79E-010, 
 42.50,   3.69E-010, 
 42.60,   1.04E-010, 
 42.70,   4.61E-010, 
 42.80,   3.04E-010, 
 42.90,  -1.66E-010, 
 43.00,   3.86E-010, 
 43.10,   8.13E-011, 
 43.20,   2.36E-010, 
 43.30,  -2.50E-010, 
 43.40,   3.80E-010, 
 43.50,   4.97E-010, 
 43.60,   3.74E-010, 
 43.70,   5.04E-010, 
 43.80,   5.82E-010, 
 43.90,   7.61E-010, 
 44.00,   9.06E-010, 
 44.10,   1.05E-009, 
 44.20,   1.02E-009, 
 44.30,   8.08E-010, 
 44.40,   4.81E-010, 
 44.50,  -3.52E-011, 
 44.60,  -1.17E-011, 
 44.70,   5.52E-010, 
 44.80,   3.97E-010, 
 44.90,  -5.42E-012, 
 45.00,   2.94E-010, 
 45.10,  -2.31E-010, 
 45.20,  -2.08E-010, 
 45.30,   5.78E-011, 
 45.40,   3.69E-010, 
 45.50,  -3.26E-010, 
 45.60,  -2.27E-010, 
 45.70,  -1.59E-010, 
 45.80,   4.91E-010, 
 45.90,  -2.07E-010, 
 46.00,   3.96E-010, 
 46.10,   3.33E-010, 
 46.20,  -1.04E-010, 
 46.30,  -2.50E-010, 
 46.40,   4.23E-010, 
 46.50,   4.16E-010, 
 46.60,  -9.03E-012, 
 46.70,   2.79E-010, 
 46.80,   3.31E-010, 
 46.90,   4.16E-011, 
 47.00,  -3.13E-010, 
 47.10,  -1.96E-010, 
 47.20,   2.35E-010, 
 47.30,  -4.97E-011, 
 47.40,  -2.76E-010, 
 47.50,  -1.83E-010, 
 47.60,   1.26E-011, 
 47.70,   4.81E-010, 
 47.80,   3.96E-010, 
 47.90,   4.07E-011, 
 48.00,  -2.31E-010, 
 48.10,   2.47E-010, 
 48.20,  -3.07E-011, 
 48.30,  -2.57E-010, 
 48.40,   3.41E-010, 
 48.50,   2.78E-010, 
 48.60,  -2.72E-010, 
 48.70,   2.35E-010, 
 48.80,   3.79E-010, 
 48.90,  -2.53E-011, 
 49.00,   2.10E-010, 
 49.10,  -6.68E-011, 
 49.20,  -1.70E-010, 
 49.30,   4.25E-010, 
 49.40,  -5.60E-011, 
 49.50,  -2.09E-010, 
 49.60,   4.10E-010, 
 49.70,   4.02E-010, 
 49.80,  -2.65E-010, 
 49.90,  -1.77E-010, 
 50.00,   3.34E-011, 
 50.10,   4.85E-010, 
 50.20,   3.74E-010, 
 50.30,  -2.51E-010, 
 50.40,   2.74E-010, 
 50.50,   3.88E-010, 
 50.60,  -2.08E-010, 
 50.70,  -2.35E-010, 
 50.80,   3.23E-010, 
 50.90,   3.60E-010, 
 51.00,   3.41E-010, 
 51.10,  -2.06E-010, 
 51.20,   2.99E-010, 
 51.30,   9.12E-011, 
 51.40,  -4.24E-010, 
 51.50,  -1.54E-010, 
 51.60,   5.82E-010, 
 51.70,   4.02E-010, 
 51.80,  -1.74E-010, 
 51.90,   3.32E-010, 
 52.00,   3.71E-010, 
 52.10,  -1.13E-010, 
 52.20,   3.88E-011, 
 52.30,   5.12E-010, 
 52.40,   4.46E-010, 
 52.50,   1.54E-011, 
 52.60,   7.41E-011, 
 52.70,   5.36E-010, 
 52.80,   3.95E-010, 
 52.90,   4.51E-010, 
 53.00,   4.07E-011, 
 53.10,   1.81E-012, 
 53.20,   3.47E-010, 
 53.30,   1.06E-010, 
 53.40,  -9.58E-011, 
 53.50,   4.59E-010, 
 53.60,  -2.28E-010, 
 53.70,   1.95E-010, 
 53.80,   4.17E-010, 
 53.90,  -2.49E-010, 
 54.00,  -2.03E-010, 
 54.10,  -1.73E-010, 
 54.20,   2.94E-010, 
 54.30,   3.25E-010, 
 54.40,   3.01E-010, 
 54.50,  -1.81E-012, 
 54.60,   2.98E-010, 
 54.70,  -2.06E-010, 
 54.80,   3.62E-010, 
 54.90,   4.97E-010, 
 55.00,   3.41E-010, 
 55.10,   3.50E-010, 
 55.20,  -1.17E-010, 
 55.30,  -3.13E-010, 
 55.40,  -1.08E-011, 
 55.50,   4.14E-010, 
 55.60,  -2.14E-010, 
 55.70,  -1.73E-010, 
 55.80,   3.97E-010, 
 55.90,   2.29E-010, 
 56.00,  -2.68E-010, 
 56.10,   3.49E-010, 
 56.20,   1.66E-010, 
 56.30,  -5.24E-011, 
 56.40,   4.65E-010, 
 56.50,  -2.44E-011, 
 56.60,   3.33E-010, 
 56.70,   3.56E-010, 
 56.80,  -5.69E-011, 
 56.90,  -8.76E-011, 
 57.00,   5.66E-010, 
 57.10,  -7.23E-012, 
 57.20,   3.21E-010, 
 57.30,   4.72E-010, 
 57.40,  -8.49E-011, 
 57.50,  -5.60E-011, 
 57.60,   4.21E-010, 
 57.70,   2.71E-012, 
 57.80,  -3.52E-011, 
 57.90,   2.24E-010, 
 58.00,  -8.04E-011, 
 58.10,   5.01E-010, 
 58.20,   3.98E-010, 
 58.30,  -2.35E-010, 
 58.40,   3.35E-010, 
 58.50,   9.30E-011, 
 58.60,  -8.31E-011, 
 58.70,   1.23E-010, 
 58.80,   2.64E-010, 
 58.90,  -3.43E-011, 
 59.00,  -2.00E-010, 
 59.10,   3.39E-010, 
 59.20,   7.59E-011, 
 59.30,   3.32E-010, 
 59.40,   3.87E-010, 
 59.50,  -2.61E-010, 
 59.60,  -2.13E-010, 
 59.70,   2.53E-011, 
 59.80,   5.58E-010, 
 59.90,   3.12E-010, 
 60.00,  -2.67E-010, 
 60.10,   5.37E-010, 
 60.20,   4.94E-010, 
 60.30,   2.53E-011, 
 60.40,  -6.05E-011, 
 60.50,   4.47E-010, 
 60.60,  -1.42E-010, 
 60.70,  -1.54E-011, 
 60.80,   4.91E-010, 
 60.90,  -3.52E-011, 
 61.00,   1.82E-010, 
 61.10,   4.35E-010, 
 61.20,  -7.41E-011, 
 61.30,   4.96E-010, 
 61.40,   3.78E-010, 
 61.50,   3.69E-010, 
 61.60,   7.14E-011, 
 61.70,   2.89E-011, 
 61.80,   4.56E-010, 
 61.90,  -3.41E-010, 
 62.00,  -2.45E-010, 
 62.10,  -2.71E-012, 
 62.20,   5.61E-010, 
 62.30,   3.26E-010, 
 62.40,  -5.42E-011, 
 62.50,  -2.38E-010, 
 62.60,   3.20E-010, 
 62.70,   4.90E-010, 
 62.80,   4.04E-010, 
 62.90,   4.12E-010, 
 63.00,  -1.81E-010, 
 63.10,  -3.07E-011, 
 63.20,   5.68E-010, 
 63.30,   4.93E-010, 
 63.40,  -1.45E-010, 
 63.50,  -7.95E-011, 
 63.60,   4.50E-010, 
 63.70,   2.49E-010, 
 63.80,  -2.98E-010, 
 63.90,  -2.46E-010, 
 64.00,  -2.35E-010, 
 64.10,   2.01E-010, 
 64.20,   1.98E-010, 
 64.30,   1.56E-010, 
 64.40,   2.30E-010, 
 64.50,  -3.13E-010, 
 64.60,   4.52E-012, 
 64.70,   3.30E-010, 
 64.80,   4.16E-010, 
 64.90,   4.04E-010, 
 65.00,   4.16E-010, 
 65.10,   2.14E-010, 
 65.20,  -3.43E-011, 
 65.30,   5.68E-010, 
 65.40,   4.23E-010, 
 65.50,   3.86E-010, 
 65.60,  -2.66E-010, 
 65.70,   3.36E-010, 
 65.80,   4.48E-010, 
 65.90,   3.65E-010, 
 66.00,   1.46E-010, 
 66.10,  -2.46E-010, 
 66.20,   2.90E-010, 
 66.30,   7.86E-011, 
 66.40,  -2.20E-010, 
 66.50,   4.67E-010, 
 66.60,  -1.27E-010, 
 66.70,  -2.80E-011, 
 66.80,   5.75E-010, 
 66.90,  -7.77E-011, 
 67.00,   1.80E-010, 
 67.10,   3.88E-011, 
 67.20,  -1.49E-010, 
 67.30,   2.99E-010, 
 67.40,   1.14E-010, 
 67.50,  -1.51E-010, 
 67.60,   4.96E-010, 
 67.70,   4.29E-010, 
 67.80,   6.23E-011, 
 67.90,  -6.68E-011, 
 68.00,   4.87E-010, 
 68.10,   2.85E-010, 
 68.20,   3.78E-010, 
 68.30,   3.41E-010, 
 68.40,  -3.20E-010, 
 68.50,  -6.68E-011, 
 68.60,   3.57E-010, 
 68.70,  -5.87E-011, 
 68.80,  -1.81E-012, 
 68.90,   5.18E-010, 
 69.00,   4.04E-010, 
 69.10,   6.59E-011, 
 69.20,  -5.69E-011, 
 69.30,   4.76E-010, 
 69.40,   3.23E-010, 
 69.50,   3.05E-010, 
 69.60,  -2.65E-010, 
 69.70,  -7.32E-011, 
 69.80,   5.67E-010, 
 69.90,   3.36E-010, 
 70.00,  -1.75E-010, 
 70.10,  -1.29E-010, 
 70.20,   4.48E-010, 
 70.30,   3.76E-010, 
 70.40,   3.61E-011, 
 70.50,  -3.50E-010, 
 70.60,  -1.46E-010, 
 70.70,   3.46E-010, 
 70.80,  -2.05E-010, 
 70.90,   1.99E-011, 
 71.00,   4.35E-010, 
 71.10,   3.10E-010, 
 71.20,  -2.20E-010, 
 71.30,   3.84E-010, 
 71.40,   5.12E-010, 
 71.50,   1.21E-010, 
 71.60,  -2.63E-010, 
 71.70,   3.88E-011, 
 71.80,   6.25E-010, 
 71.90,   3.59E-010, 
 72.00,  -1.57E-010, 
 72.10,   5.53E-010, 
 72.20,   5.08E-010, 
 72.30,   4.50E-010, 
 72.40,   2.85E-010, 
 72.50,  -1.66E-010, 
 72.60,   4.05E-010, 
 72.70,   4.23E-010, 
 72.80,   3.83E-010, 
 72.90,   2.01E-010, 
 73.00,  -2.73E-010, 
 73.10,   2.94E-010, 
 73.20,   4.46E-010, 
 73.30,  -1.36E-010, 
 73.40,  -7.77E-011, 
 73.50,   4.79E-010, 
 73.60,  -1.31E-010, 
 73.70,   6.02E-010, 
 73.80,   4.43E-010, 
 73.90,   3.26E-010, 
 74.00,   8.13E-011, 
 74.10,  -5.51E-011, 
 74.20,   5.63E-010, 
 74.30,   2.94E-010, 
 74.40,  -1.55E-010, 
 74.50,   2.30E-010, 
 74.60,   3.65E-010, 
 74.70,  -2.27E-010, 
 74.80,   2.93E-010, 
 74.90,   1.32E-010, 
 75.00,  -3.13E-010, 
 75.10,  -1.68E-010, 
 75.20,   2.35E-010, 
 75.30,   3.60E-010, 
 75.40,  -1.95E-010, 
 75.50,  -1.26E-010, 
 75.60,   3.24E-010, 
 75.70,   4.29E-010, 
 75.80,   4.98E-010, 
 75.90,   1.06E-010, 
 76.00,   3.93E-010, 
 76.10,   3.21E-010, 
 76.20,  -6.87E-011, 
 76.30,   1.80E-010, 
 76.40,   4.23E-010, 
 76.50,   3.43E-010, 
 76.60,  -2.46E-010, 
 76.70,   2.67E-010, 
 76.80,   8.58E-011, 
 76.90,  -1.24E-010, 
 77.00,   5.84E-010, 
 77.10,   4.12E-010, 
 77.20,  -1.17E-010, 
 77.30,  -6.78E-011, 
 77.40,   5.38E-010, 
 77.50,   3.44E-010, 
 77.60,   4.13E-010, 
 77.70,  -1.07E-010, 
 77.80,   4.69E-010, 
 77.90,   3.40E-010, 
 78.00,   1.21E-010, 
 78.10,   3.44E-010, 
 78.20,   4.05E-010, 
 78.30,  -7.68E-011, 
 78.40,   5.26E-010, 
 78.50,   2.86E-010, 
 78.60,  -2.18E-010, 
 78.70,   3.19E-010, 
 78.80,   4.46E-010, 
 78.90,   4.38E-010, 
 79.00,   3.45E-010, 
 79.10,   3.88E-010, 
 79.20,   3.96E-010, 
 79.30,   3.59E-010, 
 79.40,   3.91E-010, 
 79.50,  -1.28E-010, 
 79.60,  -2.15E-010, 
 79.70,   5.19E-010, 
 79.80,   4.10E-010, 
 79.90,   3.39E-010, 
 80.00,  -2.14E-010, 
 80.10,  -1.59E-010, 
 80.20,   3.74E-010, 
 80.30,   5.21E-010, 
 80.40,   5.32E-010, 
 80.50,   8.67E-011, 
 80.60,   2.10E-010, 
 80.70,   3.54E-010, 
 80.80,  -2.05E-010, 
 80.90,  -2.98E-010, 
 81.00,   2.79E-010, 
 81.10,   4.16E-010, 
 81.20,   4.27E-010, 
 81.30,   2.94E-010, 
 81.40,  -1.35E-010, 
 81.50,   4.90E-010, 
 81.60,   4.48E-010, 
 81.70,   4.04E-010, 
 81.80,   4.03E-010, 
 81.90,   4.34E-010, 
 82.00,   4.79E-010, 
 82.10,   3.70E-011, 
 82.20,   4.63E-010, 
 82.30,  -2.29E-010, 
 82.40,  -1.73E-010, 
 82.50,   2.66E-010, 
 82.60,   2.85E-010, 
 82.70,   3.61E-010, 
 82.80,   3.78E-010, 
 82.90,  -1.81E-010, 
 83.00,   2.10E-010, 
 83.10,   5.37E-010, 
 83.20,   5.80E-010, 
 83.30,   4.74E-010, 
 83.40,   4.06E-010, 
 83.50,   9.76E-011, 
 83.60,  -2.96E-010, 
 83.70,   1.95E-010, 
 83.80,   1.31E-010, 
 83.90,  -8.85E-011, 
 84.00,   5.43E-010, 
 84.10,   5.38E-010, 
 84.20,   6.51E-010, 
 84.30,   5.33E-010, 
 84.40,   3.42E-010, 
 84.50,   3.13E-010, 
 84.60,   3.43E-011, 
 84.70,  -1.69E-010, 
 84.80,   6.40E-010, 
 84.90,   5.68E-010, 
 85.00,   2.71E-010, 
 85.10,  -1.33E-010, 
 85.20,   4.59E-010, 
 85.30,  -9.67E-011, 
 85.40,   1.23E-010, 
 85.50,   4.54E-010, 
 85.60,   5.04E-010, 
 85.70,   5.18E-010, 
 85.80,   5.11E-010, 
 85.90,   2.98E-010, 
 86.00,  -1.37E-010, 
 86.10,   4.25E-010, 
 86.20,   4.13E-010, 
 86.30,   4.19E-010, 
 86.40,   3.89E-010, 
 86.50,   3.95E-010, 
 86.60,  -1.78E-010, 
 86.70,   2.05E-010, 
 86.80,   4.02E-010, 
 86.90,   3.58E-010, 
 87.00,  -2.46E-010, 
 87.10,  -1.31E-010, 
 87.20,   4.81E-010, 
 87.30,  -7.95E-011, 
 87.40,  -5.87E-011, 
 87.50,   6.35E-010, 
 87.60,   4.05E-010, 
 87.70,   3.57E-010, 
 87.80,   3.51E-010, 
 87.90,   1.54E-010, 
 88.00,   4.34E-010, 
 88.10,   2.75E-010, 
 88.20,  -2.59E-010, 
 88.30,   3.08E-010, 
 88.40,   6.66E-010, 
 88.50,   4.89E-010, 
 88.60,   4.15E-010, 
 88.70,   3.56E-010, 
 88.80,  -5.51E-011, 
 88.90,   3.18E-010, 
 89.00,   5.37E-010, 
 89.10,   4.35E-010, 
 89.20,   9.21E-011, 
 89.30,  -2.24E-010, 
 89.40,   5.36E-010, 
 89.50,   3.90E-010, 
 89.60,  -7.41E-011, 
 89.70,  -2.06E-010, 
 89.80,   6.03E-010, 
 89.90,   5.65E-010, 
 90.00,  -1.23E-010, 
