Aug 06, 2026  01:03:11 PM
Residual Gas Analyzer Software 
Software Version, 3.214.004

Analog Scan Setup:

Data Points in Scan, 891 
Units, Torr 
Noise Floor, 2 
CEM Status, OFF 
Points Per AMU, 10
Scan Start Mass, 1, amu 
Scan Stop Mass, 90, amu
Focus Voltage, 90, Volts 
Ion Energy, HIGH 
Electron Energy, 70, eV 
CEM Voltage, 1159, Volts
CEM Gain, 1.01E+003 
Sensitivity Factor, 1.11E-004 
Filament Current, 1.00, mAmps


  1.00,   5.53E-013, 
  1.10,   3.87E-012, 
  1.20,   2.76E-014, 
  1.30,   1.23E-012, 
  1.40,   3.55E-012, 
  1.50,   2.08E-011, 
  1.60,   5.51E-011, 
  1.70,   7.85E-011, 
  1.80,   9.20E-011, 
  1.90,   1.03E-010, 
  2.00,   1.14E-010, 
  2.10,   1.15E-010, 
  2.20,   1.03E-010, 
  2.30,   6.27E-011, 
  2.40,   1.92E-011, 
  2.50,   5.67E-012, 
  2.60,   2.98E-012, 
  2.70,   2.40E-012, 
  2.80,   4.75E-012, 
  2.90,   4.50E-012, 
  3.00,   4.05E-012, 
  3.10,   5.33E-012, 
  3.20,   8.41E-012, 
  3.30,   1.53E-011, 
  3.40,   4.11E-011, 
  3.50,   1.48E-010, 
  3.60,   3.15E-010, 
  3.70,   4.31E-010, 
  3.80,   5.27E-010, 
  3.90,   7.39E-010, 
  4.00,   8.78E-010, 
  4.10,   8.40E-010, 
  4.20,   6.33E-010, 
  4.30,   2.39E-010, 
  4.40,   3.54E-011, 
  4.50,   1.06E-011, 
  4.60,   4.81E-012, 
  4.70,   2.40E-012, 
  4.80,   2.32E-014, 
  4.90,  -1.24E-012, 
  5.00,  -7.52E-013, 
  5.10,   2.68E-014, 
  5.20,   5.08E-014, 
  5.30,   1.74E-013, 
  5.40,   2.97E-013, 
  5.50,   4.00E-013, 
  5.60,   3.17E-013, 
  5.70,  -4.99E-014, 
  5.80,   1.67E-013, 
  5.90,   5.62E-014, 
  6.00,   1.16E-014, 
  6.10,   8.03E-015, 
  6.20,  -2.43E-013, 
  6.30,  -2.05E-013, 
  6.40,  -1.69E-014, 
  6.50,  -3.57E-015, 
  6.60,  -2.63E-013, 
  6.70,  -2.28E-013, 
  6.80,  -1.28E-013, 
  6.90,  -7.04E-014, 
  7.00,  -2.78E-013, 
  7.10,  -2.84E-013, 
  7.20,  -2.68E-013, 
  7.30,  -1.96E-013, 
  7.40,  -3.66E-014, 
  7.50,   6.15E-014, 
  7.60,   1.54E-013, 
  7.70,   1.13E-013, 
  7.80,  -7.04E-014, 
  7.90,   3.66E-014, 
  8.00,   7.40E-014, 
  8.10,  -1.31E-013, 
  8.20,  -1.55E-013, 
  8.30,  -2.82E-013, 
  8.40,  -8.47E-014, 
  8.50,   9.27E-014, 
  8.60,  -4.64E-014, 
  8.70,  -3.92E-013, 
  8.80,  -6.63E-013, 
  8.90,  -2.05E-014, 
  9.00,   7.94E-014, 
  9.10,  -1.52E-013, 
  9.20,  -9.54E-014, 
  9.30,   4.28E-014, 
  9.40,   2.33E-013, 
  9.50,   2.67E-013, 
  9.60,   2.49E-013, 
  9.70,  -4.82E-014, 
  9.80,  -1.11E-013, 
  9.90,   2.38E-013, 
 10.00,   3.83E-014, 
 10.10,  -6.24E-014, 
 10.20,   2.62E-013, 
 10.30,   2.72E-013, 
 10.40,   2.47E-013, 
 10.50,   1.28E-013, 
 10.60,  -9.10E-014, 
 10.70,  -1.88E-013, 
 10.80,  -5.71E-014, 
 10.90,   1.94E-013, 
 11.00,   2.84E-013, 
 11.10,   2.43E-013, 
 11.20,   1.34E-014, 
 11.30,  -1.95E-013, 
 11.40,   3.04E-013, 
 11.50,   4.16E-013, 
 11.60,   3.74E-013, 
 11.70,   3.09E-013, 
 11.80,   6.25E-013, 
 11.90,   5.24E-013, 
 12.00,   1.33E-012, 
 12.10,   3.81E-012, 
 12.20,   2.19E-012, 
 12.30,  -1.34E-012, 
 12.40,  -1.46E-012, 
 12.50,  -7.40E-013, 
 12.60,  -9.19E-014, 
 12.70,   7.31E-014, 
 12.80,   3.62E-013, 
 12.90,   2.98E-012, 
 13.00,   2.85E-012, 
 13.10,   2.02E-012, 
 13.20,   1.98E-012, 
 13.30,  -1.66E-012, 
 13.40,   6.24E-014, 
 13.50,   6.54E-012, 
 13.60,   1.08E-011, 
 13.70,   1.64E-011, 
 13.80,   2.03E-011, 
 13.90,   2.63E-011, 
 14.00,   3.09E-011, 
 14.10,   2.91E-011, 
 14.20,   2.21E-011, 
 14.30,   1.41E-011, 
 14.40,   6.40E-012, 
 14.50,   4.35E-012, 
 14.60,   4.96E-012, 
 14.70,   6.15E-012, 
 14.80,   7.45E-012, 
 14.90,   9.33E-012, 
 15.00,   1.10E-011, 
 15.10,   1.16E-011, 
 15.20,   9.98E-012, 
 15.30,   6.29E-012, 
 15.40,   3.22E-012, 
 15.50,  -5.20E-013, 
 15.60,   2.95E-012, 
 15.70,   6.08E-012, 
 15.80,   8.84E-012, 
 15.90,   1.17E-011, 
 16.00,   1.38E-011, 
 16.10,   1.41E-011, 
 16.20,   1.16E-011, 
 16.30,   6.54E-012, 
 16.40,   2.32E-012, 
 16.50,   1.16E-012, 
 16.60,   2.45E-013, 
 16.70,  -9.50E-013, 
 16.80,  -2.64E-013, 
 16.90,  -5.54E-013, 
 17.00,  -1.97E-012, 
 17.10,   2.81E-013, 
 17.20,  -1.06E-012, 
 17.30,   0.00E+000, 
 17.40,   5.86E-013, 
 17.50,  -1.40E-012, 
 17.60,  -2.91E-012, 
 17.70,  -5.16E-012, 
 17.80,  -1.15E-012, 
 17.90,  -4.39E-012, 
 18.00,  -7.42E-012, 
 18.10,  -5.29E-012, 
 18.20,  -4.72E-012, 
 18.30,   1.04E-012, 
 18.40,  -3.37E-013, 
 18.50,  -7.36E-013, 
 18.60,  -3.30E-013, 
 18.70,   3.63E-013, 
 18.80,   3.29E-013, 
 18.90,   8.56E-014, 
 19.00,   1.29E-013, 
 19.10,   1.38E-013, 
 19.20,  -1.09E-012, 
 19.30,   1.13E-012, 
 19.40,   6.31E-012, 
 19.50,   1.37E-011, 
 19.60,   2.49E-011, 
 19.70,   3.22E-011, 
 19.80,   4.12E-011, 
 19.90,   4.69E-011, 
 20.00,   5.07E-011, 
 20.10,   4.48E-011, 
 20.20,   3.12E-011, 
 20.30,   1.31E-011, 
 20.40,   5.71E-012, 
 20.50,   2.89E-012, 
 20.60,  -5.92E-013, 
 20.70,  -1.63E-012, 
 20.80,  -7.95E-013, 
 20.90,   2.09E-013, 
 21.00,   2.61E-013, 
 21.10,   1.56E-013, 
 21.20,  -1.65E-013, 
 21.30,  -1.85E-013, 
 21.40,  -2.30E-013, 
 21.50,  -2.96E-013, 
 21.60,  -1.33E-013, 
 21.70,  -1.52E-014, 
 21.80,   2.91E-013, 
 21.90,   1.96E-013, 
 22.00,   1.66E-013, 
 22.10,   2.56E-013, 
 22.20,   1.09E-013, 
 22.30,   2.62E-013, 
 22.40,   3.34E-013, 
 22.50,   2.23E-013, 
 22.60,   1.21E-013, 
 22.70,  -4.19E-014, 
 22.80,  -3.90E-013, 
 22.90,  -5.72E-013, 
 23.00,  -3.03E-013, 
 23.10,   3.66E-014, 
 23.20,   8.65E-014, 
 23.30,   7.67E-014, 
 23.40,  -8.11E-014, 
 23.50,  -1.58E-013, 
 23.60,  -1.44E-013, 
 23.70,   3.48E-014, 
 23.80,   9.99E-014, 
 23.90,   6.96E-014, 
 24.00,   3.37E-013, 
 24.10,   1.30E-013, 
 24.20,   9.72E-014, 
 24.30,   1.74E-013, 
 24.40,   2.32E-014, 
 24.50,   1.44E-013, 
 24.60,  -1.61E-014, 
 24.70,  -2.35E-013, 
 24.80,   4.73E-014, 
 24.90,   2.94E-014, 
 25.00,   6.51E-014, 
 25.10,   1.99E-013, 
 25.20,   1.97E-013, 
 25.30,  -3.83E-014, 
 25.40,  -1.03E-013, 
 25.50,  -1.19E-013, 
 25.60,  -1.97E-013, 
 25.70,  -2.93E-013, 
 25.80,  -1.34E-014, 
 25.90,   4.86E-013, 
 26.00,   3.30E-013, 
 26.10,   2.23E-013, 
 26.20,   7.13E-015, 
 26.30,  -3.21E-014, 
 26.40,  -3.06E-013, 
 26.50,  -3.73E-013, 
 26.60,  -3.41E-013, 
 26.70,   1.56E-013, 
 26.80,   3.83E-013, 
 26.90,   4.74E-013, 
 27.00,   1.76E-012, 
 27.10,   4.75E-012, 
 27.20,   4.70E-012, 
 27.30,   8.56E-012, 
 27.40,   2.42E-011, 
 27.50,   1.10E-010, 
 27.60,   2.24E-010, 
 27.70,   2.73E-010, 
 27.80,   3.32E-010, 
 27.90,   3.66E-010, 
 28.00,   3.73E-010, 
 28.10,   3.31E-010, 
 28.20,   1.97E-010, 
 28.30,   3.27E-011, 
 28.40,   7.67E-012, 
 28.50,   3.87E-012, 
 28.60,   5.14E-012, 
 28.70,   3.83E-012, 
 28.80,   3.30E-012, 
 28.90,   3.36E-012, 
 29.00,   2.93E-012, 
 29.10,   2.49E-012, 
 29.20,   2.12E-012, 
 29.30,  -3.60E-013, 
 29.40,  -1.46E-012, 
 29.50,  -6.53E-013, 
 29.60,  -7.67E-014, 
 29.70,  -3.75E-014, 
 29.80,  -1.85E-012, 
 29.90,   1.50E-012, 
 30.00,   1.02E-012, 
 30.10,   2.47E-012, 
 30.20,   6.93E-013, 
 30.30,  -5.47E-013, 
 30.40,  -2.83E-013, 
 30.50,  -1.36E-013, 
 30.60,  -1.96E-013, 
 30.70,  -3.33E-013, 
 30.80,  -1.48E-013, 
 30.90,   6.78E-014, 
 31.00,  -6.51E-014, 
 31.10,  -1.94E-013, 
 31.20,  -2.23E-014, 
 31.30,   5.44E-014, 
 31.40,  -5.80E-014, 
 31.50,   9.93E-013, 
 31.60,   2.16E-012, 
 31.70,   2.47E-012, 
 31.80,   3.32E-012, 
 31.90,   3.69E-012, 
 32.00,   3.19E-012, 
 32.10,   2.93E-012, 
 32.20,   2.70E-012, 
 32.30,   1.03E-012, 
 32.40,   4.71E-013, 
 32.50,  -5.36E-013, 
 32.60,   3.40E-013, 
 32.70,  -3.12E-014, 
 32.80,  -7.67E-014, 
 32.90,   4.73E-014, 
 33.00,  -8.56E-014, 
 33.10,  -1.61E-013, 
 33.20,  -2.02E-013, 
 33.30,  -8.29E-014, 
 33.40,  -7.67E-014, 
 33.50,  -2.18E-013, 
 33.60,   1.85E-013, 
 33.70,   3.66E-014, 
 33.80,  -1.04E-013, 
 33.90,  -1.69E-014, 
 34.00,  -8.83E-014, 
 34.10,   2.09E-013, 
 34.20,   9.45E-014, 
 34.30,   2.37E-013, 
 34.40,  -8.92E-015, 
 34.50,  -6.78E-014, 
 34.60,  -1.52E-014, 
 34.70,  -9.81E-015, 
 34.80,  -3.47E-013, 
 34.90,  -2.05E-014, 
 35.00,   2.26E-013, 
 35.10,   1.41E-013, 
 35.20,   1.65E-013, 
 35.30,  -4.46E-014, 
 35.40,   2.73E-013, 
 35.50,   5.09E-013, 
 35.60,   3.28E-012, 
 35.70,   2.95E-012, 
 35.80,   1.94E-012, 
 35.90,   1.82E-012, 
 36.00,   1.68E-012, 
 36.10,   1.80E-012, 
 36.20,   1.55E-012, 
 36.30,  -1.65E-012, 
 36.40,  -9.99E-013, 
 36.50,  -4.00E-013, 
 36.60,  -2.99E-013, 
 36.70,  -9.36E-014, 
 36.80,   1.09E-013, 
 36.90,   1.10E-013, 
 37.00,   1.46E-013, 
 37.10,  -1.78E-015, 
 37.20,   5.17E-014, 
 37.30,  -2.14E-014, 
 37.40,  -2.00E-013, 
 37.50,  -9.19E-014, 
 37.60,   2.59E-013, 
 37.70,   2.76E-013, 
 37.80,   3.67E-013, 
 37.90,   4.78E-013, 
 38.00,   2.98E-013, 
 38.10,  -5.44E-014, 
 38.20,   2.59E-014, 
 38.30,   2.05E-013, 
 38.40,  -5.08E-014, 
 38.50,   1.62E-013, 
 38.60,   9.72E-014, 
 38.70,   1.86E-012, 
 38.80,   4.08E-012, 
 38.90,   3.33E-012, 
 39.00,   4.02E-012, 
 39.10,   6.21E-012, 
 39.20,   1.12E-011, 
 39.30,   2.48E-011, 
 39.40,   8.22E-011, 
 39.50,   2.35E-010, 
 39.60,   3.12E-010, 
 39.70,   3.91E-010, 
 39.80,   4.76E-010, 
 39.90,   5.17E-010, 
 40.00,   5.03E-010, 
 40.10,   3.73E-010, 
 40.20,   1.01E-010, 
 40.30,   1.86E-011, 
 40.40,   8.16E-012, 
 40.50,   4.61E-012, 
 40.60,   3.53E-012, 
 40.70,   2.77E-012, 
 40.80,   2.84E-012, 
 40.90,   3.21E-012, 
 41.00,   3.66E-012, 
 41.10,   3.52E-012, 
 41.20,   3.65E-012, 
 41.30,   3.54E-012, 
 41.40,   4.18E-012, 
 41.50,   5.92E-012, 
 41.60,   7.92E-012, 
 41.70,   8.82E-012, 
 41.80,   9.48E-012, 
 41.90,   1.09E-011, 
 42.00,   1.14E-011, 
 42.10,   1.00E-011, 
 42.20,   6.09E-012, 
 42.30,   2.76E-012, 
 42.40,   1.85E-012, 
 42.50,   1.66E-012, 
 42.60,   1.92E-012, 
 42.70,   2.09E-012, 
 42.80,   2.55E-012, 
 42.90,   3.07E-012, 
 43.00,   3.27E-012, 
 43.10,   3.01E-012, 
 43.20,   1.57E-012, 
 43.30,  -1.72E-012, 
 43.40,  -6.51E-013, 
 43.50,  -1.90E-013, 
 43.60,   2.27E-013, 
 43.70,   2.22E-012, 
 43.80,  -4.02E-013, 
 43.90,   9.10E-014, 
 44.00,   3.51E-013, 
 44.10,   6.27E-013, 
 44.20,   2.53E-012, 
 44.30,  -7.95E-013, 
 44.40,  -4.76E-013, 
 44.50,  -1.01E-013, 
 44.60,   1.06E-013, 
 44.70,   2.10E-012, 
 44.80,   2.28E-012, 
 44.90,  -1.56E-012, 
 45.00,  -8.71E-013, 
 45.10,  -4.91E-013, 
 45.20,  -5.97E-014, 
 45.30,  -7.04E-014, 
 45.40,  -5.08E-014, 
 45.50,   2.10E-013, 
 45.60,   8.11E-014, 
 45.70,  -2.68E-015, 
 45.80,   3.83E-013, 
 45.90,   5.12E-013, 
 46.00,   3.77E-013, 
 46.10,  -1.61E-013, 
 46.20,  -2.47E-013, 
 46.30,  -2.22E-013, 
 46.40,  -2.37E-013, 
 46.50,  -2.37E-012, 
 46.60,  -2.29E-012, 
 46.70,   1.52E-012, 
 46.80,   5.07E-013, 
 46.90,   4.55E-014, 
 47.00,  -1.19E-013, 
 47.10,   3.92E-014, 
 47.20,   1.69E-013, 
 47.30,  -1.11E-013, 
 47.40,   6.69E-014, 
 47.50,   1.98E-013, 
 47.60,   3.09E-013, 
 47.70,   7.67E-014, 
 47.80,   2.37E-013, 
 47.90,   1.27E-013, 
 48.00,   5.97E-014, 
 48.10,   8.47E-014, 
 48.20,   9.72E-014, 
 48.30,   4.64E-014, 
 48.40,   3.83E-014, 
 48.50,  -7.67E-014, 
 48.60,  -9.81E-015, 
 48.70,  -1.51E-013, 
 48.80,   1.60E-013, 
 48.90,   1.11E-013, 
 49.00,   6.69E-014, 
 49.10,  -4.73E-014, 
 49.20,   1.10E-013, 
 49.30,   2.49E-013, 
 49.40,   2.29E-013, 
 49.50,   1.19E-013, 
 49.60,   1.34E-013, 
 49.70,   3.12E-014, 
 49.80,   1.77E-013, 
 49.90,  -3.39E-014, 
 50.00,  -1.50E-013, 
 50.10,  -1.34E-013, 
 50.20,   1.03E-013, 
 50.30,  -7.49E-014, 
 50.40,  -8.92E-015, 
 50.50,   8.03E-015, 
 50.60,  -1.18E-013, 
 50.70,  -5.44E-014, 
 50.80,   9.45E-014, 
 50.90,   1.52E-013, 
 51.00,  -4.46E-014, 
 51.10,  -2.13E-013, 
 51.20,  -3.57E-014, 
 51.30,  -7.22E-014, 
 51.40,  -1.74E-013, 
 51.50,   1.25E-014, 
 51.60,   2.96E-013, 
 51.70,  -3.12E-014, 
 51.80,  -1.36E-013, 
 51.90,  -4.01E-014, 
 52.00,   1.04E-013, 
 52.10,   1.94E-013, 
 52.20,  -1.07E-013, 
 52.30,  -1.29E-013, 
 52.40,  -6.78E-014, 
 52.50,  -8.65E-014, 
 52.60,  -6.24E-015, 
 52.70,   2.01E-013, 
 52.80,   3.83E-014, 
 52.90,  -5.80E-014, 
 53.00,  -2.27E-013, 
 53.10,  -1.13E-013, 
 53.20,  -6.06E-014, 
 53.30,  -3.97E-013, 
 53.40,  -2.02E-013, 
 53.50,  -1.89E-013, 
 53.60,   1.78E-014, 
 53.70,  -3.21E-014, 
 53.80,  -2.25E-013, 
 53.90,   5.35E-015, 
 54.00,   2.85E-014, 
 54.10,   9.81E-015, 
 54.20,  -1.36E-013, 
 54.30,  -3.44E-013, 
 54.40,  -3.34E-013, 
 54.50,  -1.03E-013, 
 54.60,  -1.35E-013, 
 54.70,  -7.13E-015, 
 54.80,   3.80E-013, 
 54.90,   8.83E-014, 
 55.00,  -1.55E-013, 
 55.10,  -7.67E-014, 
 55.20,   6.87E-014, 
 55.30,   6.06E-014, 
 55.40,   1.70E-013, 
 55.50,   7.94E-014, 
 55.60,  -5.35E-015, 
 55.70,   1.87E-014, 
 55.80,   1.20E-013, 
 55.90,   1.05E-013, 
 56.00,  -3.83E-014, 
 56.10,  -1.51E-013, 
 56.20,   1.16E-013, 
 56.30,   1.79E-013, 
 56.40,   1.77E-013, 
 56.50,   1.51E-013, 
 56.60,  -8.74E-014, 
 56.70,  -1.19E-013, 
 56.80,  -3.56E-013, 
 56.90,  -5.07E-013, 
 57.00,  -1.07E-014, 
 57.10,  -2.76E-014, 
 57.20,   1.70E-013, 
 57.30,   1.75E-013, 
 57.40,   2.35E-013, 
 57.50,  -1.39E-013, 
 57.60,   8.38E-014, 
 57.70,  -1.02E-013, 
 57.80,   1.43E-014, 
 57.90,  -2.68E-014, 
 58.00,  -3.80E-013, 
 58.10,  -3.58E-013, 
 58.20,  -3.05E-013, 
 58.30,  -1.45E-013, 
 58.40,  -4.46E-015, 
 58.50,  -1.87E-013, 
 58.60,  -8.83E-014, 
 58.70,   1.97E-013, 
 58.80,  -1.22E-013, 
 58.90,  -1.33E-013, 
 59.00,   1.25E-013, 
 59.10,   2.02E-013, 
 59.20,   1.80E-013, 
 59.30,  -7.04E-014, 
 59.40,   1.29E-013, 
 59.50,   1.96E-013, 
 59.60,  -2.76E-014, 
 59.70,   2.20E-013, 
 59.80,   8.56E-014, 
 59.90,   1.35E-013, 
 60.00,   6.51E-014, 
 60.10,   1.20E-013, 
 60.20,   7.13E-015, 
 60.30,  -1.13E-013, 
 60.40,  -6.87E-014, 
 60.50,   1.91E-013, 
 60.60,   5.62E-014, 
 60.70,   1.24E-013, 
 60.80,  -4.64E-014, 
 60.90,   1.21E-013, 
 61.00,   9.54E-014, 
 61.10,   3.66E-014, 
 61.20,  -1.60E-013, 
 61.30,  -2.84E-013, 
 61.40,  -2.30E-013, 
 61.50,   6.69E-014, 
 61.60,   1.03E-013, 
 61.70,  -1.52E-014, 
 61.80,  -1.60E-013, 
 61.90,  -1.03E-013, 
 62.00,  -1.84E-013, 
 62.10,  -4.46E-015, 
 62.20,   4.82E-014, 
 62.30,  -1.33E-013, 
 62.40,   3.08E-013, 
 62.50,   4.55E-014, 
 62.60,   2.02E-013, 
 62.70,   4.14E-013, 
 62.80,   3.57E-013, 
 62.90,   3.44E-013, 
 63.00,   2.27E-013, 
 63.10,  -6.33E-014, 
 63.20,  -2.84E-013, 
 63.30,  -2.44E-012, 
 63.40,  -2.45E-012, 
 63.50,   8.47E-014, 
 63.60,   1.61E-012, 
 63.70,   6.13E-013, 
 63.80,   2.09E-013, 
 63.90,   1.03E-013, 
 64.00,   2.35E-013, 
 64.10,   7.94E-014, 
 64.20,  -2.76E-014, 
 64.30,  -2.14E-014, 
 64.40,   1.83E-013, 
 64.50,   1.73E-013, 
 64.60,  -5.53E-014, 
 64.70,  -8.56E-014, 
 64.80,  -5.26E-014, 
 64.90,   2.51E-013, 
 65.00,   1.87E-013, 
 65.10,   2.43E-013, 
 65.20,  -3.21E-014, 
 65.30,  -1.96E-013, 
 65.40,  -2.44E-013, 
 65.50,  -6.33E-014, 
 65.60,  -1.46E-013, 
 65.70,  -4.18E-013, 
 65.80,  -3.27E-013, 
 65.90,  -1.40E-013, 
 66.00,   1.69E-013, 
 66.10,   2.35E-013, 
 66.20,   9.72E-014, 
 66.30,   1.42E-013, 
 66.40,   4.40E-013, 
 66.50,   4.07E-013, 
 66.60,  -6.78E-014, 
 66.70,  -1.04E-013, 
 66.80,  -1.90E-013, 
 66.90,  -2.03E-013, 
 67.00,  -1.56E-013, 
 67.10,  -3.31E-013, 
 67.20,  -1.53E-013, 
 67.30,  -2.18E-013, 
 67.40,  -2.18E-013, 
 67.50,  -1.70E-013, 
 67.60,   5.44E-014, 
 67.70,   7.67E-014, 
 67.80,   2.02E-013, 
 67.90,  -4.73E-014, 
 68.00,   5.08E-014, 
 68.10,  -9.63E-014, 
 68.20,  -1.16E-014, 
 68.30,   1.78E-014, 
 68.40,  -2.04E-013, 
 68.50,  -3.09E-013, 
 68.60,  -8.03E-015, 
 68.70,  -1.87E-014, 
 68.80,  -1.36E-013, 
 68.90,  -2.02E-013, 
 69.00,  -9.19E-014, 
 69.10,  -2.68E-013, 
 69.20,  -1.42E-013, 
 69.30,  -3.51E-013, 
 69.40,  -1.62E-013, 
 69.50,   7.94E-014, 
 69.60,   2.41E-014, 
 69.70,  -1.50E-013, 
 69.80,  -1.94E-013, 
 69.90,  -1.53E-013, 
 70.00,  -2.59E-013, 
 70.10,  -1.45E-013, 
 70.20,   8.03E-014, 
 70.30,  -6.24E-015, 
 70.40,  -1.87E-013, 
 70.50,  -2.90E-013, 
 70.60,  -3.28E-013, 
 70.70,  -1.75E-013, 
 70.80,  -1.19E-013, 
 70.90,   1.28E-013, 
 71.00,   2.92E-013, 
 71.10,   1.05E-013, 
 71.20,   2.43E-013, 
 71.30,   1.83E-013, 
 71.40,   3.16E-013, 
 71.50,   1.43E-014, 
 71.60,  -3.90E-013, 
 71.70,  -1.69E-013, 
 71.80,   1.67E-013, 
 71.90,   3.50E-013, 
 72.00,   1.20E-013, 
 72.10,   1.21E-013, 
 72.20,   1.42E-013, 
 72.30,   1.47E-013, 
 72.40,  -7.22E-014, 
 72.50,  -1.98E-013, 
 72.60,   1.16E-013, 
 72.70,  -4.73E-014, 
 72.80,   3.03E-014, 
 72.90,   1.81E-013, 
 73.00,   6.15E-013, 
 73.10,   2.88E-013, 
 73.20,   7.85E-014, 
 73.30,  -9.45E-014, 
 73.40,   5.97E-014, 
 73.50,  -3.39E-014, 
 73.60,   9.81E-014, 
 73.70,   2.08E-013, 
 73.80,   2.27E-013, 
 73.90,   4.88E-013, 
 74.00,   2.37E-013, 
 74.10,   3.75E-013, 
 74.20,   2.27E-013, 
 74.30,   3.33E-013, 
 74.40,   6.42E-014, 
 74.50,  -4.37E-014, 
 74.60,   1.15E-013, 
 74.70,   2.84E-013, 
 74.80,   1.95E-013, 
 74.90,   2.40E-013, 
 75.00,   8.20E-014, 
 75.10,   2.91E-013, 
 75.20,   1.27E-013, 
 75.30,   3.15E-013, 
 75.40,   1.67E-013, 
 75.50,   1.65E-013, 
 75.60,   1.11E-013, 
 75.70,  -8.83E-014, 
 75.80,   3.12E-014, 
 75.90,   1.01E-013, 
 76.00,   1.68E-013, 
 76.10,   2.14E-014, 
 76.20,   6.33E-014, 
 76.30,   3.17E-013, 
 76.40,   1.19E-013, 
 76.50,   1.93E-013, 
 76.60,   9.45E-014, 
 76.70,   1.70E-013, 
 76.80,   1.69E-013, 
 76.90,   1.57E-013, 
 77.00,   2.84E-013, 
 77.10,   1.18E-013, 
 77.20,  -1.20E-013, 
 77.30,  -7.76E-014, 
 77.40,  -2.66E-013, 
 77.50,  -1.28E-013, 
 77.60,   1.68E-013, 
 77.70,   2.78E-013, 
 77.80,   6.89E-013, 
 77.90,   6.47E-013, 
 78.00,   4.98E-013, 
 78.10,   3.27E-012, 
 78.20,   1.95E-012, 
 78.30,  -1.66E-012, 
 78.40,  -9.37E-013, 
 78.50,  -5.22E-013, 
 78.60,  -3.49E-013, 
 78.70,  -2.51E-013, 
 78.80,  -3.19E-013, 
 78.90,  -4.18E-013, 
 79.00,  -3.41E-013, 
 79.10,  -1.98E-013, 
 79.20,   7.58E-014, 
 79.30,   2.60E-013, 
 79.40,   3.30E-014, 
 79.50,   2.63E-012, 
 79.60,   2.73E-012, 
 79.70,   2.24E-012, 
 79.80,   2.45E-012, 
 79.90,   2.80E-012, 
 80.00,   2.90E-012, 
 80.10,   2.41E-012, 
 80.20,  -3.63E-013, 
 80.30,  -1.34E-012, 
 80.40,  -8.73E-013, 
 80.50,  -3.95E-013, 
 80.60,  -3.34E-013, 
 80.70,   1.24E-013, 
 80.80,   1.40E-013, 
 80.90,   3.03E-013, 
 81.00,   4.90E-013, 
 81.10,   2.81E-013, 
 81.20,   3.92E-013, 
 81.30,   1.17E-012, 
 81.40,   4.38E-012, 
 81.50,   4.84E-012, 
 81.60,   6.20E-012, 
 81.70,   7.56E-012, 
 81.80,   1.05E-011, 
 81.90,   1.27E-011, 
 82.00,   1.40E-011, 
 82.10,   1.05E-011, 
 82.20,   5.71E-012, 
 82.30,   3.27E-012, 
 82.40,   2.86E-012, 
 82.50,   4.16E-012, 
 82.60,   5.99E-012, 
 82.70,   7.41E-012, 
 82.80,   1.07E-011, 
 82.90,   1.37E-011, 
 83.00,   1.52E-011, 
 83.10,   1.19E-011, 
 83.20,   7.51E-012, 
 83.30,   5.54E-012, 
 83.40,   7.74E-012, 
 83.50,   1.92E-011, 
 83.60,   2.96E-011, 
 83.70,   3.89E-011, 
 83.80,   5.50E-011, 
 83.90,   7.03E-011, 
 84.00,   6.73E-011, 
 84.10,   4.03E-011, 
 84.20,   1.58E-011, 
 84.30,   6.18E-012, 
 84.40,   3.17E-012, 
 84.50,   1.81E-012, 
 84.60,  -1.25E-012, 
 84.70,  -1.10E-012, 
 84.80,  -3.30E-013, 
 84.90,  -3.21E-014, 
 85.00,   4.51E-013, 
 85.10,   5.90E-013, 
 85.20,   2.03E-012, 
 85.30,   3.27E-012, 
 85.40,   3.26E-012, 
 85.50,   5.65E-012, 
 85.60,   8.02E-012, 
 85.70,   1.06E-011, 
 85.80,   1.45E-011, 
 85.90,   1.90E-011, 
 86.00,   1.96E-011, 
 86.10,   1.38E-011, 
 86.20,   6.67E-012, 
 86.30,   2.97E-012, 
 86.40,   5.38E-013, 
 86.50,  -1.61E-012, 
 86.60,  -6.44E-013, 
 86.70,  -3.72E-013, 
 86.80,  -3.66E-014, 
 86.90,  -1.07E-013, 
 87.00,  -1.92E-013, 
 87.10,  -8.20E-014, 
 87.20,  -2.02E-013, 
 87.30,  -1.24E-013, 
 87.40,   6.96E-014, 
 87.50,   3.42E-013, 
 87.60,   2.43E-013, 
 87.70,  -2.50E-013, 
 87.80,  -2.31E-013, 
 87.90,  -5.17E-014, 
 88.00,   2.41E-014, 
 88.10,  -7.58E-014, 
 88.20,  -6.24E-015, 
 88.30,   3.46E-013, 
 88.40,   1.29E-013, 
 88.50,  -6.24E-015, 
 88.60,   1.06E-013, 
 88.70,   1.94E-013, 
 88.80,   7.94E-014, 
 88.90,  -1.42E-013, 
 89.00,  -2.30E-013, 
 89.10,   3.12E-014, 
 89.20,   3.54E-013, 
 89.30,   4.73E-014, 
 89.40,  -1.70E-013, 
 89.50,  -4.99E-014, 
 89.60,   7.49E-014, 
 89.70,   2.57E-013, 
 89.80,   2.84E-013, 
 89.90,   3.15E-013, 
 90.00,   5.44E-014, 
