Aug 14, 2026  09:47:36 AM
Residual Gas Analyzer Software 
Software Version, 3.214.004

Analog Scan Setup:

Data Points in Scan, 891 
Units, Torr 
Noise Floor, 2 
CEM Status, ON 
Points Per AMU, 10
Scan Start Mass, 1, amu 
Scan Stop Mass, 90, amu
Focus Voltage, 90, Volts 
Ion Energy, HIGH 
Electron Energy, 70, eV 
CEM Voltage, 1159, Volts
CEM Gain, 1.01E+003 
Sensitivity Factor, 1.11E-004 
Filament Current, 1.00, mAmps


  1.00,   1.18E-012, 
  1.10,   3.89E-012, 
  1.20,  -1.91E-012, 
  1.30,  -9.18E-012, 
  1.40,   5.47E-012, 
  1.50,   2.24E-011, 
  1.60,   1.43E-011, 
  1.70,   1.79E-011, 
  1.80,   2.75E-011, 
  1.90,   3.59E-011, 
  2.00,   4.37E-011, 
  2.10,   4.61E-011, 
  2.20,   4.91E-011, 
  2.30,   4.86E-011, 
  2.40,   3.75E-011, 
  2.50,   1.49E-011, 
  2.60,   3.76E-012, 
  2.70,   1.64E-012, 
  2.80,   2.62E-012, 
  2.90,   5.11E-013, 
  3.00,  -4.58E-013, 
  3.10,   5.97E-014, 
  3.20,  -3.92E-014, 
  3.30,   5.62E-014, 
  3.40,   2.37E-013, 
  3.50,   5.26E-014, 
  3.60,   1.51E-012, 
  3.70,   4.02E-012, 
  3.80,   4.55E-013, 
  3.90,   2.24E-012, 
  4.00,   4.04E-012, 
  4.10,   5.85E-012, 
  4.20,   6.61E-012, 
  4.30,   5.98E-012, 
  4.40,   5.54E-012, 
  4.50,   5.00E-012, 
  4.60,   1.85E-012, 
  4.70,  -8.65E-013, 
  4.80,  -1.60E-013, 
  4.90,  -1.94E-013, 
  5.00,   1.36E-013, 
  5.10,  -1.28E-013, 
  5.20,  -3.15E-013, 
  5.30,  -6.05E-013, 
  5.40,  -3.09E-013, 
  5.50,  -6.87E-014, 
  5.60,  -7.58E-014, 
  5.70,  -2.02E-013, 
  5.80,  -3.17E-013, 
  5.90,  -4.12E-013, 
  6.00,  -3.01E-013, 
  6.10,  -1.99E-013, 
  6.20,  -2.58E-013, 
  6.30,  -7.31E-014, 
  6.40,  -1.69E-014, 
  6.50,   3.57E-014, 
  6.60,   2.42E-013, 
  6.70,  -9.01E-014, 
  6.80,  -7.67E-014, 
  6.90,   1.58E-013, 
  7.00,   4.37E-014, 
  7.10,  -4.35E-013, 
  7.20,  -2.81E-013, 
  7.30,  -1.67E-013, 
  7.40,   1.27E-013, 
  7.50,   2.04E-013, 
  7.60,   5.44E-014, 
  7.70,  -1.27E-013, 
  7.80,  -2.11E-013, 
  7.90,  -2.46E-013, 
  8.00,  -4.99E-014, 
  8.10,   3.98E-013, 
  8.20,   2.98E-013, 
  8.30,  -2.23E-014, 
  8.40,  -2.01E-013, 
  8.50,  -6.96E-014, 
  8.60,  -1.43E-013, 
  8.70,  -2.90E-013, 
  8.80,  -2.41E-014, 
  8.90,  -7.13E-015, 
  9.00,   1.25E-014, 
  9.10,   9.19E-014, 
  9.20,   1.65E-013, 
  9.30,  -3.92E-014, 
  9.40,  -2.08E-013, 
  9.50,  -1.71E-013, 
  9.60,  -4.56E-013, 
  9.70,  -1.64E-013, 
  9.80,  -9.27E-014, 
  9.90,  -2.35E-013, 
 10.00,  -3.66E-013, 
 10.10,  -4.24E-013, 
 10.20,  -4.01E-013, 
 10.30,  -4.70E-013, 
 10.40,   3.83E-014, 
 10.50,   1.28E-013, 
 10.60,   1.21E-013, 
 10.70,  -2.77E-013, 
 10.80,  -1.21E-013, 
 10.90,  -1.13E-013, 
 11.00,  -2.35E-013, 
 11.10,   5.44E-014, 
 11.20,  -1.88E-013, 
 11.30,   5.53E-014, 
 11.40,  -2.94E-014, 
 11.50,   4.24E-013, 
 11.60,  -1.93E-013, 
 11.70,  -2.65E-013, 
 11.80,  -2.94E-013, 
 11.90,  -4.29E-013, 
 12.00,  -3.17E-012, 
 12.10,  -2.23E-012, 
 12.20,  -7.63E-013, 
 12.30,   5.03E-012, 
 12.40,   3.65E-012, 
 12.50,   1.26E-012, 
 12.60,  -1.89E-012, 
 12.70,  -7.84E-013, 
 12.80,  -4.76E-013, 
 12.90,  -2.33E-013, 
 13.00,  -1.64E-013, 
 13.10,  -3.67E-013, 
 13.20,   0.00E+000, 
 13.30,   5.71E-014, 
 13.40,  -8.03E-014, 
 13.50,  -4.01E-014, 
 13.60,  -2.84E-013, 
 13.70,  -2.40E-012, 
 13.80,  -2.71E-012, 
 13.90,   1.66E-012, 
 14.00,   1.95E-012, 
 14.10,   1.26E-012, 
 14.20,   1.04E-012, 
 14.30,   9.57E-013, 
 14.40,   3.59E-012, 
 14.50,   5.06E-013, 
 14.60,  -1.16E-012, 
 14.70,  -8.89E-013, 
 14.80,  -4.15E-012, 
 14.90,  -1.97E-012, 
 15.00,   1.06E-012, 
 15.10,   4.94E-013, 
 15.20,  -2.66E-013, 
 15.30,   3.39E-014, 
 15.40,   2.75E-013, 
 15.50,  -3.20E-012, 
 15.60,  -3.13E-012, 
 15.70,  -6.60E-013, 
 15.80,  -1.86E-012, 
 15.90,  -3.13E-012, 
 16.00,  -4.04E-012, 
 16.10,  -4.25E-012, 
 16.20,  -3.45E-012, 
 16.30,  -2.44E-012, 
 16.40,  -1.92E-013, 
 16.50,  -1.73E-012, 
 16.60,  -1.03E-011, 
 16.70,  -2.46E-011, 
 16.80,  -2.35E-011, 
 16.90,  -2.97E-011, 
 17.00,  -3.14E-011, 
 17.10,  -2.61E-011, 
 17.20,  -1.37E-011, 
 17.30,  -1.16E-012, 
 17.40,   9.85E-012, 
 17.50,  -7.26E-012, 
 17.60,  -6.33E-011, 
 17.70,  -1.06E-010, 
 17.80,  -7.80E-011, 
 17.90,  -1.02E-010, 
 18.00,  -1.07E-010, 
 18.10,  -8.26E-011, 
 18.20,  -4.06E-011, 
 18.30,   6.12E-012, 
 18.40,   5.01E-011, 
 18.50,   6.00E-012, 
 18.60,   1.55E-012, 
 18.70,   7.92E-013, 
 18.80,   1.44E-013, 
 18.90,  -1.45E-013, 
 19.00,  -8.38E-013, 
 19.10,  -3.08E-012, 
 19.20,  -4.03E-013, 
 19.30,   1.88E-012, 
 19.40,   1.15E-012, 
 19.50,   8.15E-013, 
 19.60,   5.01E-013, 
 19.70,  -2.10E-013, 
 19.80,  -7.76E-014, 
 19.90,  -3.37E-013, 
 20.00,   4.37E-013, 
 20.10,   4.00E-013, 
 20.20,   7.78E-013, 
 20.30,   6.87E-013, 
 20.40,   2.08E-012, 
 20.50,   1.56E-012, 
 20.60,  -7.79E-013, 
 20.70,  -2.51E-013, 
 20.80,  -1.51E-013, 
 20.90,   2.42E-013, 
 21.00,   1.06E-013, 
 21.10,   2.47E-013, 
 21.20,   4.06E-013, 
 21.30,  -5.53E-014, 
 21.40,  -5.81E-013, 
 21.50,  -4.85E-013, 
 21.60,   9.99E-014, 
 21.70,  -2.57E-013, 
 21.80,  -9.63E-014, 
 21.90,  -1.69E-013, 
 22.00,   4.62E-013, 
 22.10,   1.21E-013, 
 22.20,   1.22E-013, 
 22.30,  -1.18E-013, 
 22.40,  -8.92E-015, 
 22.50,   1.10E-013, 
 22.60,  -1.18E-013, 
 22.70,  -4.38E-013, 
 22.80,   2.76E-014, 
 22.90,  -1.87E-014, 
 23.00,   9.63E-014, 
 23.10,   2.04E-013, 
 23.20,   6.06E-014, 
 23.30,   1.87E-013, 
 23.40,   9.27E-014, 
 23.50,   4.10E-014, 
 23.60,   6.50E-013, 
 23.70,   2.28E-013, 
 23.80,   1.78E-014, 
 23.90,  -6.24E-014, 
 24.00,   3.45E-013, 
 24.10,   6.22E-013, 
 24.20,   1.12E-013, 
 24.30,  -4.73E-014, 
 24.40,  -1.94E-013, 
 24.50,  -4.08E-013, 
 24.60,  -1.69E-013, 
 24.70,   1.46E-013, 
 24.80,   5.89E-014, 
 24.90,   1.85E-013, 
 25.00,   2.44E-013, 
 25.10,  -1.78E-015, 
 25.20,   1.06E-013, 
 25.30,  -1.52E-013, 
 25.40,  -2.76E-013, 
 25.50,  -2.59E-013, 
 25.60,  -2.11E-013, 
 25.70,  -3.76E-013, 
 25.80,  -1.04E-013, 
 25.90,  -2.36E-013, 
 26.00,  -5.20E-013, 
 26.10,  -2.03E-013, 
 26.20,   1.36E-013, 
 26.30,  -3.30E-014, 
 26.40,  -8.74E-014, 
 26.50,  -2.35E-013, 
 26.60,  -6.33E-014, 
 26.70,  -2.10E-013, 
 26.80,   5.35E-015, 
 26.90,   2.40E-013, 
 27.00,  -8.83E-014, 
 27.10,  -2.37E-013, 
 27.20,  -2.90E-013, 
 27.30,   6.87E-014, 
 27.40,  -2.23E-014, 
 27.50,  -1.19E-012, 
 27.60,  -2.27E-013, 
 27.70,   8.99E-013, 
 27.80,   3.26E-012, 
 27.90,   4.95E-012, 
 28.00,   6.40E-012, 
 28.10,   9.10E-012, 
 28.20,   9.17E-012, 
 28.30,   1.01E-011, 
 28.40,   8.05E-012, 
 28.50,   2.71E-012, 
 28.60,   8.88E-013, 
 28.70,   3.20E-012, 
 28.80,  -1.41E-012, 
 28.90,  -1.81E-012, 
 29.00,  -4.06E-012, 
 29.10,  -1.01E-012, 
 29.20,   1.49E-012, 
 29.30,   4.98E-013, 
 29.40,  -9.51E-013, 
 29.50,   5.34E-013, 
 29.60,   1.51E-013, 
 29.70,  -1.89E-012, 
 29.80,  -3.24E-013, 
 29.90,  -1.78E-015, 
 30.00,  -5.95E-013, 
 30.10,  -2.10E-013, 
 30.20,  -2.60E-013, 
 30.30,  -3.84E-013, 
 30.40,   2.07E-013, 
 30.50,  -8.30E-013, 
 30.60,   2.84E-013, 
 30.70,   1.88E-013, 
 30.80,   1.49E-013, 
 30.90,   1.75E-013, 
 31.00,  -4.19E-014, 
 31.10,   1.78E-015, 
 31.20,  -1.72E-013, 
 31.30,  -2.10E-013, 
 31.40,  -2.84E-012, 
 31.50,  -2.75E-012, 
 31.60,  -8.47E-013, 
 31.70,   2.79E-013, 
 31.80,  -1.08E-012, 
 31.90,  -4.25E-013, 
 32.00,  -4.21E-013, 
 32.10,  -1.04E-012, 
 32.20,   4.04E-013, 
 32.30,   1.81E-012, 
 32.40,   3.17E-012, 
 32.50,   1.02E-012, 
 32.60,   8.04E-013, 
 32.70,   1.78E-013, 
 32.80,  -2.48E-013, 
 32.90,  -2.35E-013, 
 33.00,  -1.16E-014, 
 33.10,   4.01E-014, 
 33.20,  -4.28E-014, 
 33.30,   1.01E-013, 
 33.40,   9.81E-014, 
 33.50,   1.31E-013, 
 33.60,  -1.40E-013, 
 33.70,  -1.09E-013, 
 33.80,   4.10E-014, 
 33.90,   3.27E-013, 
 34.00,   9.63E-014, 
 34.10,   6.51E-014, 
 34.20,   8.38E-014, 
 34.30,   6.06E-014, 
 34.40,   4.19E-014, 
 34.50,  -1.98E-013, 
 34.60,  -8.56E-014, 
 34.70,  -1.06E-013, 
 34.80,   2.05E-014, 
 34.90,  -4.55E-013, 
 35.00,  -4.01E-014, 
 35.10,   2.71E-013, 
 35.20,  -5.71E-014, 
 35.30,   3.92E-014, 
 35.40,  -1.18E-013, 
 35.50,  -2.22E-013, 
 35.60,  -8.20E-014, 
 35.70,  -7.58E-014, 
 35.80,  -4.64E-014, 
 35.90,  -6.33E-014, 
 36.00,  -1.86E-013, 
 36.10,  -2.45E-013, 
 36.20,   4.46E-014, 
 36.30,   3.56E-013, 
 36.40,   1.12E-013, 
 36.50,  -1.19E-013, 
 36.60,  -1.57E-013, 
 36.70,  -1.61E-014, 
 36.80,   2.31E-013, 
 36.90,   2.04E-013, 
 37.00,   1.45E-013, 
 37.10,  -8.92E-015, 
 37.20,   3.57E-014, 
 37.30,  -7.85E-014, 
 37.40,   8.11E-014, 
 37.50,   4.19E-014, 
 37.60,   4.85E-013, 
 37.70,  -3.29E-013, 
 37.80,  -6.78E-014, 
 37.90,   8.74E-014, 
 38.00,   1.76E-013, 
 38.10,   1.10E-013, 
 38.20,  -1.69E-013, 
 38.30,  -4.55E-013, 
 38.40,  -2.23E-014, 
 38.50,  -2.66E-013, 
 38.60,  -2.85E-014, 
 38.70,   1.43E-013, 
 38.80,  -2.66E-013, 
 38.90,  -5.51E-013, 
 39.00,  -2.90E-013, 
 39.10,  -4.10E-013, 
 39.20,  -2.41E-012, 
 39.30,   8.20E-014, 
 39.40,   1.50E-012, 
 39.50,   8.21E-013, 
 39.60,  -7.13E-014, 
 39.70,   7.84E-013, 
 39.80,   3.82E-012, 
 39.90,   4.56E-012, 
 40.00,   7.68E-012, 
 40.10,   9.17E-012, 
 40.20,   1.08E-011, 
 40.30,   1.12E-011, 
 40.40,   5.50E-012, 
 40.50,   1.92E-012, 
 40.60,   1.72E-012, 
 40.70,   5.69E-012, 
 40.80,   6.53E-012, 
 40.90,   6.86E-012, 
 41.00,   8.26E-012, 
 41.10,   1.02E-011, 
 41.20,   9.51E-012, 
 41.30,   1.23E-011, 
 41.40,   1.15E-011, 
 41.50,   1.34E-011, 
 41.60,   1.56E-011, 
 41.70,   2.56E-011, 
 41.80,   3.51E-011, 
 41.90,   3.60E-011, 
 42.00,   4.22E-011, 
 42.10,   4.85E-011, 
 42.20,   4.92E-011, 
 42.30,   3.55E-011, 
 42.40,   1.44E-011, 
 42.50,   6.92E-012, 
 42.60,   5.68E-012, 
 42.70,   6.10E-012, 
 42.80,   7.50E-012, 
 42.90,   9.32E-012, 
 43.00,   8.76E-012, 
 43.10,   1.04E-011, 
 43.20,   1.20E-011, 
 43.30,   1.04E-011, 
 43.40,   8.57E-012, 
 43.50,   4.71E-012, 
 43.60,   2.19E-012, 
 43.70,  -2.89E-012, 
 43.80,  -2.16E-012, 
 43.90,  -1.75E-012, 
 44.00,  -1.89E-012, 
 44.10,  -2.18E-012, 
 44.20,  -2.20E-012, 
 44.30,  -1.47E-012, 
 44.40,   3.40E-013, 
 44.50,   3.34E-013, 
 44.60,  -1.15E-012, 
 44.70,   1.82E-013, 
 44.80,   2.59E-013, 
 44.90,   1.33E-013, 
 45.00,  -8.20E-014, 
 45.10,  -3.43E-013, 
 45.20,  -2.54E-012, 
 45.30,  -2.38E-012, 
 45.40,  -1.23E-012, 
 45.50,   2.33E-012, 
 45.60,   1.30E-012, 
 45.70,   6.10E-013, 
 45.80,   2.64E-013, 
 45.90,   2.78E-013, 
 46.00,  -5.44E-014, 
 46.10,  -7.85E-014, 
 46.20,  -2.40E-013, 
 46.30,   9.63E-014, 
 46.40,   3.12E-014, 
 46.50,  -2.68E-015, 
 46.60,   1.28E-013, 
 46.70,   2.25E-013, 
 46.80,  -2.37E-013, 
 46.90,  -3.37E-013, 
 47.00,   1.01E-013, 
 47.10,  -9.45E-014, 
 47.20,  -1.54E-013, 
 47.30,  -2.40E-013, 
 47.40,  -5.96E-013, 
 47.50,  -2.00E-013, 
 47.60,  -2.02E-013, 
 47.70,  -2.35E-013, 
 47.80,  -3.08E-013, 
 47.90,  -3.02E-013, 
 48.00,  -4.50E-013, 
 48.10,  -1.28E-013, 
 48.20,  -2.74E-013, 
 48.30,  -4.88E-013, 
 48.40,  -5.11E-013, 
 48.50,   7.94E-014, 
 48.60,  -1.44E-013, 
 48.70,  -1.44E-013, 
 48.80,  -1.79E-013, 
 48.90,  -2.13E-013, 
 49.00,   2.21E-013, 
 49.10,   4.19E-013, 
 49.20,   3.03E-013, 
 49.30,  -3.10E-013, 
 49.40,  -4.35E-013, 
 49.50,   7.04E-014, 
 49.60,  -3.48E-014, 
 49.70,  -1.94E-013, 
 49.80,  -2.82E-013, 
 49.90,  -5.80E-014, 
 50.00,  -7.13E-014, 
 50.10,   1.39E-013, 
 50.20,   3.30E-014, 
 50.30,   1.19E-013, 
 50.40,   2.22E-013, 
 50.50,   1.96E-013, 
 50.60,   3.50E-013, 
 50.70,   1.60E-013, 
 50.80,   9.72E-014, 
 50.90,  -1.07E-014, 
 51.00,  -1.52E-013, 
 51.10,  -1.07E-014, 
 51.20,  -2.57E-013, 
 51.30,  -2.00E-013, 
 51.40,  -1.22E-013, 
 51.50,   1.71E-013, 
 51.60,  -3.92E-014, 
 51.70,  -1.26E-013, 
 51.80,  -1.59E-013, 
 51.90,   2.41E-014, 
 52.00,   5.08E-014, 
 52.10,   5.71E-014, 
 52.20,  -2.35E-013, 
 52.30,  -1.07E-013, 
 52.40,  -4.01E-014, 
 52.50,  -4.73E-014, 
 52.60,  -1.45E-013, 
 52.70,   3.75E-014, 
 52.80,   9.99E-014, 
 52.90,  -1.96E-013, 
 53.00,   3.48E-014, 
 53.10,  -4.01E-014, 
 53.20,  -2.68E-014, 
 53.30,  -2.19E-013, 
 53.40,  -2.51E-013, 
 53.50,   2.50E-013, 
 53.60,   3.04E-013, 
 53.70,  -1.59E-013, 
 53.80,  -1.33E-013, 
 53.90,   5.44E-014, 
 54.00,   3.34E-013, 
 54.10,   2.68E-014, 
 54.20,  -2.83E-013, 
 54.30,  -1.16E-014, 
 54.40,  -3.18E-013, 
 54.50,  -1.95E-013, 
 54.60,  -8.03E-015, 
 54.70,  -2.62E-013, 
 54.80,   5.97E-014, 
 54.90,  -1.93E-013, 
 55.00,  -3.39E-013, 
 55.10,   8.29E-014, 
 55.20,   1.67E-013, 
 55.30,   4.01E-014, 
 55.40,  -1.63E-013, 
 55.50,   1.42E-013, 
 55.60,  -6.69E-014, 
 55.70,  -1.16E-014, 
 55.80,   1.90E-013, 
 55.90,  -3.03E-014, 
 56.00,  -1.68E-013, 
 56.10,  -1.88E-013, 
 56.20,  -1.60E-013, 
 56.30,  -2.35E-013, 
 56.40,  -2.76E-014, 
 56.50,   9.54E-014, 
 56.60,  -6.06E-014, 
 56.70,  -3.26E-013, 
 56.80,  -9.01E-014, 
 56.90,  -7.04E-014, 
 57.00,  -1.23E-013, 
 57.10,   0.00E+000, 
 57.20,  -4.64E-014, 
 57.30,  -1.30E-013, 
 57.40,  -1.76E-013, 
 57.50,  -1.28E-013, 
 57.60,  -1.89E-013, 
 57.70,  -4.28E-013, 
 57.80,  -2.02E-013, 
 57.90,   3.57E-015, 
 58.00,  -9.72E-014, 
 58.10,  -4.12E-013, 
 58.20,  -2.39E-013, 
 58.30,  -2.23E-014, 
 58.40,   3.21E-014, 
 58.50,  -8.83E-014, 
 58.60,   1.77E-013, 
 58.70,   2.43E-013, 
 58.80,   3.57E-014, 
 58.90,   3.75E-014, 
 59.00,  -6.78E-014, 
 59.10,  -4.46E-015, 
 59.20,  -1.27E-013, 
 59.30,   1.17E-013, 
 59.40,   5.80E-014, 
 59.50,  -2.14E-013, 
 59.60,  -1.78E-015, 
 59.70,   8.92E-015, 
 59.80,  -4.91E-013, 
 59.90,  -5.41E-013, 
 60.00,   2.14E-014, 
 60.10,   8.92E-016, 
 60.20,  -1.93E-013, 
 60.30,  -2.91E-013, 
 60.40,  -7.94E-014, 
 60.50,  -2.48E-013, 
 60.60,  -8.65E-014, 
 60.70,  -1.80E-013, 
 60.80,   1.77E-013, 
 60.90,  -1.16E-013, 
 61.00,  -1.89E-013, 
 61.10,  -7.76E-014, 
 61.20,   2.11E-013, 
 61.30,  -1.05E-013, 
 61.40,  -3.66E-014, 
 61.50,  -1.32E-013, 
 61.60,   1.12E-013, 
 61.70,  -6.24E-015, 
 61.80,  -8.92E-016, 
 61.90,   2.94E-014, 
 62.00,  -1.56E-013, 
 62.10,  -1.61E-014, 
 62.20,   5.35E-015, 
 62.30,  -7.49E-014, 
 62.40,  -1.14E-013, 
 62.50,  -2.14E-013, 
 62.60,  -5.04E-013, 
 62.70,  -5.36E-013, 
 62.80,  -3.79E-013, 
 62.90,  -3.46E-013, 
 63.00,  -2.68E-014, 
 63.10,  -1.22E-013, 
 63.20,   1.13E-013, 
 63.30,  -1.69E-013, 
 63.40,   1.90E-013, 
 63.50,   1.88E-013, 
 63.60,   2.09E-013, 
 63.70,   8.92E-014, 
 63.80,   5.17E-014, 
 63.90,   1.07E-014, 
 64.00,   1.78E-014, 
 64.10,  -5.89E-014, 
 64.20,  -5.51E-013, 
 64.30,  -2.91E-013, 
 64.40,   1.25E-014, 
 64.50,   2.34E-013, 
 64.60,   4.54E-013, 
 64.70,   5.71E-014, 
 64.80,   7.67E-014, 
 64.90,   1.03E-013, 
 65.00,  -1.20E-013, 
 65.10,   6.33E-014, 
 65.20,  -1.75E-013, 
 65.30,  -1.29E-013, 
 65.40,  -4.37E-014, 
 65.50,  -3.51E-013, 
 65.60,   6.96E-014, 
 65.70,  -3.42E-013, 
 65.80,  -1.44E-013, 
 65.90,  -2.35E-013, 
 66.00,  -1.05E-013, 
 66.10,   2.30E-013, 
 66.20,  -8.03E-014, 
 66.30,  -1.59E-013, 
 66.40,  -9.54E-014, 
 66.50,  -2.85E-014, 
 66.60,  -4.46E-014, 
 66.70,  -1.58E-013, 
 66.80,   2.76E-014, 
 66.90,  -7.67E-014, 
 67.00,   1.31E-013, 
 67.10,   3.25E-013, 
 67.20,  -6.24E-014, 
 67.30,  -3.92E-013, 
 67.40,  -2.65E-013, 
 67.50,  -1.61E-013, 
 67.60,   2.35E-013, 
 67.70,  -3.12E-014, 
 67.80,  -1.64E-013, 
 67.90,  -3.57E-014, 
 68.00,  -1.70E-013, 
 68.10,  -1.34E-013, 
 68.20,  -1.23E-013, 
 68.30,   8.47E-014, 
 68.40,   9.10E-014, 
 68.50,   2.24E-013, 
 68.60,  -9.10E-014, 
 68.70,  -1.92E-013, 
 68.80,  -6.36E-013, 
 68.90,   8.47E-014, 
 69.00,   1.55E-013, 
 69.10,   2.94E-014, 
 69.20,  -6.24E-015, 
 69.30,  -3.80E-013, 
 69.40,  -3.31E-013, 
 69.50,  -3.39E-014, 
 69.60,  -7.22E-014, 
 69.70,  -1.43E-014, 
 69.80,   4.19E-014, 
 69.90,   9.99E-014, 
 70.00,  -8.92E-016, 
 70.10,   1.55E-013, 
 70.20,   1.97E-013, 
 70.30,   2.14E-013, 
 70.40,   6.87E-014, 
 70.50,  -7.04E-014, 
 70.60,  -4.73E-014, 
 70.70,   3.66E-014, 
 70.80,  -1.28E-013, 
 70.90,   1.81E-013, 
 71.00,  -2.02E-013, 
 71.10,  -9.54E-014, 
 71.20,  -1.44E-013, 
 71.30,   5.08E-014, 
 71.40,  -1.17E-013, 
 71.50,   9.27E-014, 
 71.60,   2.76E-013, 
 71.70,   1.14E-013, 
 71.80,  -5.26E-014, 
 71.90,  -1.56E-013, 
 72.00,  -4.13E-013, 
 72.10,  -4.84E-013, 
 72.20,   4.37E-014, 
 72.30,   1.33E-013, 
 72.40,   1.65E-013, 
 72.50,   4.92E-013, 
 72.60,  -6.78E-014, 
 72.70,  -1.27E-013, 
 72.80,  -4.55E-014, 
 72.90,   8.83E-014, 
 73.00,   1.14E-013, 
 73.10,   1.34E-014, 
 73.20,   2.49E-013, 
 73.30,   1.66E-013, 
 73.40,   1.34E-013, 
 73.50,  -6.69E-014, 
 73.60,   6.69E-014, 
 73.70,   3.67E-013, 
 73.80,  -7.85E-014, 
 73.90,  -3.83E-014, 
 74.00,  -1.78E-015, 
 74.10,  -1.88E-013, 
 74.20,   1.16E-014, 
 74.30,  -1.25E-014, 
 74.40,   1.51E-013, 
 74.50,  -8.92E-016, 
 74.60,  -1.40E-013, 
 74.70,   3.50E-013, 
 74.80,   2.04E-013, 
 74.90,   3.09E-013, 
 75.00,   1.55E-013, 
 75.10,  -1.51E-013, 
 75.20,   3.09E-013, 
 75.30,   4.28E-014, 
 75.40,  -2.02E-013, 
 75.50,  -2.25E-013, 
 75.60,  -1.89E-013, 
 75.70,  -3.01E-013, 
 75.80,  -2.67E-013, 
 75.90,   2.16E-013, 
 76.00,   9.54E-014, 
 76.10,  -1.45E-013, 
 76.20,  -3.17E-013, 
 76.30,  -2.18E-013, 
 76.40,  -1.52E-014, 
 76.50,  -6.07E-013, 
 76.60,   1.96E-014, 
 76.70,  -1.31E-013, 
 76.80,  -3.57E-014, 
 76.90,  -1.61E-014, 
 77.00,   9.27E-014, 
 77.10,   1.22E-013, 
 77.20,   1.11E-013, 
 77.30,   1.49E-013, 
 77.40,   2.14E-013, 
 77.50,   9.27E-014, 
 77.60,   2.51E-013, 
 77.70,  -1.70E-013, 
 77.80,   1.78E-015, 
 77.90,   2.97E-013, 
 78.00,   3.59E-012, 
 78.10,   2.85E-012, 
 78.20,   2.00E-012, 
 78.30,   9.84E-013, 
 78.40,  -1.72E-012, 
 78.50,  -1.07E-012, 
 78.60,  -3.16E-013, 
 78.70,  -3.25E-013, 
 78.80,  -3.30E-013, 
 78.90,  -1.37E-013, 
 79.00,  -1.46E-013, 
 79.10,  -1.36E-013, 
 79.20,   8.03E-015, 
 79.30,   1.11E-013, 
 79.40,   2.72E-013, 
 79.50,   3.43E-013, 
 79.60,   1.87E-013, 
 79.70,   2.35E-012, 
 79.80,   4.23E-012, 
 79.90,   4.58E-012, 
 80.00,   5.00E-012, 
 80.10,   7.14E-012, 
 80.20,   8.75E-012, 
 80.30,   8.08E-012, 
 80.40,   5.57E-012, 
 80.50,   2.62E-012, 
 80.60,   9.26E-013, 
 80.70,  -2.03E-012, 
 80.80,  -9.59E-013, 
 80.90,  -2.94E-013, 
 81.00,   7.40E-014, 
 81.10,   2.50E-012, 
 81.20,   3.05E-012, 
 81.30,   1.78E-012, 
 81.40,   1.36E-013, 
 81.50,  -1.22E-012, 
 81.60,   3.12E-014, 
 81.70,   5.29E-012, 
 81.80,   1.05E-011, 
 81.90,   2.05E-011, 
 82.00,   2.67E-011, 
 82.10,   3.81E-011, 
 82.20,   4.90E-011, 
 82.30,   4.07E-011, 
 82.40,   2.20E-011, 
 82.50,   9.83E-012, 
 82.60,   5.30E-012, 
 82.70,   4.50E-012, 
 82.80,   1.01E-011, 
 82.90,   2.09E-011, 
 83.00,   2.78E-011, 
 83.10,   3.99E-011, 
 83.20,   4.91E-011, 
 83.30,   4.28E-011, 
 83.40,   2.59E-011, 
 83.50,   1.30E-011, 
 83.60,   9.58E-012, 
 83.70,   1.36E-011, 
 83.80,   5.55E-011, 
 83.90,   1.16E-010, 
 84.00,   1.39E-010, 
 84.10,   2.05E-010, 
 84.20,   2.41E-010, 
 84.30,   1.68E-010, 
 84.40,   7.72E-011, 
 84.50,   2.05E-011, 
 84.60,   7.52E-012, 
 84.70,   3.95E-012, 
 84.80,   2.55E-012, 
 84.90,   2.11E-012, 
 85.00,   1.70E-012, 
 85.10,   1.44E-012, 
 85.20,   5.30E-013, 
 85.30,  -1.62E-012, 
 85.40,  -6.63E-013, 
 85.50,   4.31E-013, 
 85.60,   3.90E-012, 
 85.70,   4.59E-012, 
 85.80,   1.08E-011, 
 85.90,   2.58E-011, 
 86.00,   3.53E-011, 
 86.10,   5.21E-011, 
 86.20,   6.77E-011, 
 86.30,   5.53E-011, 
 86.40,   2.86E-011, 
 86.50,   1.15E-011, 
 86.60,   4.52E-012, 
 86.70,   2.27E-012, 
 86.80,  -9.49E-013, 
 86.90,  -1.01E-012, 
 87.00,  -4.15E-013, 
 87.10,  -2.40E-013, 
 87.20,  -2.64E-013, 
 87.30,  -1.61E-013, 
 87.40,   5.62E-014, 
 87.50,   1.42E-013, 
 87.60,   2.68E-014, 
 87.70,  -1.43E-013, 
 87.80,   2.03E-013, 
 87.90,  -2.59E-014, 
 88.00,   8.29E-014, 
 88.10,  -9.81E-015, 
 88.20,  -2.08E-013, 
 88.30,   2.80E-013, 
 88.40,   6.78E-014, 
 88.50,  -1.57E-013, 
 88.60,  -1.07E-013, 
 88.70,  -3.98E-013, 
 88.80,  -1.01E-013, 
 88.90,   4.16E-013, 
 89.00,   2.22E-013, 
 89.10,   1.58E-013, 
 89.20,   1.88E-013, 
 89.30,  -2.05E-014, 
 89.40,  -2.08E-013, 
 89.50,  -1.24E-013, 
 89.60,   3.21E-014, 
 89.70,  -4.19E-014, 
 89.80,   2.15E-013, 
 89.90,   2.51E-013, 
 90.00,   1.52E-013, 
