Aug 14, 2026  10:05:46 AM
Residual Gas Analyzer Software 
Software Version, 3.214.004

Analog Scan Setup:

Data Points in Scan, 891 
Units, Torr 
Noise Floor, 2 
CEM Status, OFF 
Points Per AMU, 10
Scan Start Mass, 1, amu 
Scan Stop Mass, 90, amu
Focus Voltage, 90, Volts 
Ion Energy, HIGH 
Electron Energy, 70, eV 
CEM Voltage, 1159, Volts
CEM Gain, 1.01E+003 
Sensitivity Factor, 1.11E-004 
Filament Current, 1.00, mAmps


  1.00,   4.31E-009, 
  1.10,   4.79E-009, 
  1.20,   5.71E-009, 
  1.30,   7.29E-009, 
  1.40,   9.33E-009, 
  1.50,   1.16E-008, 
  1.60,   1.09E-008, 
  1.70,   8.61E-009, 
  1.80,   6.81E-009, 
  1.90,   5.96E-009, 
  2.00,   5.29E-009, 
  2.10,   5.09E-009, 
  2.20,   4.99E-009, 
  2.30,   4.92E-009, 
  2.40,   4.32E-009, 
  2.50,   2.75E-009, 
  2.60,   1.38E-009, 
  2.70,   7.77E-010, 
  2.80,   4.89E-010, 
  2.90,   2.47E-010, 
  3.00,   3.68E-010, 
  3.10,   2.80E-010, 
  3.20,  -2.09E-010, 
  3.30,   4.09E-010, 
  3.40,   4.57E-010, 
  3.50,   4.82E-010, 
  3.60,   9.96E-010, 
  3.70,   2.49E-009, 
  3.80,   4.86E-009, 
  3.90,   7.12E-009, 
  4.00,   9.38E-009, 
  4.10,   1.23E-008, 
  4.20,   1.42E-008, 
  4.30,   1.38E-008, 
  4.40,   1.06E-008, 
  4.50,   5.41E-009, 
  4.60,   2.70E-009, 
  4.70,   1.53E-009, 
  4.80,   9.24E-010, 
  4.90,   7.10E-010, 
  5.00,   5.12E-010, 
  5.10,   3.60E-010, 
  5.20,   2.69E-010, 
  5.30,  -2.72E-010, 
  5.40,   1.47E-010, 
  5.50,   4.55E-010, 
  5.60,   3.68E-010, 
  5.70,   2.68E-010, 
  5.80,   2.99E-010, 
  5.90,   2.44E-011, 
  6.00,  -2.91E-010, 
  6.10,   3.28E-010, 
  6.20,   4.45E-010, 
  6.30,   2.66E-010, 
  6.40,   3.18E-010, 
  6.50,   4.07E-010, 
  6.60,   2.81E-010, 
  6.70,  -3.23E-010, 
  6.80,   3.16E-011, 
  6.90,   5.57E-010, 
  7.00,   3.85E-010, 
  7.10,   2.15E-010, 
  7.20,  -2.14E-010, 
  7.30,   4.17E-010, 
  7.40,   5.89E-010, 
  7.50,   4.49E-010, 
  7.60,   4.15E-010, 
  7.70,   4.25E-010, 
  7.80,   3.35E-010, 
  7.90,  -2.52E-010, 
  8.00,   5.24E-011, 
  8.10,   6.09E-010, 
  8.20,   4.25E-010, 
  8.30,   2.74E-010, 
  8.40,  -3.06E-010, 
  8.50,   2.62E-011, 
  8.60,   5.42E-010, 
  8.70,   3.55E-010, 
  8.80,   3.87E-010, 
  8.90,   3.26E-010, 
  9.00,   3.34E-011, 
  9.10,  -1.63E-011, 
  9.20,   4.90E-010, 
  9.30,   5.27E-010, 
  9.40,   5.08E-010, 
  9.50,   3.59E-010, 
  9.60,   2.53E-010, 
  9.70,  -2.23E-010, 
  9.80,   3.57E-010, 
  9.90,   4.60E-010, 
 10.00,   3.30E-010, 
 10.10,   3.92E-010, 
 10.20,   3.40E-010, 
 10.30,   2.79E-010, 
 10.40,   1.43E-010, 
 10.50,  -3.72E-010, 
 10.60,  -3.88E-011, 
 10.70,   4.81E-010, 
 10.80,   4.01E-010, 
 10.90,   2.98E-010, 
 11.00,   2.21E-010, 
 11.10,  -3.35E-010, 
 11.20,   3.14E-010, 
 11.30,   5.04E-010, 
 11.40,   2.20E-010, 
 11.50,  -2.71E-010, 
 11.60,   3.50E-010, 
 11.70,  -4.88E-011, 
 11.80,  -1.62E-010, 
 11.90,   5.16E-010, 
 12.00,   3.40E-010, 
 12.10,   3.44E-010, 
 12.20,   4.32E-010, 
 12.30,   4.03E-010, 
 12.40,   2.66E-010, 
 12.50,   3.36E-010, 
 12.60,   4.07E-010, 
 12.70,   3.92E-010, 
 12.80,   2.32E-010, 
 12.90,  -3.26E-010, 
 13.00,  -2.02E-010, 
 13.10,   3.31E-010, 
 13.20,   4.22E-010, 
 13.30,   4.01E-010, 
 13.40,  -7.86E-011, 
 13.50,  -2.68E-010, 
 13.60,   4.20E-010, 
 13.70,   6.36E-010, 
 13.80,   6.24E-010, 
 13.90,   6.69E-010, 
 14.00,   8.49E-010, 
 14.10,   1.09E-009, 
 14.20,   1.13E-009, 
 14.30,   1.04E-009, 
 14.40,   8.51E-010, 
 14.50,   6.02E-010, 
 14.60,   3.60E-010, 
 14.70,   1.54E-011, 
 14.80,  -2.53E-011, 
 14.90,   5.62E-010, 
 15.00,   4.38E-010, 
 15.10,   3.57E-010, 
 15.20,   3.89E-010, 
 15.30,   5.02E-010, 
 15.40,   4.25E-010, 
 15.50,   4.03E-010, 
 15.60,   3.28E-010, 
 15.70,   3.74E-010, 
 15.80,   5.70E-010, 
 15.90,   8.56E-010, 
 16.00,   1.06E-009, 
 16.10,   1.32E-009, 
 16.20,   1.52E-009, 
 16.30,   1.56E-009, 
 16.40,   1.17E-009, 
 16.50,   6.55E-010, 
 16.60,   6.49E-010, 
 16.70,   9.65E-010, 
 16.80,   1.57E-009, 
 16.90,   2.15E-009, 
 17.00,   2.52E-009, 
 17.10,   2.89E-009, 
 17.20,   3.07E-009, 
 17.30,   3.06E-009, 
 17.40,   2.34E-009, 
 17.50,   1.36E-009, 
 17.60,   1.49E-009, 
 17.70,   3.89E-009, 
 17.80,   6.89E-009, 
 17.90,   9.11E-009, 
 18.00,   1.24E-008, 
 18.10,   1.49E-008, 
 18.20,   1.58E-008, 
 18.30,   1.45E-008, 
 18.40,   9.51E-009, 
 18.50,   4.29E-009, 
 18.60,   2.36E-009, 
 18.70,   1.57E-009, 
 18.80,   1.25E-009, 
 18.90,   1.26E-009, 
 19.00,   1.27E-009, 
 19.10,   1.45E-009, 
 19.20,   2.07E-009, 
 19.30,   3.32E-009, 
 19.40,   7.57E-009, 
 19.50,   2.20E-008, 
 19.60,   1.61E-007, 
 19.70,   4.62E-007, 
 19.80,   4.86E-007, 
 19.90,   6.17E-007, 
 20.00,   7.14E-007, 
 20.10,   8.12E-007, 
 20.20,   6.93E-007, 
 20.30,   5.15E-007, 
 20.40,   7.14E-008, 
 20.50,   1.39E-008, 
 20.60,   6.19E-009, 
 20.70,   3.55E-009, 
 20.80,   2.16E-009, 
 20.90,   1.59E-009, 
 21.00,   1.14E-009, 
 21.10,   8.97E-010, 
 21.20,   6.39E-010, 
 21.30,   6.24E-010, 
 21.40,   4.80E-010, 
 21.50,   4.82E-010, 
 21.60,   3.79E-010, 
 21.70,   3.16E-010, 
 21.80,   3.22E-010, 
 21.90,   3.82E-010, 
 22.00,   2.92E-010, 
 22.10,   2.85E-010, 
 22.20,   3.00E-010, 
 22.30,   3.92E-010, 
 22.40,   3.32E-010, 
 22.50,  -2.57E-010, 
 22.60,   3.16E-010, 
 22.70,   3.90E-010, 
 22.80,  -3.61E-012, 
 22.90,  -1.50E-010, 
 23.00,   4.74E-010, 
 23.10,   3.69E-010, 
 23.20,   3.18E-010, 
 23.30,  -3.25E-010, 
 23.40,  -1.80E-010, 
 23.50,   5.61E-010, 
 23.60,   5.63E-010, 
 23.70,   3.49E-010, 
 23.80,   2.55E-010, 
 23.90,  -1.70E-010, 
 24.00,  -2.27E-010, 
 24.10,   2.66E-010, 
 24.20,   3.88E-010, 
 24.30,   3.64E-010, 
 24.40,   3.98E-010, 
 24.50,   3.22E-010, 
 24.60,   2.85E-010, 
 24.70,   3.15E-010, 
 24.80,  -4.34E-011, 
 24.90,   2.98E-011, 
 25.00,   5.85E-010, 
 25.10,   4.02E-010, 
 25.20,   5.59E-010, 
 25.30,   4.71E-010, 
 25.40,   3.51E-010, 
 25.50,   4.25E-010, 
 25.60,   3.76E-010, 
 25.70,   3.62E-010, 
 25.80,   4.83E-010, 
 25.90,   3.74E-010, 
 26.00,   4.29E-010, 
 26.10,   4.73E-010, 
 26.20,   6.01E-010, 
 26.30,   4.81E-010, 
 26.40,   3.27E-010, 
 26.50,   3.57E-010, 
 26.60,   4.34E-010, 
 26.70,   3.84E-010, 
 26.80,   4.67E-010, 
 26.90,   3.29E-010, 
 27.00,   2.56E-010, 
 27.10,  -8.13E-011, 
 27.20,  -2.04E-010, 
 27.30,   6.23E-010, 
 27.40,   4.95E-010, 
 27.50,   5.64E-010, 
 27.60,   1.12E-009, 
 27.70,   3.26E-009, 
 27.80,   6.47E-009, 
 27.90,   8.80E-009, 
 28.00,   1.14E-008, 
 28.10,   1.30E-008, 
 28.20,   1.42E-008, 
 28.30,   1.37E-008, 
 28.40,   9.12E-009, 
 28.50,   4.17E-009, 
 28.60,   2.14E-009, 
 28.70,   1.34E-009, 
 28.80,   9.15E-010, 
 28.90,   8.30E-010, 
 29.00,   7.59E-010, 
 29.10,   5.86E-010, 
 29.20,   5.33E-010, 
 29.30,   5.24E-010, 
 29.40,   4.63E-010, 
 29.50,   3.37E-010, 
 29.60,   5.00E-010, 
 29.70,   8.67E-010, 
 29.80,   1.42E-009, 
 29.90,   2.03E-009, 
 30.00,   2.46E-009, 
 30.10,   2.63E-009, 
 30.20,   2.99E-009, 
 30.30,   2.96E-009, 
 30.40,   2.14E-009, 
 30.50,   1.27E-009, 
 30.60,   6.72E-010, 
 30.70,   4.69E-010, 
 30.80,   4.19E-010, 
 30.90,  -3.08E-010, 
 31.00,   2.02E-010, 
 31.10,   3.50E-010, 
 31.20,   3.91E-010, 
 31.30,   4.54E-010, 
 31.40,   3.59E-010, 
 31.50,   4.68E-010, 
 31.60,   9.28E-010, 
 31.70,   2.34E-009, 
 31.80,   3.93E-009, 
 31.90,   5.37E-009, 
 32.00,   6.91E-009, 
 32.10,   7.76E-009, 
 32.20,   8.17E-009, 
 32.30,   7.93E-009, 
 32.40,   5.46E-009, 
 32.50,   2.76E-009, 
 32.60,   1.50E-009, 
 32.70,   8.45E-010, 
 32.80,   7.08E-010, 
 32.90,   4.91E-010, 
 33.00,   3.53E-010, 
 33.10,   3.46E-010, 
 33.20,   3.50E-010, 
 33.30,   5.16E-010, 
 33.40,   4.81E-010, 
 33.50,   3.75E-010, 
 33.60,   3.87E-010, 
 33.70,   1.14E-010, 
 33.80,  -2.30E-010, 
 33.90,   2.35E-011, 
 34.00,   6.55E-010, 
 34.10,   6.26E-010, 
 34.20,   6.89E-010, 
 34.30,   5.07E-010, 
 34.40,   2.86E-010, 
 34.50,   2.09E-010, 
 34.60,  -2.75E-010, 
 34.70,  -5.33E-011, 
 34.80,   6.78E-010, 
 34.90,   5.50E-010, 
 35.00,   4.77E-010, 
 35.10,  -1.59E-010, 
 35.20,   5.63E-010, 
 35.30,   5.42E-010, 
 35.40,   6.52E-010, 
 35.50,   8.68E-010, 
 35.60,   1.94E-009, 
 35.70,   6.20E-009, 
 35.80,   1.08E-008, 
 35.90,   1.48E-008, 
 36.00,   1.83E-008, 
 36.10,   2.12E-008, 
 36.20,   2.21E-008, 
 36.30,   1.93E-008, 
 36.40,   9.66E-009, 
 36.50,   4.32E-009, 
 36.60,   2.33E-009, 
 36.70,   1.48E-009, 
 36.80,   1.14E-009, 
 36.90,   9.25E-010, 
 37.00,   7.09E-010, 
 37.10,   6.17E-010, 
 37.20,   5.02E-010, 
 37.30,   5.26E-010, 
 37.40,   5.23E-010, 
 37.50,   5.92E-010, 
 37.60,   9.18E-010, 
 37.70,   1.62E-009, 
 37.80,   2.34E-009, 
 37.90,   3.25E-009, 
 38.00,   3.85E-009, 
 38.10,   4.21E-009, 
 38.20,   4.75E-009, 
 38.30,   4.73E-009, 
 38.40,   3.57E-009, 
 38.50,   2.75E-009, 
 38.60,   2.81E-009, 
 38.70,   3.61E-009, 
 38.80,   4.86E-009, 
 38.90,   7.40E-009, 
 39.00,   1.20E-008, 
 39.10,   2.01E-008, 
 39.20,   3.90E-008, 
 39.30,   8.56E-008, 
 39.40,   1.81E-007, 
 39.50,   4.04E-007, 
 39.60,   1.60E-006, 
 39.70,   4.09E-006, 
 39.80,   4.77E-006, 
 39.90,   5.98E-006, 
 40.00,   6.59E-006, 
 40.10,   7.49E-006, 
 40.20,   6.87E-006, 
 40.30,   4.20E-006, 
 40.40,   3.18E-007, 
 40.50,   2.38E-008, 
 40.60,   9.86E-009, 
 40.70,   5.32E-009, 
 40.80,   3.16E-009, 
 40.90,   2.19E-009, 
 41.00,   1.68E-009, 
 41.10,   1.38E-009, 
 41.20,   1.07E-009, 
 41.30,   9.57E-010, 
 41.40,   8.31E-010, 
 41.50,   6.89E-010, 
 41.60,   4.62E-010, 
 41.70,   5.31E-010, 
 41.80,   5.59E-010, 
 41.90,   5.70E-010, 
 42.00,   6.19E-010, 
 42.10,   6.96E-010, 
 42.20,   7.24E-010, 
 42.30,   5.53E-010, 
 42.40,   3.41E-010, 
 42.50,   3.10E-010, 
 42.60,   8.13E-011, 
 42.70,  -1.62E-010, 
 42.80,   4.13E-010, 
 42.90,   6.17E-010, 
 43.00,   4.91E-010, 
 43.10,   5.16E-010, 
 43.20,   4.81E-010, 
 43.30,   4.35E-010, 
 43.40,   3.29E-010, 
 43.50,   3.16E-011, 
 43.60,   5.04E-010, 
 43.70,   6.84E-010, 
 43.80,   9.52E-010, 
 43.90,   1.42E-009, 
 44.00,   1.90E-009, 
 44.10,   2.17E-009, 
 44.20,   2.31E-009, 
 44.30,   2.33E-009, 
 44.40,   1.56E-009, 
 44.50,   8.61E-010, 
 44.60,   7.61E-010, 
 44.70,   5.66E-010, 
 44.80,   4.72E-010, 
 44.90,   3.68E-010, 
 45.00,   2.91E-010, 
 45.10,   1.26E-011, 
 45.20,   2.39E-010, 
 45.30,   5.45E-010, 
 45.40,   4.47E-010, 
 45.50,   3.17E-010, 
 45.60,   2.88E-010, 
 45.70,   5.24E-011, 
 45.80,  -1.75E-010, 
 45.90,   6.80E-010, 
 46.00,   6.13E-010, 
 46.10,   3.74E-010, 
 46.20,  -6.32E-011, 
 46.30,   3.52E-011, 
 46.40,   4.78E-010, 
 46.50,   3.69E-010, 
 46.60,   2.77E-010, 
 46.70,   3.49E-010, 
 46.80,   3.25E-010, 
 46.90,   3.13E-010, 
 47.00,   3.27E-010, 
 47.10,  -3.16E-011, 
 47.20,  -1.79E-010, 
 47.30,   3.75E-010, 
 47.40,   5.20E-010, 
 47.50,   4.26E-010, 
 47.60,   3.82E-010, 
 47.70,   2.78E-010, 
 47.80,   1.81E-011, 
 47.90,  -1.96E-010, 
 48.00,   1.63E-011, 
 48.10,   5.99E-010, 
 48.20,   5.09E-010, 
 48.30,   3.92E-010, 
 48.40,   4.72E-010, 
 48.50,   4.81E-010, 
 48.60,   4.31E-010, 
 48.70,   3.69E-010, 
 48.80,   3.41E-010, 
 48.90,   3.17E-010, 
 49.00,  -1.15E-010, 
 49.10,   3.66E-010, 
 49.20,   3.49E-010, 
 49.30,   2.40E-010, 
 49.40,  -2.04E-010, 
 49.50,  -2.70E-010, 
 49.60,  -2.04E-010, 
 49.70,  -2.80E-011, 
 49.80,   3.89E-010, 
 49.90,   3.08E-010, 
 50.00,  -6.32E-012, 
 50.10,  -2.78E-010, 
 50.20,   1.36E-010, 
 50.30,   5.26E-010, 
 50.40,   4.15E-010, 
 50.50,  -1.67E-010, 
 50.60,  -1.56E-010, 
 50.70,   3.07E-011, 
 50.80,   5.61E-010, 
 50.90,   5.14E-010, 
 51.00,   4.07E-010, 
 51.10,   3.97E-010, 
 51.20,   4.12E-010, 
 51.30,   4.01E-010, 
 51.40,   3.83E-010, 
 51.50,   3.68E-010, 
 51.60,   3.69E-010, 
 51.70,   4.26E-010, 
 51.80,   5.59E-010, 
 51.90,   5.47E-010, 
 52.00,   4.55E-010, 
 52.10,   3.54E-010, 
 52.20,   3.61E-011, 
 52.30,   2.44E-011, 
 52.40,   7.03E-010, 
 52.50,   4.44E-010, 
 52.60,   7.59E-011, 
 52.70,  -1.50E-010, 
 52.80,   5.36E-010, 
 52.90,   3.70E-010, 
 53.00,  -2.72E-010, 
 53.10,   3.69E-010, 
 53.20,   5.29E-010, 
 53.30,   3.35E-010, 
 53.40,   3.25E-011, 
 53.50,   3.47E-010, 
 53.60,   5.19E-010, 
 53.70,   4.35E-010, 
 53.80,  -9.03E-012, 
 53.90,  -1.93E-010, 
 54.00,   5.07E-010, 
 54.10,   4.63E-010, 
 54.20,   3.00E-010, 
 54.30,   2.87E-010, 
 54.40,   2.81E-010, 
 54.50,   3.28E-010, 
 54.60,   3.00E-010, 
 54.70,   3.09E-010, 
 54.80,   1.07E-010, 
 54.90,   3.78E-010, 
 55.00,   6.53E-010, 
 55.10,   6.14E-010, 
 55.20,   4.91E-010, 
 55.30,   4.42E-010, 
 55.40,   3.61E-010, 
 55.50,   2.71E-012, 
 55.60,  -2.62E-011, 
 55.70,   4.60E-010, 
 55.80,  -1.92E-010, 
 55.90,  -2.01E-010, 
 56.00,   4.51E-010, 
 56.10,   4.19E-010, 
 56.20,   4.98E-010, 
 56.30,   4.31E-010, 
 56.40,   3.99E-010, 
 56.50,   2.73E-010, 
 56.60,  -1.90E-011, 
 56.70,  -9.03E-013, 
 56.80,   5.79E-010, 
 56.90,   5.85E-010, 
 57.00,   5.23E-010, 
 57.10,   4.18E-010, 
 57.20,   3.27E-010, 
 57.30,   2.99E-010, 
 57.40,   0.00E+000, 
 57.50,  -1.77E-010, 
 57.60,   4.27E-010, 
 57.70,   3.70E-010, 
 57.80,   4.11E-010, 
 57.90,  -1.37E-010, 
 58.00,  -1.84E-010, 
 58.10,   2.52E-010, 
 58.20,   3.96E-010, 
 58.30,   3.19E-010, 
 58.40,  -1.15E-010, 
 58.50,   3.15E-010, 
 58.60,   6.08E-010, 
 58.70,   5.03E-010, 
 58.80,   4.33E-010, 
 58.90,   2.95E-010, 
 59.00,   3.19E-010, 
 59.10,   3.66E-010, 
 59.20,   3.96E-010, 
 59.30,   3.35E-010, 
 59.40,  -8.22E-011, 
 59.50,  -1.38E-010, 
 59.60,   4.33E-010, 
 59.70,   4.94E-010, 
 59.80,   3.73E-010, 
 59.90,   3.10E-010, 
 60.00,   3.74E-010, 
 60.10,   3.35E-010, 
 60.20,   3.22E-010, 
 60.30,   3.69E-010, 
 60.40,   3.70E-010, 
 60.50,  -9.03E-013, 
 60.60,  -1.43E-010, 
 60.70,  -7.32E-011, 
 60.80,   6.23E-010, 
 60.90,   5.76E-010, 
 61.00,   4.25E-010, 
 61.10,  -2.35E-010, 
 61.20,   3.05E-010, 
 61.30,   4.97E-010, 
 61.40,   5.33E-011, 
 61.50,  -2.18E-010, 
 61.60,  -1.84E-010, 
 61.70,   3.85E-010, 
 61.80,   4.65E-010, 
 61.90,   4.30E-010, 
 62.00,   1.19E-010, 
 62.10,  -2.87E-010, 
 62.20,  -2.28E-010, 
 62.30,  -1.28E-010, 
 62.40,   2.43E-010, 
 62.50,   3.39E-010, 
 62.60,   1.33E-010, 
 62.70,   2.54E-010, 
 62.80,   5.51E-010, 
 62.90,   1.47E-010, 
 63.00,   3.89E-010, 
 63.10,   3.54E-010, 
 63.20,   2.72E-010, 
 63.30,   4.70E-011, 
 63.40,  -2.00E-010, 
 63.50,   4.55E-010, 
 63.60,   3.32E-010, 
 63.70,  -1.95E-010, 
 63.80,   5.69E-011, 
 63.90,   7.34E-010, 
 64.00,   4.43E-010, 
 64.10,   4.33E-010, 
 64.20,   4.54E-010, 
 64.30,   4.72E-010, 
 64.40,   4.71E-010, 
 64.50,   4.69E-010, 
 64.60,   4.11E-010, 
 64.70,  -1.90E-011, 
 64.80,   4.61E-011, 
 64.90,   5.77E-010, 
 65.00,   5.24E-010, 
 65.10,   3.79E-010, 
 65.20,   3.82E-010, 
 65.30,   8.94E-011, 
 65.40,   2.22E-010, 
 65.50,   5.62E-010, 
 65.60,   5.20E-010, 
 65.70,   4.42E-010, 
 65.80,   3.24E-010, 
 65.90,   3.38E-010, 
 66.00,   3.04E-010, 
 66.10,   3.36E-010, 
 66.20,   3.28E-010, 
 66.30,   3.09E-010, 
 66.40,  -2.07E-010, 
 66.50,   2.22E-010, 
 66.60,   4.82E-010, 
 66.70,   4.11E-010, 
 66.80,   3.31E-010, 
 66.90,  -1.59E-010, 
 67.00,  -1.90E-011, 
 67.10,   6.46E-010, 
 67.20,   5.05E-010, 
 67.30,   4.52E-010, 
 67.40,   4.43E-010, 
 67.50,   4.43E-010, 
 67.60,   3.78E-010, 
 67.70,   4.07E-010, 
 67.80,   4.16E-010, 
 67.90,   3.43E-010, 
 68.00,  -1.43E-010, 
 68.10,   6.19E-010, 
 68.20,   5.04E-010, 
 68.30,   5.50E-010, 
 68.40,   5.73E-010, 
 68.50,   5.99E-010, 
 68.60,   5.19E-010, 
 68.70,   8.13E-011, 
 68.80,  -1.44E-010, 
 68.90,   5.13E-010, 
 69.00,   3.90E-010, 
 69.10,  -2.39E-010, 
 69.20,   2.11E-010, 
 69.30,   4.16E-010, 
 69.40,   4.52E-010, 
 69.50,   4.96E-010, 
 69.60,   5.67E-010, 
 69.70,   5.59E-010, 
 69.80,   3.94E-010, 
 69.90,   4.52E-012, 
 70.00,  -6.14E-011, 
 70.10,   5.37E-010, 
 70.20,   4.87E-010, 
 70.30,   3.79E-010, 
 70.40,   3.24E-010, 
 70.50,   4.41E-010, 
 70.60,   1.73E-010, 
 70.70,  -4.34E-011, 
 70.80,   5.36E-010, 
 70.90,   3.10E-010, 
 71.00,   3.25E-011, 
 71.10,   3.34E-011, 
 71.20,   6.70E-010, 
 71.30,   4.60E-010, 
 71.40,   4.40E-010, 
 71.50,   4.90E-010, 
 71.60,   6.09E-010, 
 71.70,   5.51E-010, 
 71.80,   4.53E-010, 
 71.90,   2.93E-010, 
 72.00,   3.44E-010, 
 72.10,   4.09E-010, 
 72.20,   3.71E-010, 
 72.30,   4.83E-010, 
 72.40,   4.93E-010, 
 72.50,   5.37E-010, 
 72.60,   1.81E-010, 
 72.70,  -3.08E-010, 
 72.80,   2.92E-010, 
 72.90,   4.05E-010, 
 73.00,   3.68E-010, 
 73.10,   3.19E-010, 
 73.20,   4.04E-010, 
 73.30,  -1.54E-010, 
 73.40,   2.75E-010, 
 73.50,   3.56E-010, 
 73.60,   1.57E-010, 
 73.70,  -3.43E-011, 
 73.80,   5.68E-010, 
 73.90,  -1.68E-010, 
 74.00,   3.61E-010, 
 74.10,   5.18E-010, 
 74.20,   4.46E-010, 
 74.30,   4.59E-010, 
 74.40,   3.82E-010, 
 74.50,   3.39E-010, 
 74.60,   3.65E-010, 
 74.70,   4.63E-010, 
 74.80,   3.88E-010, 
 74.90,   4.24E-010, 
 75.00,   3.09E-010, 
 75.10,  -1.74E-010, 
 75.20,   6.15E-010, 
 75.30,   4.73E-010, 
 75.40,   2.96E-010, 
 75.50,   3.77E-010, 
 75.60,   3.32E-010, 
 75.70,  -2.13E-010, 
 75.80,   2.32E-010, 
 75.90,   5.72E-010, 
 76.00,   4.50E-010, 
 76.10,   3.93E-010, 
 76.20,  -5.33E-011, 
 76.30,   4.34E-010, 
 76.40,   6.40E-010, 
 76.50,   5.18E-010, 
 76.60,   4.53E-010, 
 76.70,   3.50E-010, 
 76.80,   1.65E-010, 
 76.90,  -3.97E-011, 
 77.00,   4.88E-010, 
 77.10,   3.46E-010, 
 77.20,   3.50E-010, 
 77.30,  -1.30E-010, 
 77.40,   5.74E-010, 
 77.50,   4.39E-010, 
 77.60,   3.29E-010, 
 77.70,   3.50E-010, 
 77.80,   3.59E-010, 
 77.90,  -1.79E-010, 
 78.00,  -6.87E-011, 
 78.10,  -9.94E-012, 
 78.20,   5.86E-010, 
 78.30,   4.91E-010, 
 78.40,   2.14E-010, 
 78.50,  -2.08E-010, 
 78.60,  -1.12E-010, 
 78.70,   5.96E-010, 
 78.80,   4.91E-010, 
 78.90,   3.10E-010, 
 79.00,   4.36E-010, 
 79.10,   7.50E-011, 
 79.20,  -1.73E-010, 
 79.30,   5.53E-010, 
 79.40,   4.53E-010, 
 79.50,   4.61E-010, 
 79.60,   4.12E-010, 
 79.70,   3.06E-010, 
 79.80,  -2.16E-010, 
 79.90,   4.39E-010, 
 80.00,   6.24E-010, 
 80.10,   5.37E-010, 
 80.20,   5.75E-010, 
 80.30,   5.90E-010, 
 80.40,   6.23E-011, 
 80.50,  -2.19E-010, 
 80.60,   3.88E-010, 
 80.70,   5.01E-010, 
 80.80,   3.64E-010, 
 80.90,   3.78E-010, 
 81.00,   1.87E-010, 
 81.10,  -2.95E-010, 
 81.20,  -1.36E-010, 
 81.30,  -6.05E-011, 
 81.40,  -2.08E-011, 
 81.50,   5.88E-010, 
 81.60,   3.80E-010, 
 81.70,   3.97E-010, 
 81.80,   3.27E-010, 
 81.90,   3.50E-010, 
 82.00,   3.55E-010, 
 82.10,   3.63E-010, 
 82.20,   4.49E-010, 
 82.30,   3.46E-010, 
 82.40,   3.59E-010, 
 82.50,  -2.01E-010, 
 82.60,   3.16E-010, 
 82.70,   4.42E-010, 
 82.80,   3.65E-010, 
 82.90,   2.55E-010, 
 83.00,  -9.49E-011, 
 83.10,   5.89E-010, 
 83.20,   5.09E-010, 
 83.30,   4.24E-010, 
 83.40,  -1.39E-010, 
 83.50,   2.89E-010, 
 83.60,   6.29E-010, 
 83.70,   5.84E-010, 
 83.80,   5.33E-010, 
 83.90,   7.24E-010, 
 84.00,   7.95E-010, 
 84.10,   7.65E-010, 
 84.20,   7.71E-010, 
 84.30,   8.99E-010, 
 84.40,   8.16E-010, 
 84.50,   5.83E-010, 
 84.60,   4.25E-010, 
 84.70,   4.78E-010, 
 84.80,   3.62E-010, 
 84.90,   3.04E-010, 
 85.00,   4.22E-010, 
 85.10,  -9.03E-011, 
 85.20,  -1.36E-010, 
 85.30,  -8.31E-011, 
 85.40,   3.64E-010, 
 85.50,   5.21E-010, 
 85.60,   4.47E-010, 
 85.70,  -9.76E-011, 
 85.80,  -9.03E-013, 
 85.90,   5.96E-010, 
 86.00,   4.53E-010, 
 86.10,   5.13E-010, 
 86.20,   4.89E-010, 
 86.30,   4.37E-010, 
 86.40,   4.02E-010, 
 86.50,   3.30E-010, 
 86.60,   3.69E-010, 
 86.70,   3.44E-010, 
 86.80,   7.41E-011, 
 86.90,  -2.26E-011, 
 87.00,   5.37E-010, 
 87.10,   4.30E-010, 
 87.20,   3.55E-010, 
 87.30,   2.98E-011, 
 87.40,  -1.41E-010, 
 87.50,   4.73E-010, 
 87.60,   3.38E-010, 
 87.70,   4.32E-010, 
 87.80,   4.54E-010, 
 87.90,   3.55E-010, 
 88.00,  -2.31E-010, 
 88.10,  -1.15E-010, 
 88.20,   1.79E-010, 
 88.30,   5.75E-010, 
 88.40,   4.68E-010, 
 88.50,   3.89E-010, 
 88.60,   4.44E-010, 
 88.70,   3.92E-010, 
 88.80,   3.76E-010, 
 88.90,   4.63E-010, 
 89.00,   2.45E-010, 
 89.10,  -2.41E-010, 
 89.20,   5.80E-010, 
 89.30,   4.41E-010, 
 89.40,   3.50E-010, 
 89.50,   3.44E-010, 
 89.60,  -2.51E-010, 
 89.70,  -9.76E-011, 
 89.80,   3.92E-010, 
 89.90,   5.27E-010, 
 90.00,   4.84E-010, 
