Aug 14, 2026  10:22:39 AM
Residual Gas Analyzer Software 
RGA Software Version, 3.214.004

Pressure vs Time Scan Setup:

Active channels in Scan, 10 
Units, Torr
Sample Period, 1.00, sec
Focus Voltage, 90, Volts 
Ion Energy, HIGH 
Electron Energy, 70, eV 
CEM Voltage, 1159, Volts
CEM Gain, 1.01E+003 
Sensitivity Factor, 1.11E-004 
Filament Current, 1.00, mAmps
Start time, Aug 14, 2026  10:22:39 AM 
Channel,  Mass(amu),     Name,                 Cal Factor,  Noise Floor, CEM Status

1         2.00           Hydrogen              1.00         3            OFF
2         4.00           Helium                1.00         3            OFF
3         26.00          Dummy-26              1.00         3            ON
4         28.00          Nitrogen              1.00         3            ON
5         32.00          Oxygen                1.00         3            ON
6         34.00          Dummy-34              1.00         3            OFF
7         40.00          Argon                 1.00         3            OFF
8         42.00          Dummy-42              1.00         3            ON
9         44.00          Carbon dioxide        1.00         3            ON
10        84.00          Krypton               1.00         3            ON


Time(s)      Channel#1   Channel#2   Channel#3   Channel#4   Channel#5   Channel#6   Channel#7   Channel#8   Channel#9   Channel#10  

0.000,   6.9821e-008  3.1409e-006  2.1639e-011  2.0575e-011  2.0857e-011  3.3351e-009  1.9991e-009  5.4932e-013  6.9476e-012  6.1620e-013 
5.625,   7.4355e-008  3.1390e-006  5.0375e-012  1.9930e-011  2.0409e-011  3.2285e-009  2.0867e-009  6.9021e-013  5.7125e-012  7.8296e-013 
11.672,   7.2927e-008  3.1292e-006  3.4107e-011  2.1013e-011  2.0550e-011  3.6594e-009  2.2060e-009  5.6448e-013  6.2877e-012 -4.4587e-014
17.750,   7.2960e-008  3.0948e-006  3.5353e-011  2.0303e-011  2.0398e-011  3.3740e-009  2.5266e-009  5.7785e-013  6.1290e-012  6.5989e-013 
23.750,   7.0293e-008  3.0615e-006  3.5062e-011  2.1433e-011  1.9918e-011  2.9792e-009  2.3713e-009  6.4206e-013  6.4598e-012  6.2601e-013 
29.766,   6.9941e-008  3.0545e-006  3.4302e-011  2.0313e-011  1.9541e-011  2.9910e-009  2.4959e-009  6.9556e-014  7.1162e-012  5.4932e-013 
35.813,   6.8238e-008  3.0384e-006  3.6058e-011  1.9762e-011  1.9252e-011  3.2005e-009  2.3713e-009  7.3391e-013  6.3252e-012  7.7850e-013 
41.828,   6.8420e-008  3.0244e-006  8.5171e-012  1.9872e-011  1.8797e-011  3.1183e-009  2.4372e-009  5.2970e-013  5.9997e-012  7.1697e-013 
47.859,   6.9052e-008  3.0046e-006  3.6547e-011  2.0143e-011  1.9805e-011  3.2313e-009  2.2340e-009  5.6894e-013  6.6186e-012  5.7250e-013 
53.844,   6.9373e-008  2.9933e-006  3.6357e-011  1.9421e-011  1.9336e-011  3.1861e-009  2.0741e-009  2.7644e-013  8.4261e-012  5.0027e-013 
59.938,   6.8943e-008  2.9451e-006  3.6838e-011  2.0357e-011  1.9386e-011  3.3415e-009  2.1960e-009  2.9160e-013  8.0284e-012  6.6703e-013 
65.969,   6.5485e-008  2.9647e-006  3.7988e-011  2.0406e-011  1.8478e-011  3.4878e-009  2.2340e-009  2.7733e-013  6.1468e-012  9.1583e-013 
71.984,   6.5574e-008  2.9374e-006  3.4118e-011  1.9681e-011  1.9377e-011  3.4995e-009  2.2719e-009  2.5861e-013  6.4509e-012  9.9608e-013 
78.063,   6.7023e-008  2.9242e-006  8.2103e-012  2.0236e-011  1.9167e-011  3.3415e-009  2.3098e-009  4.5390e-013  8.8185e-012  2.9963e-013 
84.109,   6.8771e-008  2.8981e-006  3.6481e-011  2.0213e-011  1.8694e-011  3.4065e-009  2.2204e-009  4.3696e-013  7.7422e-012  4.1199e-013 
90.109,   6.6509e-008  2.9027e-006  3.4951e-011  1.9067e-011  1.8996e-011  3.3107e-009  2.4697e-009  8.7213e-013  5.9827e-012  4.5479e-013 
96.172,   6.5672e-008  2.9003e-006  3.4933e-011  1.9369e-011  1.9242e-011  3.6043e-009  2.0596e-009  4.9046e-013  5.5815e-012  4.3696e-013 
102.188,   6.5091e-008  2.8721e-006  3.3161e-011  1.9165e-011  2.0523e-011  3.7362e-009  2.3080e-009  5.9391e-013  5.8802e-012  4.4231e-013 
108.234,   6.2982e-008  2.8544e-006  3.5424e-011  2.0315e-011  2.0585e-011  3.1608e-009  2.1346e-009  2.7644e-013  8.1872e-012  6.0104e-013 
114.297,   6.4503e-008  2.8323e-006  3.4766e-011  1.9078e-011  2.1200e-011  3.2114e-009  1.9178e-009  5.6804e-013  5.6590e-012  5.6804e-013 
120.344,   6.1063e-008  2.8362e-006  8.1417e-012  1.8225e-011  1.9171e-011  3.6504e-009  2.3098e-009  1.7032e-013  5.6635e-012  2.9160e-013 
126.375,   6.3613e-008  2.8204e-006  1.0028e-011  1.9969e-011  1.8743e-011  3.1608e-009  2.1310e-009  3.6294e-013  9.2198e-012  4.4142e-013 
132.438,   6.3570e-008  2.8157e-006  1.1488e-011  1.8899e-011  1.9256e-011  3.3397e-009  2.0262e-009  4.4766e-013  6.0077e-012  7.1340e-013 
138.500,   6.5347e-008  2.8040e-006  3.4591e-011  1.9484e-011  1.8043e-011  3.1554e-009  1.8094e-009  2.7288e-013  8.2335e-012  5.1454e-013 
144.547,   6.4019e-008  2.8084e-006  3.4853e-011  1.8745e-011  1.8947e-011  3.3704e-009  2.4959e-009  7.1607e-013  9.8743e-012  3.0409e-013 
150.594,   6.2619e-008  2.7862e-006  3.4341e-011  1.9011e-011  1.8972e-011  3.5104e-009  2.2547e-009  3.4867e-013  5.8213e-012  4.3696e-013 
156.625,   6.1587e-008  2.7854e-006  3.2337e-011  1.8992e-011  1.8730e-011  3.4381e-009  2.1960e-009  9.0958e-014  7.1688e-012  1.3644e-013 
162.625,   6.5642e-008  2.7773e-006  3.3449e-011  1.9820e-011  1.5821e-011  3.5556e-009  1.9955e-009  2.9606e-013  6.0621e-012  6.1977e-013 
168.656,   6.4457e-008  2.7588e-006  3.5033e-011  1.8661e-011  1.8047e-011  3.3613e-009  2.3812e-009  4.3874e-013  6.9904e-012  5.3059e-013 
174.672,   6.4054e-008  2.7451e-006  3.2440e-011  1.8367e-011  1.8681e-011  3.5059e-009  1.8302e-009  2.6931e-013  5.7001e-012  8.0347e-013 
180.734,   6.1014e-008  2.7535e-006  3.2468e-011  1.9337e-011  1.8437e-011  3.5646e-009  2.2647e-009  4.8422e-013  5.7125e-012  4.8511e-013 
186.781,   6.1363e-008  2.7292e-006  3.2689e-011  1.8860e-011  1.8869e-011  3.1626e-009  2.2376e-009  3.8167e-013  5.5369e-012  4.1912e-013 
192.828,   6.1604e-008  2.7516e-006  3.4199e-011  1.9120e-011  1.8185e-011  3.5203e-009  2.1960e-009  3.5581e-013  8.8194e-012  5.4843e-013 
198.844,   6.0831e-008  2.7352e-006  3.3867e-011  1.9006e-011  1.8132e-011  3.1725e-009  2.1210e-009  4.8422e-013  8.7267e-012  5.5199e-013 
204.859,   5.4844e-008  2.7136e-006  8.7659e-012  1.9299e-011  1.8987e-011  3.1500e-009  2.0632e-009  7.5540e-012  5.4352e-012  3.8167e-013 
210.875,   5.6269e-008  2.7386e-006  3.3383e-011  1.8584e-011  1.7983e-011  3.3342e-009  2.1111e-009  4.2269e-013  8.0525e-012  7.8206e-013 
216.938,   5.6713e-008  2.7141e-006  3.3610e-011  1.8797e-011  1.8767e-011  3.6640e-009  2.1346e-009 -7.2232e-014 5.8517e-012  5.7696e-013 
223.016,   5.6319e-008  2.7347e-006  3.4509e-011  1.9296e-011  1.8534e-011  3.0136e-009  1.8699e-009  1.9708e-013  5.9034e-012  4.9849e-013 
229.031,   5.8070e-008  2.7259e-006  3.4520e-011  1.9264e-011  1.8015e-011  3.5023e-009  1.9928e-009  4.1110e-013  7.4176e-012  7.9990e-013 
235.109,   6.0618e-008  2.7126e-006  8.5091e-012  1.8523e-011  1.8009e-011  3.2782e-009  1.9548e-009  4.9581e-013  5.9720e-012  4.4320e-013 
241.141,   5.8023e-008  2.7084e-006  3.1514e-011  1.8531e-011  1.8356e-011  3.4553e-009  1.8266e-009  5.5288e-013  5.6751e-012  7.7671e-013 
247.141,   6.1555e-008  2.7268e-006  9.7736e-012  1.9245e-011  1.8631e-011  3.6387e-009  1.9584e-009  5.2346e-013  5.4406e-012  7.2945e-013 
253.141,   6.1521e-008  2.7118e-006  3.3555e-011  1.8594e-011  1.7667e-011  3.3884e-009  1.7525e-009  2.9249e-013  5.3924e-012  4.6549e-013 
259.203,   5.9678e-008  2.7237e-006  2.9202e-011  1.8593e-011  1.8195e-011  3.2701e-009  2.1960e-009  3.9772e-013  7.8046e-012  2.3542e-013 
265.234,   6.0145e-008  2.7216e-006  3.0135e-011  1.8286e-011  1.7682e-011  3.7877e-009  1.7760e-009 -3.2103e-014 5.6127e-012  9.5417e-013 
271.266,   6.0657e-008  2.7006e-006  3.1682e-011  1.8746e-011  1.8781e-011  3.4029e-009  2.0949e-009  5.7785e-013  8.4895e-012  4.8422e-013 
277.313,   5.4640e-008  2.6923e-006  3.3209e-011  1.9054e-011  1.7989e-011  3.4508e-009  2.4923e-009  1.5873e-013  8.6598e-012  1.0130e-012 
283.359,   5.9445e-008  2.7063e-006  3.4288e-011  2.0947e-011  1.7854e-011  3.1960e-009  1.8799e-009  2.9160e-013  8.3352e-012  7.0716e-013 
289.406,   5.9704e-008  2.7538e-006  3.1485e-011  2.2841e-011  1.8120e-011  3.5212e-009  1.9919e-009  3.1033e-013  6.9824e-012  4.3339e-013 
295.500,   5.6773e-008  2.7722e-006  3.3916e-011  1.5658e-011  1.7765e-011  3.3550e-009  1.9955e-009  6.7416e-013  7.6129e-012  4.6906e-013 
301.547,   6.0400e-008  2.7865e-006  3.2017e-011  2.0033e-011  1.7585e-011  3.3315e-009  2.0668e-009  2.2918e-013  5.6849e-012  5.1097e-013 
307.594,   6.2532e-008  2.7620e-006  3.1058e-011  1.9583e-011  1.8124e-011  3.2493e-009  2.0126e-009  3.0855e-013  6.9021e-012  6.5722e-013 
313.656,   6.0327e-008  2.7727e-006  8.9826e-012  1.8292e-011  1.8405e-011  3.6531e-009  1.9106e-009  2.2026e-013  5.1713e-012  4.9135e-013 
319.672,   5.8819e-008  2.7742e-006  3.2522e-011  1.8022e-011  1.8428e-011  3.0903e-009  2.1689e-009  7.6066e-013  7.6619e-012  5.3416e-013 
325.688,   6.0482e-008  2.7667e-006  3.0540e-011  1.8703e-011  1.8554e-011  3.5574e-009  1.9313e-009  4.8690e-013  8.8738e-012  3.9683e-013 
331.734,   5.9201e-008  2.7709e-006  3.0789e-011  1.8649e-011  1.8241e-011  3.5348e-009  1.9350e-009  2.4077e-013  8.3263e-012  2.8001e-013 
337.797,   5.7086e-008  2.7555e-006  3.2030e-011  1.7931e-011  1.8240e-011  3.5962e-009  1.9955e-009  8.0703e-013  6.1852e-012  6.7416e-013 
343.828,   6.0126e-008  2.7619e-006  3.0060e-011  1.8747e-011  1.7963e-011  3.2954e-009  2.2141e-009  2.0956e-013  7.3712e-012  4.3963e-013 
349.875,   6.1780e-008  2.7880e-006  8.3539e-012  1.7994e-011  1.7769e-011  3.3957e-009  2.0668e-009  2.4434e-013  5.4129e-012  2.3810e-013 
355.891,   6.0510e-008  2.7636e-006  2.9788e-011  1.8650e-011  1.9200e-011  3.3677e-009  2.1147e-009  8.8283e-014  8.8132e-012  7.9098e-013 
361.984,   5.6548e-008  2.7605e-006  3.1410e-011  1.8762e-011  1.7945e-011  3.3857e-009  1.9341e-009  1.1076e-012  8.3477e-012  6.2360e-012 
368.063,   6.3153e-008  2.7718e-006  2.9473e-011  1.8047e-011  1.8169e-011  3.4173e-009  1.8564e-009  1.7478e-013  5.7179e-012  8.5697e-013 
374.078,   5.9100e-008  2.7664e-006  3.0695e-011  1.8034e-011  1.7963e-011  3.2114e-009  1.8799e-009  4.0396e-013  5.1864e-012  6.1620e-013 
380.141,   5.6256e-008  2.7472e-006  8.8470e-012  1.7599e-011  1.7500e-011  3.2963e-009  1.7823e-009  4.7709e-013  5.8419e-012  6.5454e-013 
386.172,   5.5500e-008  2.7547e-006  3.1457e-011  1.8287e-011  1.8043e-011  3.6748e-009  1.7588e-009  8.0703e-013  6.7604e-012  5.7429e-013 
392.203,   5.5121e-008  2.7415e-006  3.2217e-011  1.8124e-011  1.7804e-011  3.5294e-009  1.8871e-009  9.5328e-013  5.7500e-012  5.2346e-013 
398.250,   5.8619e-008  2.7578e-006  3.0211e-011  1.8382e-011  1.8433e-011  3.3180e-009  1.9042e-009  1.6408e-013  7.5549e-012  4.0664e-013 
404.297,   5.9368e-008  2.7563e-006  2.9851e-011  1.9344e-011  1.7878e-011  3.4887e-009  1.8392e-009  1.4268e-013  8.8640e-012  7.0698e-012 
410.297,   5.9877e-008  2.7558e-006  3.0633e-011  1.8324e-011  1.7661e-011  3.5185e-009  1.9476e-009  2.4166e-013  5.2248e-012  4.4587e-013 
416.344,   5.5545e-008  2.7606e-006  2.8273e-011  1.7433e-011  1.8366e-011  3.4128e-009  1.9277e-009  3.2014e-013  5.3657e-012  4.9403e-013 
422.422,   6.0355e-008  2.7354e-006  2.9504e-011  1.7364e-011  1.8586e-011  3.4417e-009  2.0840e-009  5.0741e-013  8.5332e-012  1.4268e-013 
428.422,   5.7379e-008  2.7461e-006  8.0730e-012  1.7751e-011  1.7658e-011  3.4752e-009  2.0298e-009  4.1288e-013  9.0905e-012  3.8434e-013 
434.453,   5.8692e-008  2.7332e-006  2.9889e-011  1.7017e-011  1.8272e-011  3.1852e-009  2.0506e-009  1.3287e-013  5.5672e-012  1.6051e-013 
440.516,   5.3501e-008  2.7463e-006  2.8328e-011  1.8412e-011  1.7343e-011  3.6224e-009  1.9042e-009  4.0664e-013  8.2861e-012  3.1033e-013 
446.531,   5.5866e-008  2.7504e-006  3.0806e-011  1.8491e-011  1.7259e-011  3.4797e-009  1.9512e-009  3.3262e-013  6.9262e-012  6.5633e-013 
452.563,   5.6747e-008  2.7422e-006  2.8940e-011  1.8058e-011  1.7517e-011  3.5628e-009  2.0497e-009  3.7899e-013  9.5899e-012  2.9963e-013 
458.609,   6.1453e-008  2.7598e-006  2.7263e-011  1.7887e-011  1.8017e-011  3.5519e-009  2.0461e-009  3.3084e-013  8.4003e-012  2.8893e-013 
464.609,   5.8435e-008  2.7493e-006  3.0627e-011  1.7211e-011  1.7792e-011  3.5528e-009  1.9476e-009  1.9083e-013  7.2704e-012  3.2371e-013 
470.672,   5.8601e-008  2.7484e-006  2.9699e-011  1.7584e-011  1.7652e-011  3.6820e-009  2.1183e-009  5.8410e-013  7.8599e-012  4.5033e-013 
476.688,   5.7857e-008  2.7213e-006  2.9669e-011  1.7119e-011  1.7773e-011  3.5610e-009  2.0732e-009  2.3185e-013  7.9562e-012  4.5747e-013 
482.734,   5.7378e-008  2.7398e-006  2.6716e-011  1.8229e-011  1.8418e-011  3.4246e-009  2.0253e-009  5.1097e-013  7.1607e-012  2.1670e-013 
488.797,   5.2724e-008  2.7278e-006  1.7708e-011  1.7888e-011  1.7554e-011  3.6070e-009  1.8636e-009  2.8804e-013  5.2087e-012  1.7389e-013 
494.813,   5.5488e-008  2.7295e-006  2.8927e-011  1.8172e-011  1.7642e-011  3.5068e-009  1.8907e-009  2.6485e-013  9.0950e-012  5.1276e-013 
500.844,   5.6743e-008  2.7075e-006  2.9903e-011  1.7526e-011  1.7597e-011  3.2782e-009  1.9205e-009  4.2893e-013  6.6328e-012  1.1530e-012 
506.859,   5.7064e-008  2.7360e-006  2.8136e-011  1.8426e-011  1.8223e-011  3.5239e-009  2.0434e-009  1.8013e-013  7.8822e-012  5.2702e-013 
512.891,   5.7488e-008  2.7331e-006  2.7794e-011  1.7868e-011  1.7633e-011  3.4137e-009  1.9548e-009  3.7186e-013  6.7497e-012  5.3862e-013 
518.953,   5.5992e-008  2.7456e-006  2.8222e-011  1.7973e-011  1.7913e-011  3.6387e-009  1.7290e-009  4.1466e-013  8.8729e-012  3.6116e-013 
525.047,   5.4201e-008  2.7292e-006  2.7802e-011  1.8125e-011  1.8597e-011  3.4490e-009  2.3080e-009  2.7823e-013  7.3623e-012  1.9975e-013 
531.078,   5.5768e-008  2.7284e-006  2.9379e-011  1.8585e-011  1.7913e-011  3.4571e-009  1.8663e-009  4.6906e-013  6.8228e-012  3.4332e-013 
537.156,   5.7683e-008  2.7131e-006  2.7773e-011  1.6951e-011  1.8387e-011  3.1743e-009  2.0461e-009  2.8358e-013  8.7695e-012  4.3428e-013 
543.219,   5.4716e-008  2.7212e-006  2.7871e-011  1.6607e-011  1.8321e-011  3.5059e-009  2.1012e-009  2.6752e-013  8.2264e-012  5.0562e-013 
549.266,   5.4472e-008  2.7184e-006  2.6594e-011  1.7444e-011  1.8281e-011  3.3144e-009  1.9377e-009  2.0243e-013  7.9758e-012  4.3339e-013 
555.297,   5.9440e-008  2.7268e-006  2.8128e-011  1.7478e-011  1.7468e-011  3.3911e-009  1.9304e-009  4.2982e-013  7.6762e-012  6.8576e-013 
561.328,   5.7967e-008  2.7110e-006  2.9076e-011  1.7242e-011  1.7166e-011  3.7796e-009  1.9819e-009  2.2205e-013  7.0805e-012  2.8625e-013 
567.359,   5.5522e-008  2.7146e-006  2.6824e-011  1.7584e-011  1.8614e-011  3.6549e-009  1.9006e-009  2.0421e-013  7.6904e-012  5.0830e-013 
573.391,   5.2336e-008  2.7182e-006  2.7833e-011  1.8620e-011  1.8241e-011  3.2313e-009  2.0027e-009  3.2371e-013  6.1335e-012  4.4587e-013 
579.438,   5.4776e-008  2.7127e-006  2.8240e-011  1.7905e-011  1.8019e-011  3.4562e-009  1.8130e-009  6.7060e-013  7.3222e-012  2.4434e-013 
585.469,   5.2358e-008  2.7189e-006  1.0112e-012  1.7862e-011  1.8079e-011  3.6170e-009  1.9241e-009  8.2933e-014  5.6920e-012  7.3837e-013 
591.500,   5.2922e-008  2.7064e-006  2.6582e-011  1.6307e-011  1.7079e-011  3.4354e-009  1.9575e-009  3.6740e-013  5.5208e-012  1.8994e-013 
597.547,   5.5671e-008  2.7087e-006  2.6748e-011  1.8113e-011  1.7473e-011  3.5926e-009  2.1762e-009  4.2626e-013  5.3460e-012  3.5581e-013 
603.594,   5.4481e-008  2.7039e-006  2.7049e-011  1.7357e-011  1.6726e-011  3.1752e-009  1.9178e-009  1.0433e-013  8.8025e-012  2.2205e-013 
609.594,   5.2491e-008  2.6855e-006  2.8528e-011  1.7983e-011  1.8068e-011  3.3776e-009  1.7724e-009  5.5556e-013  7.2535e-012  5.9301e-013 
615.609,   5.2952e-008  2.7399e-006  3.0146e-011  1.8009e-011  1.7536e-011  3.4101e-009  1.7118e-009  7.1697e-013  7.6976e-012  5.4932e-013 
621.625,   5.1504e-008  2.6199e-006  7.8750e-012  1.7763e-011  1.8210e-011  3.3207e-009  1.8094e-009  4.2893e-013  5.4423e-012  8.5430e-013 
627.641,   4.7079e-008  2.4708e-006  2.7436e-011  1.8236e-011  1.6975e-011  3.2638e-009  1.8627e-009  7.4372e-013  6.8567e-012  4.3607e-013 
633.734,   4.3401e-008  2.3987e-006  2.8930e-011  1.6153e-011  1.6741e-011  3.4959e-009  1.8031e-009  4.7263e-013  7.7769e-012  5.0830e-013 
639.734,   4.6810e-008  2.4188e-006  6.8620e-012  1.7806e-011  1.6903e-011  3.5384e-009  2.0632e-009  4.3963e-013  8.3655e-012  3.5492e-013 
645.750,   4.4597e-008  2.4046e-006  2.7757e-011  1.6209e-011  1.7332e-011  3.4201e-009  1.8130e-009  6.0282e-013  5.0856e-012  6.2690e-013 
651.813,   4.5852e-008  2.4223e-006  2.7422e-011  1.7383e-011  1.7695e-011  3.3189e-009  1.5881e-009  2.8625e-013  7.0698e-012  6.1709e-013 
657.813,   4.4403e-008  2.4223e-006  2.8354e-011  1.7297e-011  1.7366e-011  3.6269e-009  1.6522e-009  7.8831e-013  8.0471e-012  4.2715e-013 
663.859,   4.7605e-008  2.4157e-006  2.7682e-011  1.7268e-011  1.7878e-011  3.3180e-009  1.5348e-009  5.4129e-013  9.6309e-012  4.6193e-013 
669.859,   4.5331e-008  2.3873e-006  2.8746e-011  1.5185e-011  1.7380e-011  3.3026e-009  1.8428e-009  2.4077e-013  6.7372e-012  2.9428e-013 
675.938,   4.2201e-008  2.3698e-006  2.7462e-011  1.7205e-011  1.7661e-011  3.3839e-009  1.6820e-009  2.7377e-013  8.7365e-012  3.4422e-013 
681.984,   4.3293e-008  2.3424e-006  5.9150e-012  1.6633e-011  1.7078e-011  3.3668e-009  1.6820e-009  4.8511e-013  6.1308e-012  5.4218e-013 
688.000,   4.1028e-008  2.2658e-006  2.8087e-011  1.6834e-011  1.6729e-011  3.4327e-009  1.7995e-009  5.1721e-013  6.2351e-012  4.1110e-013 
694.078,   4.0297e-008  2.1133e-006  2.7978e-011  1.6868e-011  1.7184e-011  3.2421e-009  5.9178e-007  3.2906e-013  7.1028e-012  3.8880e-013 
700.109,   4.2875e-008  1.9216e-006  3.1106e-011  4.4518e-011  5.2692e-011  3.5420e-009  1.7575e-006  8.1773e-013  1.3405e-011  6.2975e-012 
706.141,   4.4206e-008  1.9717e-006  3.1749e-011  6.3603e-011  6.7102e-011  3.6784e-009  1.9268e-006  7.5424e-012  1.5994e-011  7.1064e-012 
712.141,   4.3609e-008  2.0361e-006  1.0792e-011  6.7713e-011  6.9255e-011  3.3252e-009  1.9010e-006  3.2272e-012  1.7019e-011  6.6872e-012 
718.188,   4.8926e-008  2.1102e-006  3.0362e-011  6.6983e-011  7.0196e-011  3.2159e-009  1.7945e-006  2.9347e-012  1.7413e-011  8.2255e-012 
724.219,   4.9874e-008  2.1908e-006  3.0548e-011  6.4910e-011  6.7758e-011  3.8130e-009  1.6550e-006  7.5888e-013  1.7929e-011  6.3323e-012 
730.250,   5.0529e-008  2.2456e-006  3.1223e-011  6.1581e-011  6.6731e-011  3.8392e-009  1.4850e-006  1.3260e-012  1.7229e-011  8.0632e-012 
736.266,   5.0652e-008  2.3317e-006  3.1368e-011  5.7613e-011  6.4021e-011  3.6802e-009  1.3133e-006  1.2832e-012  1.5423e-011  8.0320e-012 
742.297,   5.2087e-008  2.4044e-006  9.7780e-012  5.3357e-011  6.1836e-011  3.2358e-009  1.1408e-006  7.7404e-013  1.4464e-011  6.2610e-012 
748.344,   5.1824e-008  2.4621e-006  1.1313e-011  4.8404e-011  5.9134e-011  3.3875e-009  9.5070e-007  3.8167e-013  1.3618e-011  7.1777e-012 
754.344,   5.4379e-008  2.5190e-006  3.1015e-011  4.3722e-011  5.4521e-011  3.4417e-009  7.7336e-007  5.6894e-013  1.1967e-011  6.1174e-012 
760.406,   5.1884e-008  2.5894e-006  3.0787e-011  3.8438e-011  4.9172e-011  3.3911e-009  5.8772e-007  5.0295e-013  1.1376e-011  6.4197e-012 
766.422,   5.1375e-008  2.6131e-006  3.0130e-011  3.3897e-011  4.2194e-011  3.4246e-009  4.2851e-007  3.2103e-013  9.7326e-012  6.5874e-012 
772.438,   5.3861e-008  2.6445e-006  3.0639e-011  2.9692e-011  3.4964e-011  3.3505e-009  2.8900e-007  1.2039e-013  8.8961e-012  5.3006e-012 
778.484,   5.4499e-008  2.6546e-006  9.4882e-012  2.5415e-011  2.9437e-011  3.2999e-009  1.7640e-007  4.4855e-013  7.9285e-012  5.1989e-013 
784.531,   5.3450e-008  2.6727e-006  2.7254e-011  2.3648e-011  2.4006e-011  3.5393e-009  9.9225e-008  3.7543e-013  6.9342e-012  5.6983e-013 
790.563,   5.3188e-008  2.6718e-006  2.8508e-011  2.1270e-011  2.0775e-011  3.4110e-009  5.5296e-008  2.1224e-013  6.3644e-012  7.3034e-013 
796.563,   5.1782e-008  2.6797e-006  2.6452e-011  1.9618e-011  1.9285e-011  3.2593e-009  3.2967e-008  3.2727e-013  7.6316e-012  8.5251e-013 
802.594,   4.9233e-008  2.6743e-006  6.1977e-012  1.9584e-011  1.8018e-011  3.3243e-009  2.1751e-008 -1.5160e-014 7.2107e-012  5.0295e-013 
808.594,   5.2947e-008  2.6751e-006  2.8203e-011  1.8876e-011  1.8129e-011  3.4706e-009  1.5723e-008  3.0052e-013  5.8552e-012  6.0639e-013 
814.656,   5.3805e-008  2.6954e-006  2.7189e-011  1.9329e-011  1.7219e-011  3.5637e-009  1.1602e-008  2.8358e-013  6.4117e-012  4.3963e-013 
820.688,   5.0451e-008  2.6623e-006  4.8324e-012  1.9087e-011  1.7355e-011  3.6007e-009  9.4697e-009  3.5581e-013  7.2303e-012  5.6537e-013 
826.688,   5.0762e-008  2.6820e-006  2.5153e-011  1.8406e-011  1.7085e-011  3.2565e-009  7.9332e-009  1.6765e-013  7.7065e-012  4.3874e-013 
832.734,   5.1244e-008  2.6693e-006  2.7154e-011  1.8443e-011  1.7432e-011  3.2105e-009  6.8202e-009  2.4077e-013  8.4386e-012  6.0906e-013 
838.797,   5.0837e-008  2.6659e-006  7.4292e-012  1.7798e-011  1.6562e-011  3.1861e-009  5.8573e-009  9.0958e-014  8.6188e-012  4.7084e-013 
844.813,   4.9397e-008  2.6617e-006  2.7494e-011  1.8074e-011  1.7567e-011  3.4128e-009  5.5059e-009  3.7543e-013  8.1996e-012  5.4575e-013 
850.859,   4.8766e-008  2.6546e-006  6.2351e-012  1.7816e-011  1.7104e-011  3.6775e-009  5.0108e-009  4.8957e-013  6.8495e-012  7.3569e-013 
856.922,   5.0717e-008  2.6509e-006  2.7457e-011  1.7884e-011  1.6784e-011  3.4571e-009  4.4562e-009  2.7377e-013  6.8923e-012  3.8791e-013 
862.922,   4.6428e-008  2.6422e-006  7.4087e-012  1.7438e-011  1.7546e-011  3.5167e-009  4.4201e-009  3.6027e-013  8.4868e-012  3.7543e-013 
868.969,   4.9074e-008  2.6430e-006  7.3329e-012  1.7402e-011  1.7022e-011  3.2096e-009  3.8365e-009  6.6525e-013  9.2715e-012  4.8244e-013 
875.000,   4.5756e-008  2.6565e-006  8.6446e-012  1.7802e-011  1.7410e-011  3.3135e-009  3.5086e-009  4.4320e-013  7.7903e-012  5.2881e-013 
881.031,   5.0533e-008  2.6396e-006  8.7240e-012  1.8020e-011  1.6842e-011  3.3704e-009  3.3767e-009  3.8524e-013  7.7056e-012  5.9301e-013 
887.063,   4.7796e-008  2.6391e-006  2.6957e-011  1.8300e-011  1.7748e-011  3.2782e-009  3.4661e-009  4.1020e-013  8.8899e-012  3.9772e-013 
893.094,   5.0754e-008  2.6414e-006  2.6885e-011  1.7647e-011  1.6809e-011  3.3117e-009  3.1355e-009  1.4268e-013  8.4975e-012  5.7875e-013 
899.141,   4.7669e-008  2.6407e-006  2.7098e-011  1.7457e-011  1.6684e-011  3.3216e-009  3.1039e-009  1.1147e-013  6.7755e-012  3.7275e-013 
905.188,   4.7837e-008  2.6393e-006  8.4368e-012  1.7758e-011  1.6716e-011  3.3939e-009  3.1707e-009  3.8167e-013  8.1007e-012  6.0906e-013 
911.219,   4.8371e-008  2.6421e-006  2.6653e-011  2.1414e-011  1.7204e-011  3.3740e-009  3.0479e-009  5.2167e-013  8.2407e-012  6.5544e-013 
917.234,   5.0062e-008  2.6379e-006  8.5697e-013  2.9864e-011  1.6844e-011  3.6540e-009  3.0289e-009  5.0562e-013  7.7841e-012  2.9874e-013 
923.281,   4.8240e-008  2.6152e-006  2.5767e-011  4.8149e-011  1.6871e-011  3.3523e-009  2.8257e-009  4.3250e-013  5.7839e-012  7.0270e-013 
929.297,   4.8089e-008  2.6272e-006  2.6936e-011  7.2612e-011  1.7324e-011  3.2737e-009  2.6965e-009  3.8434e-013  5.7500e-012  4.8422e-013 
935.359,   4.8869e-008  2.6248e-006  2.6907e-011  9.5539e-011  1.7189e-011  3.3460e-009  2.7037e-009  2.5682e-013  8.3281e-012  4.2001e-013 
941.375,   4.7372e-008  2.6206e-006  2.6323e-011  1.0351e-010  1.6741e-011  3.4679e-009  2.7389e-009  3.4957e-013  8.5207e-012  5.7518e-013 
947.422,   4.9696e-008  2.6245e-006  2.6052e-011  9.8500e-011  1.7460e-011  3.5456e-009  2.5962e-009  5.3327e-013  7.8759e-012  2.8268e-013 
953.484,   4.8537e-008  2.6161e-006  2.6543e-011  8.7261e-011  1.8477e-011  3.5519e-009  2.5023e-009  2.2650e-013  6.8888e-012  5.1989e-013 
959.484,   4.9995e-008  2.6157e-006  2.6482e-011  6.6001e-011  1.6487e-011  3.3839e-009  2.4192e-009  3.5313e-013  9.1832e-012  4.8511e-013 
965.531,   5.0528e-008  2.6324e-006  2.4777e-011  4.6890e-011  1.7172e-011  3.4065e-009  2.4887e-009  6.8486e-013  7.2963e-012  6.6168e-013 
971.594,   1.5233e-007  7.1625e-006  7.2660e-012  6.0790e-011  2.7930e-011  3.5556e-009  4.7118e-009  6.3716e-012  9.9956e-012  6.4295e-012 
977.625,   6.3032e-008  3.3397e-006  2.6800e-011  3.7313e-011  1.8473e-011  3.3017e-009  3.4517e-009  6.4723e-012  8.8239e-012  1.0647e-012 
983.719,   6.3731e-008  3.3310e-006  2.5396e-011  3.0424e-011  1.3620e-011  3.4743e-009  2.8428e-009  3.1925e-013  8.4609e-012  7.1358e-012 
989.750,   6.4849e-008  3.3112e-006  2.6882e-011  2.6019e-011  1.8925e-011  3.4381e-009  3.2060e-009  6.1263e-013  9.1752e-012  7.9223e-012 
995.828,   6.6079e-008  3.3413e-006  2.7277e-011  2.2007e-011  1.7727e-011  3.4715e-009  2.6441e-009  1.1352e-012  7.8412e-012  8.4966e-012 
1001.844,   6.5055e-008  3.3385e-006  2.4127e-011  2.2232e-011  1.8053e-011  3.5863e-009  3.0723e-009  6.5615e-012  7.0154e-012  8.6892e-012 
1007.875,   6.4425e-008  3.3272e-006  2.3812e-011  2.1755e-011  1.8259e-011  3.3921e-009  3.0361e-009  8.8372e-012  8.1256e-012  1.1081e-011 
1013.906,   6.6507e-008  3.3148e-006  2.5766e-011  2.0132e-011  1.7781e-011  3.7335e-009  3.0190e-009  7.4354e-012  8.5332e-012  1.3652e-011 
1019.938,   6.6793e-008  3.3279e-006  4.1466e-013  1.9488e-011  1.8205e-011  3.6694e-009  2.8997e-009  8.2951e-012  6.4821e-012  1.4380e-011 
1025.938,   6.6968e-008  3.3305e-006  2.4225e-011  1.9308e-011  1.7965e-011  3.3523e-009  2.9765e-009  6.1245e-012  6.5615e-012  1.3740e-011 
1031.953,   6.5472e-008  3.3313e-006  2.3798e-011  1.9824e-011  1.7457e-011  3.5890e-009  2.6766e-009  6.7604e-012  5.4031e-012  1.2698e-011 
1038.000,   6.9340e-008  3.3454e-006  5.7027e-012  1.8288e-011  1.8971e-011  3.5257e-009  2.7389e-009  6.3136e-012  8.5840e-012  1.2318e-011 
1044.016,   6.3301e-008  3.3237e-006  7.6378e-012  1.8564e-011  1.7344e-011  3.4390e-009  2.9070e-009  7.8920e-012  7.7029e-012  9.9189e-012 
1050.047,   6.3490e-008  3.3111e-006  7.1099e-012  1.8543e-011  1.7459e-011  3.3261e-009  2.4056e-009  6.2503e-012  8.5198e-012  8.3191e-012 
1056.094,   6.3142e-008  3.3207e-006  2.6443e-011  1.7782e-011  1.7532e-011  3.5890e-009  2.5339e-009  7.2160e-012  7.5299e-012  8.6419e-012 
1062.141,   6.4364e-008  3.3197e-006  6.9476e-012  1.8276e-011  1.7161e-011  3.4562e-009  2.5818e-009  1.0683e-012  9.2501e-012  6.9449e-012 
1068.156,   6.5633e-008  3.3028e-006  2.4849e-011  1.8646e-011  1.8004e-011  3.2963e-009  2.6721e-009  5.3906e-012  7.1902e-012  7.1590e-012 
1074.188,   6.3413e-008  3.3311e-006  2.6342e-011  1.8854e-011  1.7359e-011  3.4453e-009  2.5023e-009  7.6245e-013  7.1251e-012  7.8420e-012 
1080.234,   6.4349e-008  3.3073e-006  6.5267e-012  1.8423e-011  1.7646e-011  3.8229e-009  2.4679e-009  3.3976e-013  7.2740e-012  7.1402e-012 
1086.250,   6.3010e-008  3.3015e-006  2.5566e-011  1.9289e-011  1.7429e-011  3.6640e-009  2.4472e-009 -5.3237e-013 8.2317e-012  6.9334e-012 
1092.250,   6.4748e-008  3.2997e-006  2.5853e-011  1.8572e-011  1.7667e-011  3.5104e-009  2.4092e-009  5.2346e-013  5.9444e-012  8.1443e-012 
1098.250,   6.4106e-008  3.3024e-006  6.8442e-012  1.8559e-011  1.7393e-011  3.5393e-009  2.5781e-009  5.7250e-013  6.6953e-012  6.7951e-013 
1104.250,   6.3930e-008  3.3147e-006  2.5210e-011  1.7943e-011  1.7732e-011  3.5104e-009  2.3640e-009  5.1454e-013  7.2687e-012  8.0079e-013 
1110.266,   6.4150e-008  3.2838e-006  2.5784e-011  1.7732e-011  1.7203e-011  3.6034e-009  2.4020e-009  3.3441e-013  5.5039e-012  8.0971e-013 
1116.234,   6.4827e-008  3.3095e-006  2.4789e-011  1.8122e-011  1.6789e-011  3.3559e-009  2.2800e-009  5.3148e-013  8.1274e-012  7.0270e-013 
1122.250,   6.5285e-008  3.3141e-006  2.5349e-011  1.7595e-011  1.7274e-011  3.5312e-009  2.2927e-009  1.3644e-013  5.5939e-012  6.3225e-013 
1128.234,   6.3874e-008  3.2874e-006  2.5560e-011  1.7692e-011  1.7170e-011  3.8546e-009  2.4092e-009  4.6906e-013  7.8554e-012  5.8677e-013 
1134.250,   6.5641e-008  3.3102e-006  2.3943e-011  1.7683e-011  1.7825e-011  3.4986e-009  2.2855e-009  4.8868e-013  8.9549e-012  4.4944e-013 
1140.250,   6.4964e-008  3.2980e-006  8.2371e-012  1.8720e-011  1.8173e-011  3.4734e-009  2.1825e-009  2.8625e-013  8.5483e-012  3.5581e-013 
1146.266,   6.3687e-008  3.2954e-006  2.5294e-011  1.8259e-011  1.6697e-011  3.5881e-009  2.2927e-009  5.0651e-013  5.8526e-012  6.4919e-013 
1152.344,   3.7823e-009  6.6790e-007  4.2608e-012  1.4792e-011  1.3454e-011  3.0443e-009  1.6983e-009  2.6485e-013  6.7470e-012  1.8994e-013 
