Jun 25, 2026  01:07:23 PM
Residual Gas Analyzer Software 
RGA Software Version, 3.214.004

Pressure vs Time Scan Setup:

Active channels in Scan, 8 
Units, Torr
Sample Period, 1.00, sec
Focus Voltage, 90, Volts 
Ion Energy, HIGH 
Electron Energy, 70, eV 
CEM Voltage, 1159, Volts
CEM Gain, 1.01E+003 
Sensitivity Factor, 1.11E-004 
Filament Current, 1.00, mAmps
Start time, Jun 25, 2026  01:07:23 PM 
Channel,  Mass(amu),     Name,                 Cal Factor,  Noise Floor, CEM Status

1         2.00           Hydrogen              1.00         3            OFF
2         4.00           Helium                1.00         3            OFF
3         26.00          Dummy-26              1.00         3            ON
4         28.00          Nitrogen              1.00         3            ON
5         32.00          Oxygen                1.00         3            ON
6         40.00          Argon                 1.00         3            ON
7         44.00          Carbon dioxide        1.00         3            ON
8         84.00          Krypton               1.00         3            ON


Time(s)      Channel#1   Channel#2   Channel#3   Channel#4   Channel#5   Channel#6   Channel#7   Channel#8   

0.000,   4.6620E-008,   3.0631E-006,   1.6364E-012,   1.4900E-011,   1.6002E-011,   5.5485E-012,   6.9762E-012,   6.9289E-013,  
5.141,   4.9076E-008,   3.1388E-006,   4.5925E-012,   1.5574E-011,   1.5401E-011,   6.3840E-012,   5.0232E-012,   3.6473E-013,  
11.125,   5.0014E-008,   3.1406E-006,   2.4568E-011,   1.4936E-011,   1.5742E-011,   6.6079E-012,   7.2472E-012,   9.0780E-013,  
16.141,   4.8794E-008,   3.1637E-006,   2.3604E-011,   1.5547E-011,   1.6276E-011,   6.1968E-012,   6.1700E-012,   8.2308E-013,  
21.204,   4.6836E-008,   3.1567E-006,   2.4483E-011,   1.5852E-011,   1.6309E-011,   6.8344E-012,   7.1536E-012,   1.1744E-012,  
26.204,   4.6879E-008,   3.1509E-006,   2.2958E-011,   1.5961E-011,   1.5938E-011,   9.2608E-012,   5.9524E-012,   5.5931E-012,  
31.250,   4.7968E-008,   3.1422E-006,   2.2897E-011,   1.6353E-011,   1.6297E-011,   7.1527E-012,   7.6031E-012,   7.9098E-013,  
36.250,   4.4886E-008,   3.1222E-006,   2.5110E-011,   1.6115E-011,   1.6184E-011,   7.4969E-012,   7.7850E-012,   5.9168E-012,  
41.266,   4.8373E-008,   3.1379E-006,   2.2411E-011,   1.6202E-011,   1.5868E-011,   7.1242E-012,   5.6439E-012,   6.0505E-012,  
46.329,   4.6754E-008,   3.1467E-006,   5.3344E-012,   1.6191E-011,   1.6547E-011,   7.6512E-012,   4.8966E-012,   1.1985E-012,  
51.375,   4.8648E-008,   3.1169E-006,   2.2868E-011,   1.6727E-011,   1.6577E-011,   7.5433E-012,   5.1641E-012,   9.3277E-013,  
56.422,   4.7825E-008,   3.1442E-006,   2.4588E-011,   1.6133E-011,   1.6591E-011,   7.7618E-012,   9.3108E-012,   9.4704E-013,  
61.485,   4.6755E-008,   3.1086E-006,   2.2360E-011,   1.6722E-011,   1.6216E-011,   7.4657E-012,   5.7170E-012,   7.8831E-013,  
66.532,   5.0565E-008,   3.1371E-006,   2.2163E-011,   1.6191E-011,   1.5886E-011,   8.0721E-012,   8.4279E-012,   5.7170E-012,  
71.547,   4.9051E-008,   3.1277E-006,   2.2766E-011,   1.6220E-011,   1.6554E-011,   7.8634E-012,   6.7951E-012,   6.6435E-013,  
76.579,   4.7583E-008,   3.1260E-006,   2.1783E-011,   1.6191E-011,   1.6933E-011,   8.9835E-012,   5.2818E-012,   1.1735E-012,  
81.610,   4.7134E-008,   3.1024E-006,   2.3724E-011,   1.4955E-011,   1.6762E-011,   8.1702E-012,   7.2794E-012,   1.0879E-012,  
86.641,   4.8531E-008,   3.1334E-006,   2.3943E-011,   1.5959E-011,   1.6204E-011,   8.0418E-012,   6.9842E-012,   8.7927E-013,  
91.704,   4.3506E-008,   3.1134E-006,   2.3515E-011,   1.4898E-011,   1.5664E-011,   8.1577E-012,   7.1313E-012,   5.9560E-012,  
96.704,   4.9129E-008,   3.1106E-006,   4.9884E-012,   1.5600E-011,   1.5963E-011,   8.0516E-012,   4.3972E-012,   7.9366E-013,  
101.766,   5.0695E-008,   3.1008E-006,   2.1935E-011,   1.5843E-011,   1.5788E-011,   7.5861E-012,   6.1343E-012,   3.9237E-013,  
106.797,   4.7339E-008,   3.1282E-006,   7.5059E-012,   1.5519E-011,   1.6051E-011,   7.9294E-012,   4.2536E-012,   8.7837E-013,  
111.829,   4.9706E-008,   3.0975E-006,   2.1693E-011,   1.6055E-011,   1.6002E-011,   8.1158E-012,   5.1160E-012,   1.2172E-012,  
116.844,   4.7122E-008,   3.1346E-006,   2.2609E-011,   1.6700E-011,   1.6762E-011,   8.2282E-012,   4.4623E-012,   7.4550E-013,  
121.860,   4.7653E-008,   3.0880E-006,   2.4153E-011,   1.6128E-011,   1.5682E-011,   7.8982E-012,   5.3282E-012,   9.2118E-013,  
126.922,   4.7810E-008,   3.1032E-006,   2.3338E-011,   1.6134E-011,   1.5768E-011,   7.5781E-012,   7.2250E-012,   9.8092E-013,  
131.969,   4.9855E-008,   3.1196E-006,   5.7125E-012,   1.6012E-011,   1.5946E-011,   7.7939E-012,   4.1288E-012,   7.0439E-012,  
137.000,   4.7173E-008,   3.0994E-006,   2.2232E-011,   1.6230E-011,   1.6043E-011,   8.4458E-012,   5.8650E-012,   6.0862E-012,  
142.032,   4.7284E-008,   3.1051E-006,   2.2549E-011,   1.6642E-011,   1.5880E-011,   8.4716E-012,   4.3714E-012,   5.4548E-012,  
147.094,   4.7198E-008,   3.0812E-006,   2.2564E-011,   1.6769E-011,   1.6520E-011,   8.7213E-012,   7.9508E-012,   1.0255E-012,  
153.110,   4.7708E-008,   3.1027E-006,   6.4402E-012,   1.5868E-011,   1.5950E-011,   7.9981E-012,   8.4190E-012,   5.9105E-012,  
158.157,   4.8649E-008,   3.0954E-006,   2.2108E-011,   1.4845E-011,   1.6032E-011,   8.1506E-012,   5.7955E-012,   7.4104E-013,  
163.219,   4.8569E-008,   3.1058E-006,   2.2401E-011,   1.6422E-011,   1.6426E-011,   8.3548E-012,   8.4422E-012,   8.4627E-013,  
168.266,   4.6152E-008,   3.0701E-006,   2.4194E-011,   1.5676E-011,   1.6036E-011,   7.7511E-012,   5.5948E-012,   8.3557E-013,  
173.266,   4.7886E-008,   3.0813E-006,   2.2752E-011,   1.6119E-011,   1.6730E-011,   7.9107E-012,   8.2665E-012,   5.5895E-012,  
178.297,   4.5904E-008,   3.0871E-006,   2.2782E-011,   1.6431E-011,   1.6142E-011,   8.2086E-012,   7.0520E-012,   8.3468E-013,  
183.360,   4.7385E-008,   3.0860E-006,   2.1607E-012,   1.5933E-011,   1.5140E-011,   8.6696E-012,   4.6763E-012,   8.4449E-013,  
188.344,   4.5496E-008,   3.0830E-006,   2.2685E-011,   1.6887E-011,   1.6157E-011,   7.8822E-012,   7.0591E-012,   6.0550E-013,  
193.375,   4.9803E-008,   3.0879E-006,   6.6141E-012,   1.6031E-011,   1.6106E-011,   7.7341E-012,   6.9574E-012,   6.1442E-012,  
198.407,   4.5510E-008,   3.0700E-006,   2.0622E-011,   1.6378E-011,   1.6230E-011,   7.9161E-012,   4.7985E-012,   5.6840E-012,  
203.422,   4.7469E-008,   3.0937E-006,   2.1547E-011,   1.6838E-011,   1.6064E-011,   8.1203E-012,   8.4903E-012,   9.3634E-013,  
208.469,   4.7800E-008,   3.0567E-006,   2.2280E-011,   1.6529E-011,   1.5837E-011,   7.9722E-012,   6.3270E-012,   8.7124E-013,  
213.532,   4.8627E-008,   3.0771E-006,   2.4434E-013,   1.6026E-011,   1.5149E-011,   8.5483E-012,   8.6000E-012,   1.2547E-012,  
218.579,   4.7257E-008,   3.0774E-006,   2.3314E-011,   1.6341E-011,   1.6338E-011,   8.2094E-012,   8.0846E-012,   6.8486E-013,  
223.610,   4.8248E-008,   3.0769E-006,   8.0578E-012,   1.6470E-011,   1.5954E-011,   7.8795E-012,   4.7307E-012,   7.0270E-013,  
228.641,   4.9081E-008,   3.0598E-006,   2.1588E-011,   1.5730E-011,   1.5323E-011,   8.2870E-012,   6.8602E-012,   8.3468E-013,  
233.672,   4.9652E-008,   3.0704E-006,   2.1967E-011,   1.5849E-011,   1.5424E-011,   7.8180E-012,   7.4845E-012,   1.1120E-012,  
238.688,   4.6752E-008,   3.0732E-006,   2.2525E-011,   1.6851E-011,   1.2974E-011,   8.2638E-012,   8.8444E-012,   6.6614E-012,  
243.735,   4.9053E-008,   3.0775E-006,   2.1867E-011,   1.6799E-011,   1.6299E-011,   8.7980E-012,   6.2369E-012,   1.3465E-012,  
248.735,   4.8381E-008,   3.0592E-006,   2.2795E-011,   1.7512E-011,   1.5231E-011,   7.8866E-012,   7.4309E-012,   5.4771E-012,  
253.797,   4.5538E-008,   3.0434E-006,   2.2620E-011,   1.6425E-011,   1.5517E-011,   7.8420E-012,   6.2494E-012,  -7.7315E-013,  
258.797,   4.7453E-008,   3.0626E-006,   7.3578E-012,   1.6920E-011,   1.5676E-011,   7.9027E-012,   5.2693E-012,   7.8991E-012,  
263.844,   4.7678E-008,   3.0618E-006,   2.2462E-011,   1.6136E-011,   1.6658E-011,   8.9933E-012,   4.8984E-012,   7.6423E-013,  
268.875,   4.7930E-008,   3.0644E-006,   2.2139E-011,   1.6665E-011,   1.5645E-011,   7.7359E-012,   4.0334E-012,   2.9249E-013,  
273.954,   4.7857E-008,   3.0672E-006,   2.3402E-011,   1.6143E-011,   1.6129E-011,   7.7243E-012,   7.0475E-012,   8.1060E-013,  
279.016,   4.7738E-008,   3.0406E-006,   5.9899E-012,   1.6606E-011,   1.5749E-011,   8.2674E-012,   7.7636E-012,   1.1272E-012,  
284.063,   4.8853E-008,   3.0437E-006,   2.1623E-011,   1.6435E-011,   1.5595E-011,   8.8239E-012,   6.4224E-012,   9.2474E-013,  
289.079,   4.6714E-008,   3.0630E-006,  -5.4486E-013,   1.6495E-011,   1.5187E-011,   7.7190E-012,   8.3245E-012,   1.1896E-012,  
294.125,   4.9356E-008,   3.0527E-006,   7.1420E-012,   1.5972E-011,   1.6006E-011,   7.8091E-012,   7.5567E-012,   1.0478E-012,  
299.172,   4.8801E-008,   3.0551E-006,   6.6319E-012,   1.5783E-011,   1.5265E-011,   8.0106E-012,   8.1827E-012,   5.4067E-012,  
304.188,   4.8687E-008,   3.0626E-006,   2.3144E-011,   1.4989E-011,   1.5601E-011,   8.1390E-012,   7.3667E-012,   6.3814E-012,  
309.204,   4.7859E-008,   3.0586E-006,   2.0801E-011,   1.4902E-011,   1.4635E-011,   7.6013E-012,   7.4524E-012,   9.3723E-013,  
314.219,   4.7297E-008,   3.0529E-006,   2.1994E-011,   1.6040E-011,   1.4520E-011,   7.6048E-012,   7.0983E-012,   7.1072E-013,  
319.235,   4.7716E-008,   3.0406E-006,   2.0484E-011,   1.6761E-011,   1.5944E-011,   7.9375E-012,   6.4224E-012,   7.3008E-012,  
324.282,   4.9724E-008,   3.0562E-006,   2.1576E-011,   1.5730E-011,   1.5717E-011,   8.4458E-012,   7.1572E-012,  -3.2371E-013,  
329.344,   4.7354E-008,   3.0361E-006,   4.1083E-012,   1.6059E-011,   1.4470E-011,   7.5906E-012,   6.9922E-012,   7.8296E-013,  
334.375,   4.7194E-008,   3.0459E-006,   2.1546E-011,   1.6794E-011,   1.6164E-011,   7.8920E-012,   7.5638E-012,   3.1746E-013,  
339.422,   4.6542E-008,   3.0361E-006,   2.2214E-011,   1.5571E-011,   1.5177E-011,   9.8075E-012,   7.0707E-012,   7.8117E-013,  
344.438,   4.5797E-008,   3.0386E-006,   2.1508E-011,   1.6200E-011,   1.5494E-011,   8.2772E-012,   7.4925E-012,   3.2638E-013,  
350.422,   4.9668E-008,   3.0302E-006,   2.1787E-011,   1.5910E-011,   1.6325E-011,   8.1800E-012,   8.3031E-012,   1.0353E-012,  
355.454,   4.6388E-008,   3.0221E-006,   2.2143E-011,   1.5784E-011,   1.4923E-011,   8.3075E-012,   4.2438E-012,   7.4104E-013,  
360.469,   4.4650E-008,   3.0285E-006,   2.1612E-011,   1.5806E-011,   1.3094E-011,   7.9606E-012,   6.6542E-012,   5.5057E-012,  
365.500,   4.6402E-008,   3.0123E-006,   2.1373E-011,   1.6754E-011,   1.5900E-011,   8.5135E-012,   9.1155E-012,   1.3394E-012,  
370.516,   4.8485E-008,   3.0460E-006,   2.1766E-011,   1.6117E-011,   1.5698E-011,   8.0596E-012,   5.1169E-012,   6.9762E-012,  
375.547,   4.6103E-008,   3.0339E-006,   2.1451E-011,   1.5858E-011,   1.5576E-011,   8.1568E-012,   4.9991E-012,   8.0257E-013,  
380.579,   4.7406E-008,   3.0344E-006,   2.0734E-011,   1.6521E-011,   1.5997E-011,   7.9009E-012,   5.3229E-012,   1.0674E-012,  
385.594,   4.4333E-008,   3.0334E-006,   2.1385E-011,   1.5742E-011,   1.5889E-011,   7.8331E-012,   3.8131E-012,   1.0095E-012,  
390.641,   4.6173E-008,   3.0321E-006,   2.0642E-011,   1.6240E-011,   1.5745E-011,   8.4145E-012,   6.7238E-012,   8.9888E-013,  
396.657,   4.7133E-008,   3.0157E-006,   5.6903E-012,   1.5625E-011,   1.5111E-011,   7.6735E-012,   5.6537E-012,   1.1084E-012,  
401.688,   4.9893E-008,   3.0249E-006,   2.0718E-011,   1.6636E-011,   1.5529E-011,   8.2059E-012,   7.9874E-012,   9.4971E-013,  
406.719,   4.7156E-008,   3.0203E-006,   2.1228E-011,   1.3772E-011,   1.5766E-011,   7.4185E-012,   8.7721E-012,   1.0772E-012,  
411.735,   4.5115E-008,   3.0362E-006,   2.2187E-011,   1.6372E-011,   1.5269E-011,   7.8028E-012,   6.5624E-012,   7.3676E-012,  
416.766,   4.6812E-008,   3.0388E-006,   2.0355E-011,   1.3713E-011,   1.5030E-011,   8.0935E-012,   8.5920E-012,   8.4538E-013,  
421.797,   4.9282E-008,   3.0218E-006,   2.0609E-011,   1.5852E-011,   1.5606E-011,   7.5353E-012,   4.7807E-012,   1.0335E-012,  
426.829,   4.8757E-008,   3.0172E-006,   2.1752E-011,   1.5261E-011,   1.5562E-011,   7.8171E-012,   8.7686E-012,   1.0389E-012,  
431.844,   4.8855E-008,   3.0412E-006,   2.0936E-011,   1.6563E-011,   1.4974E-011,   7.9357E-012,   7.0707E-012,   6.9200E-013,  
436.860,   4.9445E-008,   3.0244E-006,   1.9681E-011,   1.6002E-011,   1.5534E-011,   8.0578E-012,   8.0882E-012,  -3.9594E-013,  
441.875,   4.5975E-008,   3.0211E-006,   2.1291E-011,   1.5571E-011,   1.6017E-011,   7.7422E-012,   5.8989E-012,   7.4818E-013,  
446.875,   4.8078E-008,   3.0084E-006,   2.0169E-011,   1.6040E-011,   1.5318E-011,   7.3534E-012,   6.9075E-012,   8.2665E-013,  
451.922,   4.8115E-008,   3.0083E-006,   1.9023E-011,   1.5507E-011,   1.5367E-011,   7.6476E-012,   6.6141E-012,   6.4384E-013,  
456.985,   4.9005E-008,   3.0335E-006,   1.9583E-011,   1.5103E-011,   1.5562E-011,   7.3614E-012,   8.8961E-012,   9.9965E-013,  
461.985,   4.6634E-008,   3.0167E-006,   1.9462E-011,   1.6313E-011,   1.5303E-011,   7.5424E-012,   6.6284E-012,   8.0079E-013,  
467.032,   4.7324E-008,   3.0265E-006,   8.9933E-012,   1.5783E-011,   1.4765E-011,   8.3423E-012,   4.4070E-012,   6.0282E-013,  
472.047,   4.8923E-008,   3.0018E-006,   7.1581E-012,   1.6960E-011,   1.5388E-011,   7.8911E-012,   7.4996E-012,   9.7736E-013,  
477.063,   4.7349E-008,   3.0079E-006,   1.9882E-011,   1.6356E-011,   1.5688E-011,   8.2184E-012,   7.7662E-012,   7.3302E-013,  
482.110,   4.4831E-008,   3.0257E-006,   2.0763E-011,   1.5812E-011,   1.5582E-011,   7.8741E-012,   7.2909E-012,   7.0716E-013,  
487.141,   4.7727E-008,   3.0073E-006,   2.1534E-011,   1.6411E-011,   1.5030E-011,   8.6152E-012,   4.9893E-012,   7.7226E-013,  
492.157,   4.5725E-008,   2.9987E-006,   5.7473E-012,   1.7030E-011,   1.5202E-011,   8.1979E-012,   4.8039E-012,   1.0781E-012,  
497.188,   4.7497E-008,   3.0192E-006,   2.0170E-011,   1.5686E-011,   1.5630E-011,   8.2808E-012,   5.5502E-012,   7.2232E-013,  
502.235,   4.7136E-008,   3.0091E-006,   2.0931E-011,   1.5688E-011,   1.4830E-011,   7.9838E-012,   7.1581E-012,   6.2601E-013,  
507.297,   4.6073E-008,   3.0010E-006,   2.0231E-011,   1.6157E-011,   1.4692E-011,   8.2603E-012,   7.4684E-012,   8.5608E-013,  
512.344,   4.7416E-008,   3.0088E-006,   2.0244E-011,   1.6567E-011,   1.4837E-011,   7.8099E-012,   6.8986E-012,   5.6804E-013,  
517.375,   4.8265E-008,   3.0140E-006,   2.0969E-011,   1.6348E-011,   1.5016E-011,   7.6762E-012,   7.5834E-012,   1.3100E-012,  
522.375,   4.4057E-008,   3.0198E-006,   1.9626E-011,   1.5916E-011,   1.5196E-011,   8.2701E-012,   8.4297E-012,   8.3200E-013,  
527.407,   4.8626E-008,   3.0179E-006,   1.9147E-011,   1.5793E-011,   1.5429E-011,   8.2959E-012,   7.6967E-012,   5.5021E-013,  
532.407,   4.5724E-008,   2.9952E-006,   4.6344E-012,   1.6296E-011,   1.5257E-011,   7.1795E-012,   7.6138E-012,   8.6856E-013,  
537.485,   4.5249E-008,   2.9968E-006,   2.0077E-011,   1.5930E-011,   1.4963E-011,   7.6075E-012,   7.2178E-012,   7.8474E-013,  
542.516,   4.3684E-008,   3.0172E-006,   1.9053E-011,   1.5174E-011,   1.5087E-011,   7.1661E-012,   7.4934E-012,   5.8410E-013,  
547.547,   4.6163E-008,   2.9957E-006,   1.9174E-011,   1.7033E-011,   1.5359E-011,   7.5469E-012,   8.8907E-012,   1.1388E-012,  
552.579,   4.6043E-008,   2.9803E-006,   1.9038E-011,   1.6266E-011,   1.5418E-011,   7.8884E-012,   6.4090E-012,   9.8984E-013,  
557.610,   4.6563E-008,   2.9930E-006,   1.9896E-011,   1.5196E-011,   1.5483E-011,   8.4056E-012,   5.6296E-012,   6.1647E-012,  
562.625,   4.5322E-008,   2.9992E-006,   1.9714E-011,   1.5974E-011,   1.4759E-011,   8.2897E-012,   5.2114E-012,   8.3200E-013,  
567.657,   4.4993E-008,   2.9878E-006,   2.0379E-011,   1.5909E-011,   1.5468E-011,   7.1679E-012,   6.4277E-012,   1.0692E-012,  
572.719,   4.4197E-008,   2.9782E-006,   1.9895E-011,   1.5549E-011,   1.5267E-011,   7.6557E-012,   8.0195E-012,   7.4550E-012,  
578.719,   4.7855E-008,   2.9830E-006,   6.2324E-012,   1.5552E-011,   1.6152E-011,   7.6013E-012,   8.5581E-012,   7.7047E-013,  
583.766,   4.2666E-008,   3.0052E-006,   1.9983E-011,   1.6161E-011,   1.4587E-011,   7.6191E-012,   6.9271E-012,   6.8665E-013,  
588.797,   4.4886E-008,   2.9810E-006,   1.8418E-011,   1.6483E-011,   1.4222E-011,   7.8233E-012,   7.3766E-012,   8.5430E-013,  
593.860,   4.4062E-008,   2.9826E-006,   2.0711E-011,   1.5681E-011,   1.5417E-011,   7.7823E-012,   7.9526E-012,   1.3421E-012,  
598.891,   4.5743E-008,   2.9827E-006,   2.3185E-014,   1.5973E-011,   1.4982E-011,   8.2353E-012,   5.1008E-012,   6.9021E-013,  
603.907,   4.2853E-008,   2.9864E-006,   6.4117E-012,   1.6322E-011,   1.5284E-011,   8.1399E-012,   7.2392E-012,   4.2715E-013,  
608.969,   4.5320E-008,   2.9758E-006,   1.9544E-011,   1.6362E-011,   1.4954E-011,   7.6726E-012,   7.4978E-012,   8.3824E-013,  
614.985,   4.6943E-008,   2.9965E-006,   1.8534E-011,   1.5962E-011,   1.5963E-011,   8.9835E-012,   7.8242E-012,   5.4843E-013,  
620.016,   4.7247E-008,   2.9939E-006,   6.6507E-012,   1.6616E-011,   1.4651E-011,   7.5174E-012,   6.3840E-012,   1.2039E-012,  
625.063,   4.5773E-008,   2.9418E-006,   3.5465E-012,   1.6406E-011,   1.4759E-011,   7.2963E-012,   7.8706E-012,   1.1602E-012,  
630.094,   4.4384E-008,   2.9154E-006,   1.9486E-011,   1.6317E-011,   1.5082E-011,   7.4095E-012,   8.3281E-012,   9.4525E-013,  
635.125,   4.1772E-008,   2.9560E-006,   1.8899E-011,   1.5785E-011,   1.5827E-011,   7.9054E-012,   5.5904E-012,   7.4015E-013,  
640.125,   4.5780E-008,   2.9750E-006,   1.9396E-011,   1.5870E-011,   1.4831E-011,   8.0302E-012,   8.6990E-012,   1.0362E-012,  
645.157,   4.5849E-008,   2.9703E-006,   1.8977E-011,   1.6599E-011,   1.4995E-011,   7.2036E-012,   3.4814E-012,   6.4652E-013,  
650.204,   4.3762E-008,   2.9630E-006,   2.0041E-011,   1.6449E-011,   1.4958E-011,   7.0769E-012,   8.1577E-012,   1.0879E-012,  
655.235,   4.7100E-008,   2.9866E-006,   5.5984E-012,   1.5557E-011,   1.6044E-011,   7.3828E-012,   8.0195E-012,   5.3148E-013,  
660.250,   4.8507E-008,   2.9861E-006,   1.9102E-011,   1.6113E-011,   1.4550E-011,   7.7662E-012,   6.2387E-012,   9.6398E-013,  
665.282,   4.6800E-008,   2.9855E-006,   1.8355E-011,   1.5959E-011,   1.5179E-011,   7.8554E-012,   6.9958E-012,   8.1773E-013,  
670.282,   4.7174E-008,   2.9891E-006,   1.9099E-011,   1.3930E-011,   1.4486E-011,   7.5344E-012,   4.3642E-012,   8.4805E-013,  
675.329,   4.9421E-008,   2.9828E-006,   5.3416E-012,   1.5692E-011,   1.4958E-011,   7.1679E-012,   4.7584E-012,   5.4040E-013,  
680.360,   4.6989E-008,   2.9977E-006,   1.8883E-011,   1.6103E-011,   1.5129E-011,   7.7564E-012,   8.4779E-012,   7.1162E-013,  
685.391,   4.6900E-008,   2.9609E-006,   5.7393E-012,   1.5409E-011,   1.5122E-011,   7.3320E-012,   7.7038E-012,   5.8427E-012,  
690.438,   4.8340E-008,   2.9704E-006,   1.6654E-011,   1.4969E-011,   1.4749E-011,   8.0864E-012,   8.1158E-012,   9.6666E-013,  
695.516,   4.6423E-008,   2.9776E-006,   1.8434E-011,   1.5458E-011,   1.4493E-011,   7.3890E-012,   7.6771E-012,   4.5123E-013,  
700.532,   4.7950E-008,   2.9679E-006,   1.8123E-011,   1.5910E-011,   1.4417E-011,   7.2365E-012,   6.6070E-012,   6.2601E-013,  
705.579,   4.7902E-008,   2.9824E-006,   5.6617E-012,   1.5393E-011,   1.5078E-011,   7.4711E-012,   9.2064E-012,   7.6245E-013,  
710.610,   4.5256E-008,   2.9687E-006,   1.9410E-011,   1.5896E-011,   1.5528E-011,   8.9023E-012,   4.7102E-012,   6.4652E-013,  
715.641,   4.5141E-008,   2.9898E-006,   1.8120E-011,   1.6461E-011,   1.4606E-011,   7.1715E-012,   7.3177E-012,   7.1429E-013,  
720.657,   4.5172E-008,   2.9626E-006,   1.8252E-011,   1.5701E-011,   1.4131E-011,   7.5763E-012,   7.8991E-012,   6.9111E-013,  
725.704,   4.4033E-008,   2.9662E-006,   1.9342E-011,   1.4860E-011,   1.4788E-011,   7.4622E-012,   6.4322E-012,   6.1887E-013,  
730.719,   4.4815E-008,   2.9792E-006,   1.9091E-011,   1.6073E-011,   1.5118E-011,   6.9851E-012,   7.7386E-012,   6.8397E-013,  
735.735,   4.5198E-008,   2.9770E-006,   1.8784E-011,   1.6231E-011,   1.5284E-011,   7.5050E-012,   7.7154E-012,   8.3557E-013,  
740.735,   4.6978E-008,   2.9607E-006,   1.8755E-011,   1.6776E-011,   1.4465E-011,   7.4925E-012,   8.4939E-012,   4.8690E-013,  
745.766,   4.4491E-008,   2.9665E-006,   1.9664E-011,   1.5797E-011,   1.6519E-011,   9.5328E-012,   7.0725E-012,   1.2413E-012,  
750.766,   4.2160E-008,   2.9629E-006,   1.8801E-011,   1.5904E-011,   2.1763E-011,   8.7195E-012,   4.6986E-012,   7.7939E-013,  
755.844,   4.5120E-008,   2.9604E-006,   1.8616E-011,   1.6730E-011,   2.1653E-011,   7.9945E-012,   8.5028E-012,   6.6435E-013,  
760.844,   4.5578E-008,   2.9738E-006,   1.8846E-011,   1.5915E-011,   1.7750E-011,   8.7276E-012,   6.9601E-012,   8.9799E-013,  
765.875,   4.1247E-008,   2.9579E-006,   1.7548E-011,   1.6753E-011,   1.6563E-011,   7.2517E-012,   7.0457E-012,   7.3302E-013,  
770.907,   4.3878E-008,   2.9728E-006,   1.8836E-011,   1.6051E-011,   1.5977E-011,   7.5237E-012,   8.2362E-012,   6.6168E-013,  
775.954,   4.3630E-008,   2.9572E-006,   1.9621E-011,   1.6254E-011,   1.5557E-011,   7.8474E-012,   7.1706E-012,   1.0157E-012,  
781.000,   4.3584E-008,   2.9552E-006,   6.4438E-012,   1.5935E-011,   1.5130E-011,   7.8269E-012,   8.5046E-012,   6.7060E-013,  
787.000,   4.3930E-008,   2.9664E-006,   2.0266E-011,   1.5838E-011,   1.4801E-011,   7.3052E-012,   8.0677E-012,   7.4729E-013,  
792.063,   4.4547E-008,   2.9511E-006,   1.9610E-011,   1.5092E-011,   1.5062E-011,   7.9821E-012,   7.6245E-012,   6.5900E-013,  
797.094,   4.4752E-008,   2.9545E-006,   5.6894E-012,   1.5766E-011,   1.5186E-011,   7.7680E-012,   6.9004E-012,   6.7773E-013,  
802.141,   4.3158E-008,   2.9434E-006,   1.9874E-011,   1.6303E-011,   1.3090E-011,   6.9610E-012,   4.0093E-012,   4.1556E-013,  
807.157,   4.3033E-008,   2.9625E-006,   5.8900E-012,   1.5827E-011,   1.5813E-011,   8.0623E-012,   6.7077E-012,   6.7773E-013,  
812.188,   4.3767E-008,   2.9541E-006,   1.9638E-011,   1.3492E-011,   1.5112E-011,   7.4122E-012,   8.1390E-012,   4.6906E-013,  
817.235,   4.1115E-008,   2.9510E-006,   7.1786E-012,   1.5621E-011,   1.5804E-011,   8.1158E-012,   4.4052E-012,   8.9532E-013,  
822.250,   4.3950E-008,   2.9378E-006,   1.9580E-011,   1.6113E-011,   1.4983E-011,   7.8563E-012,   6.6587E-012,   5.9631E-012,  
827.266,   4.3615E-008,   2.9427E-006,   1.9931E-011,   1.5346E-011,   1.5258E-011,   7.3123E-012,   6.8709E-012,   5.9658E-013,  
832.282,   4.3413E-008,   2.9646E-006,   2.0199E-011,   1.5324E-011,   1.4869E-011,   7.7493E-012,   6.2859E-012,   9.2029E-013,  
837.282,   4.4871E-008,   2.9490E-006,   1.8234E-011,   1.6366E-011,   1.5012E-011,   7.4149E-012,   6.0915E-012,   8.6232E-013,  
842.344,   4.4177E-008,   2.9392E-006,   1.7740E-011,   1.5557E-011,   1.5206E-011,   7.8706E-012,   7.4550E-012,   9.5685E-013,  
847.391,   4.3274E-008,   2.9681E-006,   1.8777E-011,   1.6100E-011,   1.5413E-011,   7.5014E-012,   7.1385E-012,   4.5212E-013,  
852.407,   4.2016E-008,   2.9497E-006,   1.9046E-011,   1.5228E-011,   1.4896E-011,   6.4705E-012,   7.5683E-012,   7.1964E-013,  
857.422,   4.1769E-008,   2.9588E-006,   5.0090E-012,   1.5828E-011,   1.4698E-011,   7.8572E-012,   7.5924E-012,   9.0691E-013,  
862.454,   4.5589E-008,   2.9380E-006,   1.8876E-011,   1.5562E-011,   1.5145E-011,   7.6566E-012,   7.3534E-012,   6.6257E-013,  
867.469,   4.5513E-008,   2.9608E-006,   1.8809E-011,   1.6235E-011,   1.4325E-011,   7.3453E-012,   8.2344E-012,   4.7976E-013,  
872.547,   4.4661E-008,   2.9552E-006,   1.8735E-011,   1.5607E-011,   1.4552E-011,   7.3115E-012,   7.0546E-012,   5.8142E-013,  
877.579,   4.4216E-008,   2.9549E-006,   1.9290E-011,   1.6454E-011,   1.4560E-011,   7.5932E-012,   8.9032E-012,   1.1709E-012,  
882.594,   4.5030E-008,   2.9572E-006,   1.8035E-011,   1.6961E-011,   1.4610E-011,   7.4666E-012,   7.0288E-012,   8.1952E-013,  
887.610,   4.3454E-008,   2.9549E-006,   9.2742E-013,   1.5829E-011,   1.4816E-011,   7.7208E-012,   5.2381E-012,   7.2499E-013,  
892.610,   4.3327E-008,   2.9349E-006,   1.8808E-011,   1.5978E-011,   1.5220E-011,   7.4595E-012,   6.8263E-012,   8.9264E-013,  
897.641,   4.2122E-008,   2.9634E-006,   1.9144E-011,   1.5673E-011,   1.5523E-011,   7.1206E-012,   7.4015E-012,   1.1816E-012,  
902.672,   4.2695E-008,   2.9666E-006,   1.9001E-011,   1.4677E-011,   1.6051E-011,   7.4051E-012,   4.6728E-012,   6.0550E-013,  
907.719,   4.4812E-008,   2.9518E-006,   1.7910E-011,   2.2587E-011,   1.4855E-011,   7.3373E-012,   5.4040E-012,   5.9391E-013,  
912.735,   4.3864E-008,   2.9351E-006,   1.8388E-011,   4.0592E-011,   1.4826E-011,   7.7261E-012,   6.4572E-012,   6.1531E-013,  
917.750,   4.4698E-008,   2.9564E-006,   1.7585E-011,   6.9820E-011,   1.4740E-011,   7.1322E-012,   6.4349E-012,   6.1887E-013,  
922.813,   4.1332E-008,   2.9517E-006,   1.9987E-011,   9.1898E-011,   1.3959E-011,   8.2246E-012,   6.7229E-012,   8.5162E-013,  
927.844,   4.0883E-008,   2.9508E-006,   1.9215E-011,   8.7184E-011,   1.4873E-011,   8.6375E-012,   8.7329E-012,   6.8576E-013,  
933.875,   4.2507E-008,   2.9532E-006,   1.9226E-011,   6.5342E-011,   1.5096E-011,   7.3605E-012,   8.2710E-012,   1.1958E-012,  
938.938,   2.7245E-009,   6.7968E-007,   1.8537E-011,   4.0370E-011,   1.3275E-011,   6.8103E-012,   6.7889E-012,   2.3364E-013,  
943.938,   4.2790E-008,   3.0442E-006,   1.0998E-011,   1.7522E-011,   1.0821E-011,   8.6839E-012,   7.0475E-012,  -9.4525E-014,  
949.016,   4.6131E-008,   3.2348E-006,   8.9532E-012,   2.4501E-011,   1.4590E-011,   7.0002E-012,   8.6589E-012,   9.4258E-013,  
954.047,   4.5801E-008,   3.2321E-006,   1.7885E-011,   2.2977E-011,   1.4849E-011,   7.3123E-012,   7.5442E-012,   6.5169E-012,  
959.063,   4.8709E-008,   3.2389E-006,   1.9269E-011,   2.1419E-011,   1.4264E-011,   8.0935E-012,   6.5909E-012,   8.1140E-012,  
964.079,   4.7903E-008,   3.2646E-006,   1.8201E-011,   2.0303E-011,   1.4903E-011,   7.6031E-012,   8.4993E-012,   9.5497E-012,  
969.110,   4.9011E-008,   3.2444E-006,   1.8086E-011,   1.9249E-011,   1.4512E-011,   7.9562E-012,   7.8215E-012,   1.3842E-011,  
974.141,   4.7361E-008,   3.2500E-006,   6.4500E-012,   1.8762E-011,   1.5232E-011,   8.2692E-012,   6.2164E-012,   2.2292E-011,  
979.188,   4.5503E-008,   3.2428E-006,   1.8109E-011,   1.8711E-011,   1.5565E-011,   8.5447E-012,   6.3992E-012,   3.3883E-011,  
984.204,   4.7775E-008,   3.2204E-006,   1.9193E-011,   1.5037E-011,   1.4906E-011,   8.8319E-012,   7.8982E-012,   4.0213E-011,  
989.266,   4.6761E-008,   3.2274E-006,   1.8164E-011,   1.7267E-011,   1.6259E-011,   8.9888E-012,   8.0748E-012,   4.4529E-011,  
994.266,   4.5872E-008,   3.2348E-006,   2.0560E-011,   1.7121E-011,   1.5302E-011,   8.7855E-012,   8.1435E-012,   4.5683E-011,  
999.297,   4.6914E-008,   3.2471E-006,   5.9292E-012,   1.7294E-011,   1.5485E-011,   9.3161E-012,   7.0992E-012,   3.9598E-011,  
1004.344,   4.8811E-008,   3.2126E-006,   1.9913E-011,   1.3084E-011,   1.5135E-011,   8.5296E-012,   8.2558E-012,   3.6084E-011,  
1009.360,   4.9589E-008,   3.2377E-006,   5.2613E-013,   1.6400E-011,   1.5135E-011,   8.6446E-012,   7.1572E-012,   3.0818E-011,  
1014.407,   4.6327E-008,   3.2494E-006,   1.9167E-011,   1.6785E-011,   1.5198E-011,   8.2487E-012,   7.0225E-012,   2.5606E-011,  
1019.422,   4.8960E-008,   3.2487E-006,   1.8866E-011,   1.6975E-011,   1.5212E-011,   9.0120E-012,   7.2945E-012,   2.0799E-011,  
1024.438,   4.8290E-008,   3.2381E-006,   1.8624E-011,   1.6225E-011,   1.2933E-011,   8.0471E-012,   7.3676E-012,   1.7035E-011,  
1029.485,   4.7737E-008,   3.2427E-006,   1.7510E-011,   1.6534E-011,   1.5065E-011,   8.0373E-012,   7.1376E-012,   1.2633E-011,  
1034.532,   4.7999E-008,   3.2342E-006,   1.8288E-011,   1.6868E-011,   1.5376E-011,   7.9919E-012,   4.3437E-012,   1.1010E-011,  
1039.547,   4.7037E-008,   3.2489E-006,   1.7495E-011,   1.6682E-011,   1.4739E-011,   7.5344E-012,   7.6673E-012,   7.8795E-012,  
1044.579,   4.7885E-008,   3.2539E-006,   1.8879E-011,   1.6083E-011,   1.4916E-011,   8.0061E-012,   8.2237E-012,   1.0087E-011,  
1049.579,   4.6602E-008,   3.2777E-006,   1.8915E-011,   1.6041E-011,   1.3540E-011,   7.2695E-012,   5.9970E-012,   5.3371E-012,  
1054.610,   4.8719E-008,   3.2514E-006,   1.9695E-011,   1.6304E-011,   1.4969E-011,   7.9499E-012,   4.9563E-012,   7.5754E-012,  
1059.657,   4.9176E-008,   3.2635E-006,   1.8750E-011,   1.5667E-011,   1.4746E-011,   7.8144E-012,   6.6480E-012,   6.8852E-012,  
1064.704,   4.7021E-008,   3.2637E-006,   1.9051E-011,   1.6158E-011,   1.5580E-011,   7.9071E-012,   6.9833E-012,   7.6138E-012,  
1069.719,   4.9039E-008,   3.2432E-006,   1.8554E-011,   1.6677E-011,   1.5312E-011,   7.4960E-012,   4.6246E-012,   7.1019E-012,  
1074.719,   4.6617E-008,   3.2292E-006,   1.9956E-011,   1.6138E-011,   1.5000E-011,   7.4943E-012,   8.4725E-012,   8.5768E-012,  
1079.766,   4.6882E-008,   3.2224E-006,   1.7788E-011,   1.5793E-011,   1.4452E-011,   7.7894E-012,   7.6039E-012,   8.2041E-012,  
1084.829,   4.6664E-008,   3.2379E-006,   1.7696E-011,   1.6040E-011,   1.5585E-011,   7.5148E-012,   7.3819E-012,   8.0097E-012,  
1090.813,   4.6326E-008,   3.2599E-006,   7.1982E-012,   1.6148E-011,   1.5480E-011,   7.8501E-012,   5.6207E-012,   7.4791E-012,  
1095.891,   4.8264E-008,   3.2606E-006,   1.7435E-011,   1.5898E-011,   1.4751E-011,   7.6958E-012,   8.0079E-012,   6.2984E-012,  
1100.938,   4.9314E-008,   3.2769E-006,   1.8020E-011,   1.5938E-011,   1.4706E-011,   7.3721E-012,   6.4045E-012,   9.7290E-013,  
1105.969,   5.0502E-008,   3.2549E-006,   1.7813E-011,   1.6110E-011,   1.4670E-011,   7.9687E-012,   8.7552E-012,   5.8454E-012,  
1111.000,   4.8667E-008,   3.2650E-006,   1.7942E-011,   1.6387E-011,   1.4504E-011,   7.9803E-012,   8.7284E-012,   1.4223E-012,  
1116.000,   4.6830E-008,   3.2559E-006,   1.8048E-011,   1.6401E-011,   1.4970E-011,   7.5442E-012,   5.5547E-012,   7.7582E-013,  
1121.032,   4.9042E-008,   3.2373E-006,   4.7254E-012,   1.5913E-011,   1.4181E-011,   6.9762E-012,   4.9376E-012,   9.8182E-013,  
1126.063,   4.5619E-008,   3.2541E-006,   3.3351E-013,   1.5766E-011,   1.4601E-011,   7.3685E-012,   5.3541E-012,   7.2410E-013,  
1131.110,   4.6198E-008,   3.2480E-006,   1.8845E-011,   1.6086E-011,   1.4452E-011,   7.8724E-012,   8.6348E-012,   9.5061E-013,  
1136.125,   4.5376E-008,   3.2455E-006,   1.8618E-011,   1.6499E-011,   1.4621E-011,   7.6637E-012,   7.5496E-012,   1.2244E-012,  
1141.157,   4.6453E-008,   3.2286E-006,   1.8589E-011,   1.6704E-011,   1.4964E-011,   7.0314E-012,   5.4334E-012,   6.3671E-013,  
1146.172,   4.4278E-008,   3.2636E-006,   1.9314E-011,   1.6627E-011,   1.3795E-011,   8.1363E-012,   7.7341E-012,   1.3251E-012,  
1151.219,   4.7190E-008,   3.2410E-006,   6.9200E-012,   1.5514E-011,   1.5098E-011,   7.9517E-012,   6.8861E-012,   1.1842E-012,  
1156.250,   4.6295E-008,   3.2418E-006,   1.8029E-011,   1.6177E-011,   1.5409E-011,   7.3650E-012,   8.6749E-012,   1.0442E-012,  
1161.266,   4.5230E-008,   3.2272E-006,   1.8433E-011,   1.5891E-011,   1.4939E-011,   8.0641E-012,   6.5303E-012,   6.1620E-012,  
1166.329,   2.6585E-009,   6.6763E-007,   7.3070E-012,   1.3411E-011,   1.1552E-011,   7.9981E-012,   7.5290E-012,   5.2970E-013,  
