Aug 20, 2026  10:39:29 AM
Residual Gas Analyzer Software 
Software Version, 3.214.004

Analog Scan Setup:

Data Points in Scan, 891 
Units, Torr 
Noise Floor, 2 
CEM Status, ON 
Points Per AMU, 10
Scan Start Mass, 1, amu 
Scan Stop Mass, 90, amu
Focus Voltage, 90, Volts 
Ion Energy, HIGH 
Electron Energy, 70, eV 
CEM Voltage, 1159, Volts
CEM Gain, 1.01E+003 
Sensitivity Factor, 1.11E-004 
Filament Current, 1.00, mAmps


  1.00,   2.29E-012, 
  1.10,   1.78E-012, 
  1.20,  -9.08E-013, 
  1.30,  -1.66E-012, 
  1.40,   3.98E-012, 
  1.50,   1.80E-011, 
  1.60,   3.73E-011, 
  1.70,   5.92E-011, 
  1.80,   7.87E-011, 
  1.90,   9.25E-011, 
  2.00,   1.01E-010, 
  2.10,   1.12E-010, 
  2.20,   1.08E-010, 
  2.30,   9.61E-011, 
  2.40,   5.88E-011, 
  2.50,   1.65E-011, 
  2.60,   5.34E-012, 
  2.70,   2.19E-012, 
  2.80,   5.30E-013, 
  2.90,   5.68E-013, 
  3.00,   7.69E-013, 
  3.10,   8.66E-013, 
  3.20,   2.10E-013, 
  3.30,   5.81E-013, 
  3.40,   7.36E-013, 
  3.50,   6.13E-013, 
  3.60,   2.41E-012, 
  3.70,   4.27E-012, 
  3.80,   3.91E-012, 
  3.90,   5.25E-012, 
  4.00,   3.97E-012, 
  4.10,   4.41E-012, 
  4.20,   5.72E-012, 
  4.30,   5.56E-012, 
  4.40,   6.76E-012, 
  4.50,   4.58E-012, 
  4.60,   1.78E-014, 
  4.70,  -1.00E-012, 
  4.80,  -6.19E-013, 
  4.90,  -1.41E-013, 
  5.00,   5.57E-013, 
  5.10,   5.12E-013, 
  5.20,   3.17E-013, 
  5.30,   2.33E-013, 
  5.40,   9.41E-013, 
  5.50,   7.31E-014, 
  5.60,  -1.16E-013, 
  5.70,   6.43E-013, 
  5.80,   3.62E-013, 
  5.90,   2.38E-013, 
  6.00,   2.97E-013, 
  6.10,   6.99E-013, 
  6.20,   1.36E-013, 
  6.30,   3.57E-013, 
  6.40,   1.06E-013, 
  6.50,   7.61E-013, 
  6.60,   8.92E-016, 
  6.70,  -4.46E-014, 
  6.80,   7.13E-014, 
  6.90,  -9.99E-014, 
  7.00,  -6.96E-014, 
  7.10,   6.31E-013, 
  7.20,   1.08E-012, 
  7.30,   1.07E-012, 
  7.40,   2.50E-013, 
  7.50,   1.10E-013, 
  7.60,   2.63E-013, 
  7.70,   1.19E-013, 
  7.80,   1.54E-013, 
  7.90,  -2.11E-013, 
  8.00,  -8.92E-014, 
  8.10,   1.74E-013, 
  8.20,   5.80E-013, 
  8.30,  -6.78E-014, 
  8.40,   2.25E-013, 
  8.50,   4.70E-013, 
  8.60,   2.29E-013, 
  8.70,   2.59E-013, 
  8.80,   1.07E-012, 
  8.90,   7.85E-014, 
  9.00,   2.44E-013, 
  9.10,   2.68E-013, 
  9.20,   1.77E-013, 
  9.30,  -1.52E-013, 
  9.40,  -3.10E-013, 
  9.50,   2.38E-013, 
  9.60,   4.97E-013, 
  9.70,  -1.39E-013, 
  9.80,   6.40E-013, 
  9.90,   2.08E-013, 
 10.00,   9.34E-013, 
 10.10,   6.80E-013, 
 10.20,   3.47E-013, 
 10.30,   1.32E-013, 
 10.40,   2.80E-013, 
 10.50,   2.75E-013, 
 10.60,   6.06E-014, 
 10.70,   6.21E-013, 
 10.80,  -1.17E-013, 
 10.90,   9.99E-013, 
 11.00,   4.23E-013, 
 11.10,   3.31E-013, 
 11.20,   3.21E-013, 
 11.30,   5.99E-013, 
 11.40,   4.62E-013, 
 11.50,   4.08E-013, 
 11.60,   3.10E-013, 
 11.70,   3.25E-013, 
 11.80,   5.17E-014, 
 11.90,   5.48E-013, 
 12.00,   1.59E-013, 
 12.10,  -2.60E-012, 
 12.20,   8.24E-013, 
 12.30,   1.81E-012, 
 12.40,   1.74E-012, 
 12.50,   4.07E-012, 
 12.60,   8.65E-014, 
 12.70,  -9.71E-013, 
 12.80,  -2.83E-013, 
 12.90,   1.93E-013, 
 13.00,   5.44E-014, 
 13.10,   2.14E-014, 
 13.20,   5.02E-013, 
 13.30,   4.31E-013, 
 13.40,   5.08E-013, 
 13.50,   9.45E-014, 
 13.60,   1.68E-013, 
 13.70,   3.20E-012, 
 13.80,   3.61E-012, 
 13.90,   2.71E-012, 
 14.00,   1.03E-012, 
 14.10,   5.60E-013, 
 14.20,   2.03E-012, 
 14.30,   4.98E-012, 
 14.40,   3.74E-012, 
 14.50,   6.66E-013, 
 14.60,  -1.83E-012, 
 14.70,  -6.98E-013, 
 14.80,  -6.69E-014, 
 14.90,  -2.85E-014, 
 15.00,   2.29E-012, 
 15.10,   3.31E-012, 
 15.20,   3.42E-013, 
 15.30,  -4.07E-012, 
 15.40,  -2.46E-012, 
 15.50,   1.04E-012, 
 15.60,   3.68E-012, 
 15.70,  -2.24E-013, 
 15.80,   6.98E-013, 
 15.90,   1.17E-013, 
 16.00,   2.39E-013, 
 16.10,   1.51E-012, 
 16.20,  -5.15E-013, 
 16.30,   6.42E-014, 
 16.40,   8.85E-013, 
 16.50,   1.66E-013, 
 16.60,  -6.83E-013, 
 16.70,  -9.53E-013, 
 16.80,  -1.48E-012, 
 16.90,  -1.92E-012, 
 17.00,  -2.32E-012, 
 17.10,   4.82E-013, 
 17.20,   1.33E-012, 
 17.30,   7.11E-013, 
 17.40,   1.94E-012, 
 17.50,   1.80E-013, 
 17.60,  -4.49E-012, 
 17.70,  -6.69E-012, 
 17.80,  -9.92E-013, 
 17.90,  -2.07E-012, 
 18.00,  -2.58E-012, 
 18.10,  -2.71E-012, 
 18.20,  -3.33E-012, 
 18.30,   2.54E-012, 
 18.40,   6.83E-012, 
 18.50,   1.06E-012, 
 18.60,   3.02E-013, 
 18.70,   2.70E-013, 
 18.80,   4.44E-013, 
 18.90,  -2.84E-013, 
 19.00,   1.63E-013, 
 19.10,   3.95E-012, 
 19.20,  -5.56E-013, 
 19.30,  -3.74E-012, 
 19.40,   8.92E-013, 
 19.50,   1.11E-012, 
 19.60,   2.54E-012, 
 19.70,   1.45E-012, 
 19.80,   7.49E-014, 
 19.90,   1.06E-013, 
 20.00,   1.11E-012, 
 20.10,   1.64E-012, 
 20.20,   1.28E-012, 
 20.30,   8.83E-013, 
 20.40,   9.49E-013, 
 20.50,  -4.83E-013, 
 20.60,   1.85E-013, 
 20.70,   2.91E-013, 
 20.80,   2.79E-013, 
 20.90,   3.08E-013, 
 21.00,   4.75E-013, 
 21.10,   1.26E-013, 
 21.20,   1.08E-013, 
 21.30,   3.35E-013, 
 21.40,   4.10E-013, 
 21.50,   4.07E-013, 
 21.60,   3.20E-013, 
 21.70,  -2.14E-013, 
 21.80,  -1.32E-013, 
 21.90,   1.32E-013, 
 22.00,   4.75E-013, 
 22.10,   1.78E-013, 
 22.20,   2.34E-013, 
 22.30,   4.24E-013, 
 22.40,   3.57E-013, 
 22.50,  -6.69E-014, 
 22.60,   3.10E-013, 
 22.70,  -2.02E-013, 
 22.80,  -5.35E-015, 
 22.90,   5.41E-013, 
 23.00,   3.31E-013, 
 23.10,   8.60E-013, 
 23.20,   1.58E-013, 
 23.30,   9.45E-014, 
 23.40,   2.14E-013, 
 23.50,   5.48E-013, 
 23.60,   1.05E-012, 
 23.70,   2.39E-013, 
 23.80,   5.21E-013, 
 23.90,   2.55E-013, 
 24.00,  -4.10E-014, 
 24.10,   5.31E-013, 
 24.20,   5.55E-013, 
 24.30,   4.32E-013, 
 24.40,   6.47E-013, 
 24.50,   5.35E-013, 
 24.60,  -5.35E-014, 
 24.70,   5.44E-014, 
 24.80,   1.61E-013, 
 24.90,  -6.42E-014, 
 25.00,   2.53E-013, 
 25.10,  -3.27E-013, 
 25.20,  -2.59E-014, 
 25.30,   6.52E-013, 
 25.40,   8.56E-013, 
 25.50,   5.44E-013, 
 25.60,   5.07E-013, 
 25.70,   3.61E-013, 
 25.80,  -3.57E-015, 
 25.90,   1.27E-013, 
 26.00,  -5.77E-013, 
 26.10,  -1.77E-013, 
 26.20,   3.61E-012, 
 26.30,   2.16E-012, 
 26.40,  -1.87E-012, 
 26.50,  -1.10E-012, 
 26.60,  -1.61E-014, 
 26.70,  -6.76E-013, 
 26.80,  -1.44E-013, 
 26.90,   2.28E-013, 
 27.00,   8.56E-014, 
 27.10,   4.47E-013, 
 27.20,   3.17E-013, 
 27.30,   5.26E-013, 
 27.40,  -2.50E-012, 
 27.50,   2.00E-012, 
 27.60,   7.55E-012, 
 27.70,   1.03E-011, 
 27.80,   1.76E-011, 
 27.90,   2.37E-011, 
 28.00,   2.91E-011, 
 28.10,   3.19E-011, 
 28.20,   3.17E-011, 
 28.30,   2.59E-011, 
 28.40,   1.24E-011, 
 28.50,   3.58E-012, 
 28.60,   2.70E-012, 
 28.70,   3.33E-012, 
 28.80,  -8.84E-013, 
 28.90,  -2.01E-013, 
 29.00,   5.79E-013, 
 29.10,   3.43E-013, 
 29.20,   1.55E-012, 
 29.30,   3.90E-012, 
 29.40,  -1.94E-013, 
 29.50,  -1.70E-012, 
 29.60,  -2.84E-013, 
 29.70,  -6.70E-013, 
 29.80,   9.63E-014, 
 29.90,   1.59E-012, 
 30.00,   9.88E-013, 
 30.10,   8.94E-013, 
 30.20,   1.15E-012, 
 30.30,   1.09E-012, 
 30.40,   6.65E-013, 
 30.50,   2.69E-013, 
 30.60,   2.50E-013, 
 30.70,   3.51E-013, 
 30.80,  -1.01E-012, 
 30.90,  -1.41E-012, 
 31.00,   2.13E-012, 
 31.10,   6.88E-013, 
 31.20,   1.67E-013, 
 31.30,   4.29E-013, 
 31.40,   5.80E-013, 
 31.50,   2.03E-012, 
 31.60,   2.89E-013, 
 31.70,   4.49E-013, 
 31.80,   1.01E-012, 
 31.90,   2.53E-012, 
 32.00,   3.23E-012, 
 32.10,   2.43E-012, 
 32.20,   2.97E-012, 
 32.30,   2.75E-012, 
 32.40,   2.72E-012, 
 32.50,   5.75E-013, 
 32.60,  -1.32E-012, 
 32.70,   8.19E-013, 
 32.80,   6.94E-013, 
 32.90,   6.81E-013, 
 33.00,   3.14E-013, 
 33.10,   6.79E-013, 
 33.20,  -1.49E-012, 
 33.30,  -2.31E-012, 
 33.40,   1.34E-012, 
 33.50,   1.72E-012, 
 33.60,   7.04E-013, 
 33.70,   3.53E-013, 
 33.80,   5.77E-013, 
 33.90,   4.03E-013, 
 34.00,  -1.16E-013, 
 34.10,   1.19E-013, 
 34.20,   1.29E-013, 
 34.30,  -1.73E-013, 
 34.40,   7.13E-015, 
 34.50,  -1.68E-013, 
 34.60,   3.21E-014, 
 34.70,   5.30E-013, 
 34.80,   5.77E-013, 
 34.90,   5.77E-013, 
 35.00,   3.80E-012, 
 35.10,   2.55E-012, 
 35.20,  -1.94E-012, 
 35.30,  -6.25E-013, 
 35.40,  -1.75E-013, 
 35.50,  -2.65E-013, 
 35.60,  -3.26E-013, 
 35.70,   5.06E-013, 
 35.80,  -1.50E-013, 
 35.90,   6.06E-014, 
 36.00,   6.40E-013, 
 36.10,   4.59E-013, 
 36.20,  -2.54E-013, 
 36.30,   4.45E-013, 
 36.40,   4.03E-013, 
 36.50,   1.07E-012, 
 36.60,   3.92E-012, 
 36.70,   1.31E-012, 
 36.80,  -1.22E-012, 
 36.90,  -4.10E-012, 
 37.00,  -8.68E-013, 
 37.10,   1.75E-012, 
 37.20,   1.00E-012, 
 37.30,   6.55E-013, 
 37.40,   2.17E-013, 
 37.50,   2.29E-013, 
 37.60,   5.37E-013, 
 37.70,   1.89E-013, 
 37.80,   9.19E-014, 
 37.90,   2.64E-013, 
 38.00,   6.30E-013, 
 38.10,   2.32E-013, 
 38.20,  -1.20E-013, 
 38.30,   2.58E-013, 
 38.40,  -3.72E-013, 
 38.50,   5.06E-013, 
 38.60,   7.90E-013, 
 38.70,   2.75E-013, 
 38.80,   1.04E-012, 
 38.90,   8.32E-013, 
 39.00,   4.30E-012, 
 39.10,   1.75E-012, 
 39.20,  -2.22E-012, 
 39.30,  -7.04E-013, 
 39.40,  -3.05E-012, 
 39.50,   1.56E-012, 
 39.60,   2.44E-012, 
 39.70,   6.85E-012, 
 39.80,   7.59E-012, 
 39.90,   1.11E-011, 
 40.00,   1.00E-011, 
 40.10,   1.42E-011, 
 40.20,   1.29E-011, 
 40.30,   9.33E-012, 
 40.40,   3.99E-012, 
 40.50,   1.71E-012, 
 40.60,   2.52E-012, 
 40.70,   7.11E-012, 
 40.80,   7.85E-012, 
 40.90,   9.44E-012, 
 41.00,   1.11E-011, 
 41.10,   1.37E-011, 
 41.20,   1.67E-011, 
 41.30,   1.69E-011, 
 41.40,   1.36E-011, 
 41.50,   1.49E-011, 
 41.60,   2.27E-011, 
 41.70,   3.47E-011, 
 41.80,   4.11E-011, 
 41.90,   4.77E-011, 
 42.00,   5.32E-011, 
 42.10,   5.72E-011, 
 42.20,   5.53E-011, 
 42.30,   3.62E-011, 
 42.40,   1.40E-011, 
 42.50,   7.29E-012, 
 42.60,   5.85E-012, 
 42.70,   7.55E-012, 
 42.80,   9.63E-012, 
 42.90,   1.15E-011, 
 43.00,   1.50E-011, 
 43.10,   1.74E-011, 
 43.20,   1.72E-011, 
 43.30,   1.12E-011, 
 43.40,   3.67E-012, 
 43.50,   3.93E-012, 
 43.60,   3.11E-012, 
 43.70,   4.00E-013, 
 43.80,  -5.06E-012, 
 43.90,   3.83E-014, 
 44.00,   1.93E-012, 
 44.10,   5.81E-013, 
 44.20,   7.13E-013, 
 44.30,   1.15E-012, 
 44.40,   9.43E-013, 
 44.50,   6.34E-013, 
 44.60,  -2.72E-013, 
 44.70,  -2.62E-013, 
 44.80,   7.94E-014, 
 44.90,   1.77E-013, 
 45.00,   5.82E-013, 
 45.10,   7.70E-013, 
 45.20,  -1.04E-013, 
 45.30,   2.32E-012, 
 45.40,   3.30E-012, 
 45.50,  -1.32E-012, 
 45.60,  -1.03E-012, 
 45.70,  -3.42E-013, 
 45.80,  -5.50E-013, 
 45.90,   2.59E-013, 
 46.00,  -6.06E-014, 
 46.10,  -1.82E-013, 
 46.20,   2.59E-014, 
 46.30,  -2.33E-013, 
 46.40,  -2.16E-012, 
 46.50,  -1.96E-012, 
 46.60,   1.51E-012, 
 46.70,   1.76E-012, 
 46.80,   1.34E-012, 
 46.90,  -1.94E-013, 
 47.00,  -2.32E-013, 
 47.10,   1.13E-013, 
 47.20,   4.64E-014, 
 47.30,   2.04E-013, 
 47.40,   8.44E-013, 
 47.50,   4.30E-013, 
 47.60,  -2.89E-013, 
 47.70,   4.24E-013, 
 47.80,   4.06E-013, 
 47.90,   8.65E-013, 
 48.00,  -4.76E-013, 
 48.10,   8.38E-014, 
 48.20,   3.44E-013, 
 48.30,  -1.35E-013, 
 48.40,   2.24E-013, 
 48.50,   4.49E-013, 
 48.60,   5.61E-013, 
 48.70,  -7.76E-014, 
 48.80,  -9.10E-014, 
 48.90,   5.83E-013, 
 49.00,   1.62E-013, 
 49.10,   5.25E-013, 
 49.20,   5.39E-013, 
 49.30,   8.39E-013, 
 49.40,   4.10E-013, 
 49.50,   3.68E-013, 
 49.60,   2.94E-013, 
 49.70,   3.83E-014, 
 49.80,   2.84E-013, 
 49.90,   2.87E-013, 
 50.00,   3.09E-013, 
 50.10,  -2.49E-013, 
 50.20,   7.88E-013, 
 50.30,   3.96E-013, 
 50.40,   6.60E-013, 
 50.50,  -1.69E-014, 
 50.60,   2.31E-013, 
 50.70,  -2.94E-012, 
 50.80,  -1.26E-012, 
 50.90,   2.23E-012, 
 51.00,   1.55E-012, 
 51.10,   8.80E-013, 
 51.20,   6.01E-013, 
 51.30,   1.43E-013, 
 51.40,   3.57E-013, 
 51.50,   4.53E-013, 
 51.60,   1.26E-013, 
 51.70,   1.26E-013, 
 51.80,  -1.21E-013, 
 51.90,  -2.26E-013, 
 52.00,   2.74E-013, 
 52.10,   3.98E-013, 
 52.20,   1.80E-012, 
 52.30,   2.75E-012, 
 52.40,  -3.76E-013, 
 52.50,  -6.21E-013, 
 52.60,  -4.00E-013, 
 52.70,  -1.37E-013, 
 52.80,  -6.96E-014, 
 52.90,  -4.37E-014, 
 53.00,   3.42E-013, 
 53.10,   4.22E-013, 
 53.20,   3.48E-013, 
 53.30,   2.68E-013, 
 53.40,   5.46E-013, 
 53.50,   3.25E-013, 
 53.60,  -1.34E-014, 
 53.70,   1.12E-013, 
 53.80,  -7.31E-014, 
 53.90,   6.27E-013, 
 54.00,   4.49E-013, 
 54.10,   2.94E-013, 
 54.20,  -1.78E-014, 
 54.30,   5.09E-013, 
 54.40,   6.27E-013, 
 54.50,  -3.91E-013, 
 54.60,   2.70E-013, 
 54.70,   5.76E-013, 
 54.80,   1.52E-013, 
 54.90,   1.99E-013, 
 55.00,   4.76E-013, 
 55.10,   4.92E-013, 
 55.20,   2.10E-013, 
 55.30,   1.72E-013, 
 55.40,   6.36E-013, 
 55.50,  -2.84E-013, 
 55.60,  -2.43E-013, 
 55.70,   2.78E-013, 
 55.80,   2.71E-013, 
 55.90,   5.22E-013, 
 56.00,   2.59E-013, 
 56.10,  -2.37E-013, 
 56.20,  -2.42E-013, 
 56.30,  -6.76E-013, 
 56.40,  -2.82E-013, 
 56.50,   1.38E-013, 
 56.60,   3.54E-013, 
 56.70,   4.82E-014, 
 56.80,  -2.44E-013, 
 56.90,  -3.12E-014, 
 57.00,   2.23E-014, 
 57.10,   4.02E-013, 
 57.20,  -8.29E-014, 
 57.30,   4.82E-014, 
 57.40,   3.41E-013, 
 57.50,   2.64E-013, 
 57.60,  -3.30E-014, 
 57.70,   5.53E-014, 
 57.80,   3.10E-013, 
 57.90,   6.96E-013, 
 58.00,   9.42E-013, 
 58.10,   3.26E-012, 
 58.20,   2.41E-012, 
 58.30,  -1.09E-012, 
 58.40,  -1.07E-012, 
 58.50,  -3.66E-013, 
 58.60,  -3.62E-013, 
 58.70,  -2.03E-013, 
 58.80,  -2.59E-014, 
 58.90,   5.78E-013, 
 59.00,   5.11E-013, 
 59.10,   9.53E-013, 
 59.20,   9.81E-015, 
 59.30,   3.34E-013, 
 59.40,   5.93E-013, 
 59.50,   5.33E-013, 
 59.60,  -2.59E-014, 
 59.70,  -1.27E-013, 
 59.80,   3.67E-013, 
 59.90,   6.96E-014, 
 60.00,   3.13E-013, 
 60.10,   4.53E-013, 
 60.20,   5.15E-013, 
 60.30,   3.83E-013, 
 60.40,   2.09E-013, 
 60.50,  -3.19E-012, 
 60.60,  -1.27E-013, 
 60.70,   1.79E-012, 
 60.80,   1.61E-012, 
 60.90,   4.77E-013, 
 61.00,  -2.22E-013, 
 61.10,   4.49E-013, 
 61.20,  -2.25E-013, 
 61.30,  -1.66E-012, 
 61.40,  -2.04E-012, 
 61.50,   5.02E-013, 
 61.60,   1.50E-012, 
 61.70,   1.36E-012, 
 61.80,  -2.17E-013, 
 61.90,   4.33E-013, 
 62.00,   4.93E-013, 
 62.10,   1.34E-013, 
 62.20,   3.59E-013, 
 62.30,   2.43E-013, 
 62.40,   5.44E-014, 
 62.50,  -2.85E-012, 
 62.60,  -2.02E-012, 
 62.70,   1.40E-012, 
 62.80,   1.39E-012, 
 62.90,   8.56E-013, 
 63.00,   1.10E-012, 
 63.10,   8.89E-013, 
 63.20,  -4.13E-013, 
 63.30,  -1.28E-013, 
 63.40,   8.02E-013, 
 63.50,   1.38E-013, 
 63.60,   3.48E-014, 
 63.70,  -1.17E-013, 
 63.80,   6.63E-013, 
 63.90,   4.21E-013, 
 64.00,   1.96E-014, 
 64.10,   4.99E-014, 
 64.20,   4.20E-013, 
 64.30,   3.48E-013, 
 64.40,   6.38E-013, 
 64.50,  -4.19E-014, 
 64.60,   1.49E-013, 
 64.70,   2.37E-013, 
 64.80,   9.23E-013, 
 64.90,  -2.69E-013, 
 65.00,   4.01E-013, 
 65.10,   3.72E-013, 
 65.20,  -1.22E-013, 
 65.30,   7.95E-013, 
 65.40,   4.86E-013, 
 65.50,   1.09E-012, 
 65.60,   4.41E-013, 
 65.70,  -4.80E-013, 
 65.80,  -4.27E-013, 
 65.90,  -1.76E-013, 
 66.00,   6.60E-014, 
 66.10,  -1.14E-013, 
 66.20,   2.80E-013, 
 66.30,   2.75E-013, 
 66.40,   2.91E-013, 
 66.50,   1.28E-013, 
 66.60,  -8.47E-014, 
 66.70,  -3.20E-013, 
 66.80,   5.81E-013, 
 66.90,  -8.11E-014, 
 67.00,   3.25E-013, 
 67.10,   4.41E-013, 
 67.20,   7.87E-013, 
 67.30,   5.57E-013, 
 67.40,   3.77E-013, 
 67.50,  -3.39E-012, 
 67.60,  -1.66E-012, 
 67.70,   1.98E-012, 
 67.80,   1.27E-012, 
 67.90,   5.23E-013, 
 68.00,   2.44E-013, 
 68.10,   5.71E-013, 
 68.20,   7.22E-013, 
 68.30,   1.87E-014, 
 68.40,   2.45E-013, 
 68.50,   7.01E-013, 
 68.60,   4.03E-013, 
 68.70,   3.21E-014, 
 68.80,   4.87E-013, 
 68.90,   4.25E-013, 
 69.00,   4.99E-013, 
 69.10,  -1.88E-013, 
 69.20,  -1.07E-013, 
 69.30,   2.40E-013, 
 69.40,   4.85E-013, 
 69.50,   3.82E-013, 
 69.60,   7.57E-013, 
 69.70,   4.16E-013, 
 69.80,   2.45E-013, 
 69.90,   6.06E-013, 
 70.00,   7.70E-013, 
 70.10,   6.35E-013, 
 70.20,   5.66E-013, 
 70.30,   1.33E-013, 
 70.40,   1.32E-013, 
 70.50,   3.80E-013, 
 70.60,   5.07E-013, 
 70.70,   5.18E-013, 
 70.80,   6.84E-013, 
 70.90,   5.80E-014, 
 71.00,  -3.13E-012, 
 71.10,  -1.73E-012, 
 71.20,   2.13E-012, 
 71.30,   9.08E-013, 
 71.40,   6.35E-013, 
 71.50,   7.21E-013, 
 71.60,   7.62E-013, 
 71.70,   2.44E-013, 
 71.80,  -1.57E-013, 
 71.90,  -2.06E-013, 
 72.00,   6.51E-014, 
 72.10,  -2.39E-013, 
 72.20,  -4.82E-014, 
 72.30,   1.66E-013, 
 72.40,   2.63E-013, 
 72.50,   6.32E-013, 
 72.60,  -2.59E-014, 
 72.70,  -3.31E-013, 
 72.80,   1.94E-013, 
 72.90,   2.52E-013, 
 73.00,   2.83E-013, 
 73.10,   2.58E-013, 
 73.20,   2.15E-013, 
 73.30,   4.40E-013, 
 73.40,   2.59E-013, 
 73.50,   4.55E-013, 
 73.60,   4.65E-013, 
 73.70,  -6.78E-014, 
 73.80,   7.10E-013, 
 73.90,   8.07E-013, 
 74.00,   1.12E-012, 
 74.10,   5.01E-013, 
 74.20,   4.53E-013, 
 74.30,   5.35E-015, 
 74.40,   1.53E-013, 
 74.50,   1.12E-013, 
 74.60,   2.05E-013, 
 74.70,   2.25E-013, 
 74.80,  -1.56E-013, 
 74.90,  -3.34E-013, 
 75.00,   3.57E-014, 
 75.10,   4.46E-014, 
 75.20,   2.53E-013, 
 75.30,  -2.85E-014, 
 75.40,   1.67E-013, 
 75.50,  -1.85E-013, 
 75.60,  -4.24E-013, 
 75.70,   2.82E-013, 
 75.80,   3.51E-013, 
 75.90,   6.13E-013, 
 76.00,  -2.03E-012, 
 76.10,  -1.80E-012, 
 76.20,   1.95E-012, 
 76.30,   1.11E-012, 
 76.40,   8.79E-013, 
 76.50,   5.84E-013, 
 76.60,   9.64E-013, 
 76.70,   4.34E-013, 
 76.80,   4.65E-013, 
 76.90,  -2.43E-013, 
 77.00,   1.38E-013, 
 77.10,   3.65E-013, 
 77.20,   4.26E-013, 
 77.30,   8.42E-013, 
 77.40,   1.09E-013, 
 77.50,   5.53E-013, 
 77.60,   1.77E-013, 
 77.70,   3.15E-013, 
 77.80,   2.51E-012, 
 77.90,   4.07E-012, 
 78.00,   2.86E-012, 
 78.10,   2.15E-012, 
 78.20,   2.82E-012, 
 78.30,   2.37E-012, 
 78.40,   1.26E-012, 
 78.50,  -1.66E-012, 
 78.60,  -7.48E-013, 
 78.70,  -6.04E-013, 
 78.80,  -2.04E-013, 
 78.90,   3.81E-013, 
 79.00,   3.02E-013, 
 79.10,   2.87E-013, 
 79.20,   3.25E-013, 
 79.30,   5.80E-014, 
 79.40,   2.63E-012, 
 79.50,   2.46E-012, 
 79.60,  -1.57E-012, 
 79.70,   1.41E-012, 
 79.80,   6.33E-012, 
 79.90,   5.90E-012, 
 80.00,   7.21E-012, 
 80.10,   1.00E-011, 
 80.20,   1.25E-011, 
 80.30,   9.97E-012, 
 80.40,   5.78E-012, 
 80.50,   3.39E-012, 
 80.60,   1.94E-012, 
 80.70,   3.79E-013, 
 80.80,  -1.36E-012, 
 80.90,   6.24E-015, 
 81.00,   3.46E-013, 
 81.10,   2.37E-013, 
 81.20,   3.58E-012, 
 81.30,   3.60E-012, 
 81.40,   2.48E-012, 
 81.50,   2.33E-012, 
 81.60,   3.56E-012, 
 81.70,   9.24E-012, 
 81.80,   2.35E-011, 
 81.90,   3.16E-011, 
 82.00,   4.38E-011, 
 82.10,   6.08E-011, 
 82.20,   6.27E-011, 
 82.30,   4.18E-011, 
 82.40,   2.01E-011, 
 82.50,   1.02E-011, 
 82.60,   5.60E-012, 
 82.70,   8.15E-012, 
 82.80,   2.49E-011, 
 82.90,   3.61E-011, 
 83.00,   4.57E-011, 
 83.10,   6.33E-011, 
 83.20,   6.57E-011, 
 83.30,   4.68E-011, 
 83.40,   2.49E-011, 
 83.50,   1.44E-011, 
 83.60,   1.62E-011, 
 83.70,   5.33E-011, 
 83.80,   1.42E-010, 
 83.90,   1.65E-010, 
 84.00,   2.29E-010, 
 84.10,   3.11E-010, 
 84.20,   2.96E-010, 
 84.30,   1.57E-010, 
 84.40,   5.87E-011, 
 84.50,   1.41E-011, 
 84.60,   6.07E-012, 
 84.70,   3.62E-012, 
 84.80,   2.28E-012, 
 84.90,   2.30E-012, 
 85.00,   2.29E-012, 
 85.10,   2.26E-012, 
 85.20,  -3.77E-013, 
 85.30,  -3.35E-012, 
 85.40,   3.40E-013, 
 85.50,   5.74E-012, 
 85.60,   5.67E-012, 
 85.70,   1.22E-011, 
 85.80,   3.21E-011, 
 85.90,   4.37E-011, 
 86.00,   6.10E-011, 
 86.10,   8.75E-011, 
 86.20,   8.63E-011, 
 86.30,   5.55E-011, 
 86.40,   2.54E-011, 
 86.50,   9.07E-012, 
 86.60,   4.10E-012, 
 86.70,   1.67E-012, 
 86.80,  -1.24E-012, 
 86.90,  -5.90E-013, 
 87.00,  -2.76E-014, 
 87.10,   8.31E-013, 
 87.20,  -2.50E-014, 
 87.30,   6.42E-014, 
 87.40,   5.40E-013, 
 87.50,  -1.32E-013, 
 87.60,   6.06E-013, 
 87.70,   9.44E-013, 
 87.80,   5.56E-013, 
 87.90,   1.33E-013, 
 88.00,   3.50E-013, 
 88.10,   9.19E-014, 
 88.20,   2.44E-013, 
 88.30,   2.07E-012, 
 88.40,   2.86E-012, 
 88.50,  -1.55E-012, 
 88.60,  -3.93E-013, 
 88.70,   1.49E-013, 
 88.80,   8.03E-014, 
 88.90,  -2.75E-012, 
 89.00,  -1.71E-012, 
 89.10,  -2.91E-013, 
 89.20,   2.12E-012, 
 89.30,   1.24E-012, 
 89.40,   3.75E-013, 
 89.50,   1.62E-013, 
 89.60,   3.16E-013, 
 89.70,   5.06E-013, 
 89.80,   2.37E-013, 
 89.90,   2.28E-013, 
 90.00,  -8.92E-016, 
