Aug 20, 2026  10:53:28 AM
Residual Gas Analyzer Software 
Software Version, 3.214.004

Analog Scan Setup:

Data Points in Scan, 891 
Units, Torr 
Noise Floor, 2 
CEM Status, OFF 
Points Per AMU, 10
Scan Start Mass, 1, amu 
Scan Stop Mass, 90, amu
Focus Voltage, 90, Volts 
Ion Energy, HIGH 
Electron Energy, 70, eV 
CEM Voltage, 1159, Volts
CEM Gain, 1.01E+003 
Sensitivity Factor, 1.11E-004 
Filament Current, 1.00, mAmps


  1.00,   3.05E-009, 
  1.10,   3.27E-009, 
  1.20,   4.00E-009, 
  1.30,   4.95E-009, 
  1.40,   6.61E-009, 
  1.50,   8.23E-009, 
  1.60,   7.68E-009, 
  1.70,   6.35E-009, 
  1.80,   5.13E-009, 
  1.90,   4.29E-009, 
  2.00,   3.71E-009, 
  2.10,   3.61E-009, 
  2.20,   3.38E-009, 
  2.30,   3.22E-009, 
  2.40,   2.77E-009, 
  2.50,   1.65E-009, 
  2.60,   9.62E-010, 
  2.70,   5.68E-010, 
  2.80,   4.72E-010, 
  2.90,   4.19E-010, 
  3.00,   2.85E-010, 
  3.10,   3.12E-010, 
  3.20,   2.91E-010, 
  3.30,   3.31E-010, 
  3.40,   3.94E-010, 
  3.50,   4.81E-010, 
  3.60,   7.42E-010, 
  3.70,   1.74E-009, 
  3.80,   2.96E-009, 
  3.90,   4.02E-009, 
  4.00,   5.35E-009, 
  4.10,   7.06E-009, 
  4.20,   7.93E-009, 
  4.30,   7.80E-009, 
  4.40,   5.90E-009, 
  4.50,   3.14E-009, 
  4.60,   1.50E-009, 
  4.70,   7.91E-010, 
  4.80,   4.15E-010, 
  4.90,   3.00E-010, 
  5.00,   2.66E-010, 
  5.10,   2.97E-010, 
  5.20,   2.60E-010, 
  5.30,  -2.07E-010, 
  5.40,   4.21E-010, 
  5.50,   3.31E-010, 
  5.60,   2.67E-010, 
  5.70,  -6.32E-012, 
  5.80,  -3.15E-010, 
  5.90,  -2.29E-010, 
  6.00,   3.58E-010, 
  6.10,   3.22E-010, 
  6.20,   3.36E-010, 
  6.30,  -5.42E-012, 
  6.40,  -2.97E-010, 
  6.50,   3.48E-010, 
  6.60,   4.20E-010, 
  6.70,   1.74E-010, 
  6.80,  -5.42E-011, 
  6.90,  -3.92E-010, 
  7.00,  -2.31E-010, 
  7.10,   2.73E-010, 
  7.20,   1.73E-010, 
  7.30,  -2.35E-011, 
  7.40,  -1.65E-010, 
  7.50,   4.86E-010, 
  7.60,   3.59E-010, 
  7.70,   1.67E-010, 
  7.80,  -4.18E-010, 
  7.90,  -2.66E-010, 
  8.00,  -2.18E-010, 
  8.10,   4.25E-010, 
  8.20,   2.80E-010, 
  8.30,   2.03E-010, 
  8.40,   2.46E-010, 
  8.50,  -2.92E-010, 
  8.60,   2.27E-010, 
  8.70,   2.51E-010, 
  8.80,  -3.22E-010, 
  8.90,  -3.48E-010, 
  9.00,  -1.05E-010, 
  9.10,   3.12E-010, 
  9.20,   2.98E-010, 
  9.30,   2.76E-010, 
  9.40,  -2.56E-010, 
  9.50,  -2.24E-010, 
  9.60,   4.02E-010, 
  9.70,   3.59E-010, 
  9.80,   2.90E-010, 
  9.90,   2.86E-010, 
 10.00,   1.73E-010, 
 10.10,  -3.05E-010, 
 10.20,  -1.43E-010, 
 10.30,   4.37E-010, 
 10.40,  -5.42E-011, 
 10.50,  -3.49E-010, 
 10.60,  -2.39E-010, 
 10.70,   4.79E-010, 
 10.80,   2.80E-010, 
 10.90,   1.74E-010, 
 11.00,   2.73E-010, 
 11.10,   7.32E-011, 
 11.20,  -8.40E-011, 
 11.30,   5.02E-010, 
 11.40,   2.43E-010, 
 11.50,   1.72E-010, 
 11.60,  -4.71E-010, 
 11.70,  -6.68E-011, 
 11.80,   5.28E-010, 
 11.90,   3.40E-010, 
 12.00,   1.99E-010, 
 12.10,   2.71E-010, 
 12.20,   4.09E-010, 
 12.30,   2.34E-010, 
 12.40,   2.24E-010, 
 12.50,   1.66E-010, 
 12.60,  -1.13E-010, 
 12.70,  -3.94E-010, 
 12.80,   8.22E-011, 
 12.90,   1.99E-010, 
 13.00,  -3.36E-010, 
 13.10,  -3.04E-010, 
 13.20,   3.47E-010, 
 13.30,   2.63E-010, 
 13.40,   1.73E-010, 
 13.50,  -2.89E-010, 
 13.60,  -2.21E-010, 
 13.70,   5.37E-010, 
 13.80,   5.10E-010, 
 13.90,   5.12E-010, 
 14.00,   5.28E-010, 
 14.10,   4.76E-010, 
 14.20,   2.85E-010, 
 14.30,   3.53E-010, 
 14.40,   4.07E-010, 
 14.50,   3.49E-010, 
 14.60,   2.07E-010, 
 14.70,   2.51E-010, 
 14.80,   4.16E-010, 
 14.90,   2.94E-010, 
 15.00,   2.39E-010, 
 15.10,  -3.32E-010, 
 15.20,   1.64E-010, 
 15.30,   2.57E-010, 
 15.40,   1.62E-010, 
 15.50,   1.81E-010, 
 15.60,   3.09E-010, 
 15.70,   5.38E-010, 
 15.80,   5.29E-010, 
 15.90,   6.74E-010, 
 16.00,   9.00E-010, 
 16.10,   1.05E-009, 
 16.20,   1.14E-009, 
 16.30,   8.96E-010, 
 16.40,   7.14E-010, 
 16.50,   4.61E-010, 
 16.60,   3.86E-010, 
 16.70,   7.85E-010, 
 16.80,   1.26E-009, 
 16.90,   1.56E-009, 
 17.00,   2.21E-009, 
 17.10,   2.71E-009, 
 17.20,   2.87E-009, 
 17.30,   2.54E-009, 
 17.40,   1.77E-009, 
 17.50,   1.13E-009, 
 17.60,   1.53E-009, 
 17.70,   3.76E-009, 
 17.80,   5.75E-009, 
 17.90,   7.71E-009, 
 18.00,   1.05E-008, 
 18.10,   1.24E-008, 
 18.20,   1.32E-008, 
 18.30,   1.19E-008, 
 18.40,   7.48E-009, 
 18.50,   3.48E-009, 
 18.60,   1.91E-009, 
 18.70,   1.15E-009, 
 18.80,   7.93E-010, 
 18.90,   7.30E-010, 
 19.00,   8.80E-010, 
 19.10,   1.09E-009, 
 19.20,   1.62E-009, 
 19.30,   2.65E-009, 
 19.40,   5.94E-009, 
 19.50,   1.95E-008, 
 19.60,   1.45E-007, 
 19.70,   3.04E-007, 
 19.80,   3.12E-007, 
 19.90,   4.18E-007, 
 20.00,   4.87E-007, 
 20.10,   5.28E-007, 
 20.20,   4.42E-007, 
 20.30,   3.18E-007, 
 20.40,   4.91E-008, 
 20.50,   1.16E-008, 
 20.60,   5.19E-009, 
 20.70,   2.88E-009, 
 20.80,   1.73E-009, 
 20.90,   1.26E-009, 
 21.00,   9.59E-010, 
 21.10,   6.12E-010, 
 21.20,   5.34E-010, 
 21.30,   2.36E-010, 
 21.40,  -3.13E-010, 
 21.50,   2.39E-010, 
 21.60,   4.27E-010, 
 21.70,   2.20E-010, 
 21.80,   1.87E-010, 
 21.90,  -1.25E-010, 
 22.00,  -2.94E-010, 
 22.10,   2.53E-010, 
 22.20,   3.36E-010, 
 22.30,  -2.57E-010, 
 22.40,   2.06E-010, 
 22.50,   3.03E-010, 
 22.60,  -7.86E-011, 
 22.70,   4.70E-011, 
 22.80,   4.90E-010, 
 22.90,  -7.77E-011, 
 23.00,   1.31E-010, 
 23.10,   2.51E-010, 
 23.20,   1.65E-010, 
 23.30,   1.17E-010, 
 23.40,  -3.47E-010, 
 23.50,  -3.14E-010, 
 23.60,   1.81E-011, 
 23.70,   4.44E-010, 
 23.80,   3.09E-010, 
 23.90,   2.26E-010, 
 24.00,   2.22E-010, 
 24.10,  -3.13E-010, 
 24.20,   1.17E-010, 
 24.30,   3.27E-010, 
 24.40,   1.75E-010, 
 24.50,   3.43E-010, 
 24.60,   2.11E-010, 
 24.70,  -3.55E-010, 
 24.80,  -2.26E-010, 
 24.90,   3.41E-010, 
 25.00,  -2.02E-010, 
 25.10,  -1.56E-010, 
 25.20,   3.86E-010, 
 25.30,   2.30E-010, 
 25.40,   2.98E-011, 
 25.50,  -4.13E-010, 
 25.60,  -4.52E-010, 
 25.70,  -3.18E-010, 
 25.80,  -2.42E-010, 
 25.90,   2.51E-010, 
 26.00,   3.73E-010, 
 26.10,   7.59E-011, 
 26.20,  -4.72E-010, 
 26.30,  -7.95E-011, 
 26.40,   3.53E-010, 
 26.50,  -3.15E-010, 
 26.60,  -2.71E-011, 
 26.70,   3.99E-010, 
 26.80,  -9.39E-011, 
 26.90,  -3.81E-010, 
 27.00,  -2.24E-010, 
 27.10,   4.75E-010, 
 27.20,   4.64E-010, 
 27.30,   2.99E-010, 
 27.40,   2.57E-010, 
 27.50,   2.86E-010, 
 27.60,   8.53E-010, 
 27.70,   2.29E-009, 
 27.80,   3.88E-009, 
 27.90,   5.33E-009, 
 28.00,   6.76E-009, 
 28.10,   7.60E-009, 
 28.20,   8.32E-009, 
 28.30,   8.17E-009, 
 28.40,   5.30E-009, 
 28.50,   2.46E-009, 
 28.60,   1.21E-009, 
 28.70,   6.95E-010, 
 28.80,   5.91E-010, 
 28.90,   3.77E-010, 
 29.00,   2.89E-010, 
 29.10,   4.35E-010, 
 29.20,   3.97E-010, 
 29.30,   2.76E-010, 
 29.40,   2.52E-010, 
 29.50,  -3.79E-010, 
 29.60,   3.70E-010, 
 29.70,   9.22E-010, 
 29.80,   1.08E-009, 
 29.90,   1.17E-009, 
 30.00,   1.49E-009, 
 30.10,   1.74E-009, 
 30.20,   1.93E-009, 
 30.30,   1.97E-009, 
 30.40,   1.30E-009, 
 30.50,   8.83E-010, 
 30.60,   4.48E-010, 
 30.70,   3.94E-010, 
 30.80,   2.06E-010, 
 30.90,  -3.69E-010, 
 31.00,  -4.97E-011, 
 31.10,   3.90E-010, 
 31.20,   2.69E-010, 
 31.30,   3.04E-010, 
 31.40,   2.39E-010, 
 31.50,   4.44E-010, 
 31.60,   7.62E-010, 
 31.70,   2.09E-009, 
 31.80,   3.26E-009, 
 31.90,   4.35E-009, 
 32.00,   5.64E-009, 
 32.10,   6.35E-009, 
 32.20,   6.64E-009, 
 32.30,   6.12E-009, 
 32.40,   3.97E-009, 
 32.50,   2.01E-009, 
 32.60,   1.07E-009, 
 32.70,   5.92E-010, 
 32.80,   4.83E-010, 
 32.90,   2.23E-010, 
 33.00,   1.93E-010, 
 33.10,   1.40E-010, 
 33.20,  -3.83E-010, 
 33.30,   2.67E-010, 
 33.40,   3.14E-010, 
 33.50,  -1.40E-010, 
 33.60,  -2.69E-010, 
 33.70,   3.15E-010, 
 33.80,   2.57E-010, 
 33.90,   2.50E-010, 
 34.00,  -4.93E-010, 
 34.10,  -1.43E-010, 
 34.20,   5.25E-010, 
 34.30,   1.56E-010, 
 34.40,  -4.07E-010, 
 34.50,   3.27E-010, 
 34.60,   3.04E-010, 
 34.70,  -1.89E-010, 
 34.80,  -2.65E-010, 
 34.90,   2.15E-010, 
 35.00,   4.08E-010, 
 35.10,   1.91E-010, 
 35.20,  -1.87E-010, 
 35.30,  -3.97E-011, 
 35.40,   5.71E-010, 
 35.50,   7.28E-010, 
 35.60,   2.14E-009, 
 35.70,   5.04E-009, 
 35.80,   7.45E-009, 
 35.90,   1.01E-008, 
 36.00,   1.25E-008, 
 36.10,   1.40E-008, 
 36.20,   1.40E-008, 
 36.30,   1.20E-008, 
 36.40,   5.93E-009, 
 36.50,   2.84E-009, 
 36.60,   1.45E-009, 
 36.70,   9.83E-010, 
 36.80,   7.40E-010, 
 36.90,   3.64E-010, 
 37.00,   3.41E-010, 
 37.10,   2.88E-010, 
 37.20,  -1.04E-010, 
 37.30,   3.33E-010, 
 37.40,   4.16E-010, 
 37.50,   3.85E-010, 
 37.60,   4.72E-010, 
 37.70,   1.16E-009, 
 37.80,   1.55E-009, 
 37.90,   1.91E-009, 
 38.00,   2.25E-009, 
 38.10,   2.76E-009, 
 38.20,   2.99E-009, 
 38.30,   2.89E-009, 
 38.40,   2.18E-009, 
 38.50,   1.72E-009, 
 38.60,   1.73E-009, 
 38.70,   2.20E-009, 
 38.80,   3.32E-009, 
 38.90,   5.23E-009, 
 39.00,   8.77E-009, 
 39.10,   1.55E-008, 
 39.20,   3.07E-008, 
 39.30,   6.72E-008, 
 39.40,   1.53E-007, 
 39.50,   4.01E-007, 
 39.60,   1.70E-006, 
 39.70,   2.85E-006, 
 39.80,   3.15E-006, 
 39.90,   4.17E-006, 
 40.00,   4.50E-006, 
 40.10,   4.90E-006, 
 40.20,   4.38E-006, 
 40.30,   2.23E-006, 
 40.40,   1.30E-007, 
 40.50,   1.75E-008, 
 40.60,   7.39E-009, 
 40.70,   3.92E-009, 
 40.80,   2.40E-009, 
 40.90,   1.68E-009, 
 41.00,   1.37E-009, 
 41.10,   1.01E-009, 
 41.20,   7.34E-010, 
 41.30,   6.01E-010, 
 41.40,   5.61E-010, 
 41.50,   5.06E-010, 
 41.60,   3.48E-010, 
 41.70,   4.00E-010, 
 41.80,   4.44E-010, 
 41.90,   3.21E-010, 
 42.00,   3.42E-010, 
 42.10,   3.80E-010, 
 42.20,   3.54E-010, 
 42.30,   5.09E-010, 
 42.40,   2.80E-010, 
 42.50,  -2.94E-010, 
 42.60,   2.96E-010, 
 42.70,   3.33E-010, 
 42.80,   2.84E-010, 
 42.90,   2.79E-010, 
 43.00,  -6.05E-011, 
 43.10,  -2.73E-010, 
 43.20,   3.81E-010, 
 43.30,   3.54E-010, 
 43.40,   2.55E-010, 
 43.50,   2.06E-010, 
 43.60,  -1.04E-010, 
 43.70,   4.40E-010, 
 43.80,   5.81E-010, 
 43.90,   7.52E-010, 
 44.00,   9.16E-010, 
 44.10,   1.14E-009, 
 44.20,   1.17E-009, 
 44.30,   1.16E-009, 
 44.40,   7.53E-010, 
 44.50,   4.16E-010, 
 44.60,   2.64E-010, 
 44.70,   2.08E-010, 
 44.80,   1.78E-010, 
 44.90,   1.82E-010, 
 45.00,   2.03E-010, 
 45.10,   1.46E-010, 
 45.20,  -3.38E-010, 
 45.30,   3.89E-010, 
 45.40,   2.45E-010, 
 45.50,   1.70E-010, 
 45.60,  -3.97E-010, 
 45.70,  -1.94E-010, 
 45.80,   3.31E-010, 
 45.90,   3.34E-010, 
 46.00,   3.04E-010, 
 46.10,   2.56E-010, 
 46.20,   2.85E-010, 
 46.30,   3.00E-010, 
 46.40,   2.25E-010, 
 46.50,   2.51E-010, 
 46.60,  -1.46E-010, 
 46.70,  -3.61E-012, 
 46.80,   4.77E-010, 
 46.90,   2.11E-010, 
 47.00,  -4.03E-010, 
 47.10,  -2.89E-010, 
 47.20,  -1.36E-011, 
 47.30,   3.59E-010, 
 47.40,   1.90E-010, 
 47.50,  -4.31E-010, 
 47.60,  -3.49E-010, 
 47.70,  -3.61E-012, 
 47.80,   3.19E-010, 
 47.90,   2.07E-010, 
 48.00,  -4.22E-010, 
 48.10,  -3.22E-010, 
 48.20,  -1.67E-010, 
 48.30,   3.97E-011, 
 48.40,   3.74E-010, 
 48.50,   1.91E-010, 
 48.60,  -4.34E-010, 
 48.70,  -2.99E-010, 
 48.80,   2.44E-011, 
 48.90,   3.56E-010, 
 49.00,  -9.39E-011, 
 49.10,  -3.23E-010, 
 49.20,  -1.45E-011, 
 49.30,   3.44E-010, 
 49.40,   1.79E-010, 
 49.50,  -3.62E-010, 
 49.60,   1.82E-010, 
 49.70,   3.28E-010, 
 49.80,  -1.65E-010, 
 49.90,   1.27E-010, 
 50.00,   2.08E-010, 
 50.10,  -3.47E-010, 
 50.20,   3.01E-010, 
 50.30,   4.16E-010, 
 50.40,  -4.61E-011, 
 50.50,  -3.32E-010, 
 50.60,   5.51E-011, 
 50.70,   3.04E-010, 
 50.80,  -1.24E-010, 
 50.90,  -2.44E-011, 
 51.00,   3.66E-010, 
 51.10,   1.42E-010, 
 51.20,  -5.00E-010, 
 51.30,  -2.98E-010, 
 51.40,  -3.25E-011, 
 51.50,   3.19E-010, 
 51.60,   1.35E-010, 
 51.70,  -3.81E-010, 
 51.80,   2.75E-010, 
 51.90,   4.16E-010, 
 52.00,   3.08E-010, 
 52.10,   2.05E-010, 
 52.20,   2.06E-010, 
 52.30,  -1.87E-010, 
 52.40,  -3.91E-010, 
 52.50,  -2.00E-010, 
 52.60,  -1.07E-010, 
 52.70,   3.76E-010, 
 52.80,   2.57E-010, 
 52.90,   1.53E-010, 
 53.00,  -4.18E-010, 
 53.10,  -2.34E-010, 
 53.20,   2.62E-010, 
 53.30,   2.78E-010, 
 53.40,  -1.10E-010, 
 53.50,  -9.03E-012, 
 53.60,   3.68E-010, 
 53.70,  -2.76E-010, 
 53.80,  -2.55E-010, 
 53.90,   2.99E-010, 
 54.00,   3.73E-010, 
 54.10,   9.39E-011, 
 54.20,  -3.20E-010, 
 54.30,   3.59E-010, 
 54.40,   2.46E-010, 
 54.50,  -2.94E-010, 
 54.60,  -1.58E-010, 
 54.70,   4.72E-010, 
 54.80,   2.09E-010, 
 54.90,  -4.02E-010, 
 55.00,   1.54E-010, 
 55.10,   1.09E-010, 
 55.20,  -3.52E-010, 
 55.30,  -2.86E-010, 
 55.40,   8.04E-011, 
 55.50,   4.37E-010, 
 55.60,   2.86E-010, 
 55.70,  -1.73E-010, 
 55.80,  -3.09E-010, 
 55.90,  -2.02E-010, 
 56.00,  -1.78E-010, 
 56.10,   3.84E-010, 
 56.20,   2.99E-010, 
 56.30,  -1.07E-010, 
 56.40,  -4.70E-011, 
 56.50,   3.73E-010, 
 56.60,  -5.78E-011, 
 56.70,  -2.85E-010, 
 56.80,   4.21E-010, 
 56.90,   4.36E-010, 
 57.00,  -1.87E-010, 
 57.10,  -2.10E-010, 
 57.20,   4.44E-010, 
 57.30,   3.41E-010, 
 57.40,   2.71E-010, 
 57.50,   9.85E-011, 
 57.60,  -4.47E-010, 
 57.70,  -3.57E-010, 
 57.80,  -2.39E-010, 
 57.90,   8.85E-011, 
 58.00,   4.19E-010, 
 58.10,  -1.61E-010, 
 58.20,  -3.27E-010, 
 58.30,   3.46E-010, 
 58.40,   3.63E-010, 
 58.50,   2.89E-010, 
 58.60,   2.18E-010, 
 58.70,   1.59E-010, 
 58.80,  -2.38E-010, 
 58.90,   4.16E-010, 
 59.00,   4.18E-010, 
 59.10,   2.72E-010, 
 59.20,  -8.85E-011, 
 59.30,  -1.14E-010, 
 59.40,   3.66E-010, 
 59.50,   2.83E-010, 
 59.60,  -3.83E-010, 
 59.70,  -3.56E-010, 
 59.80,   6.78E-011, 
 59.90,   4.22E-010, 
 60.00,   1.96E-010, 
 60.10,  -3.26E-010, 
 60.20,  -2.71E-010, 
 60.30,  -6.32E-012, 
 60.40,   3.69E-010, 
 60.50,   3.02E-010, 
 60.60,   3.29E-010, 
 60.70,   2.10E-010, 
 60.80,  -1.32E-010, 
 60.90,  -1.23E-010, 
 61.00,   5.49E-010, 
 61.10,   4.02E-010, 
 61.20,  -8.40E-011, 
 61.30,  -1.34E-010, 
 61.40,   4.02E-010, 
 61.50,   3.90E-010, 
 61.60,   3.88E-010, 
 61.70,   4.05E-010, 
 61.80,   4.17E-010, 
 61.90,   3.87E-010, 
 62.00,   1.09E-010, 
 62.10,  -3.21E-010, 
 62.20,  -2.12E-010, 
 62.30,   3.50E-010, 
 62.40,   3.75E-010, 
 62.50,   2.71E-010, 
 62.60,   4.61E-011, 
 62.70,  -4.12E-010, 
 62.80,  -1.86E-010, 
 62.90,   4.32E-010, 
 63.00,   3.65E-010, 
 63.10,   3.61E-010, 
 63.20,   2.47E-010, 
 63.30,  -1.31E-010, 
 63.40,  -3.41E-010, 
 63.50,  -2.38E-010, 
 63.60,   4.12E-010, 
 63.70,  -1.78E-010, 
 63.80,  -2.92E-010, 
 63.90,   3.51E-010, 
 64.00,   1.08E-010, 
 64.10,  -2.55E-010, 
 64.20,   1.50E-010, 
 64.30,   3.92E-010, 
 64.40,   1.73E-010, 
 64.50,   3.64E-010, 
 64.60,   2.38E-010, 
 64.70,  -3.50E-010, 
 64.80,  -2.57E-010, 
 64.90,  -2.05E-010, 
 65.00,   3.95E-010, 
 65.10,   4.18E-010, 
 65.20,   2.65E-010, 
 65.30,   2.77E-010, 
 65.40,   4.52E-012, 
 65.50,  -3.39E-010, 
 65.60,   5.87E-011, 
 65.70,   3.96E-010, 
 65.80,   2.17E-010, 
 65.90,   5.51E-011, 
 66.00,  -2.80E-010, 
 66.10,   4.22E-010, 
 66.20,   2.69E-010, 
 66.30,   6.41E-011, 
 66.40,  -4.20E-010, 
 66.50,   1.52E-010, 
 66.60,   4.55E-010, 
 66.70,  -5.42E-011, 
 66.80,  -5.42E-012, 
 66.90,   3.46E-010, 
 67.00,  -2.54E-010, 
 67.10,  -2.83E-010, 
 67.20,   3.68E-010, 
 67.30,   2.43E-010, 
 67.40,  -3.23E-010, 
 67.50,   4.36E-010, 
 67.60,   2.62E-010, 
 67.70,  -2.17E-010, 
 67.80,  -3.00E-010, 
 67.90,   3.45E-010, 
 68.00,   5.10E-010, 
 68.10,   4.81E-010, 
 68.20,   4.12E-010, 
 68.30,   6.32E-012, 
 68.40,  -2.46E-010, 
 68.50,   1.26E-010, 
 68.60,   1.99E-010, 
 68.70,  -3.26E-010, 
 68.80,   2.79E-010, 
 68.90,   4.35E-010, 
 69.00,   6.78E-011, 
 69.10,  -2.76E-010, 
 69.20,   4.46E-010, 
 69.30,   2.90E-010, 
 69.40,   3.69E-010, 
 69.50,   3.68E-010, 
 69.60,   6.41E-011, 
 69.70,  -3.58E-010, 
 69.80,   2.85E-010, 
 69.90,   4.35E-010, 
 70.00,   4.32E-010, 
 70.10,   2.81E-010, 
 70.20,  -2.04E-010, 
 70.30,  -2.87E-010, 
 70.40,   8.40E-011, 
 70.50,   3.65E-010, 
 70.60,  -1.91E-010, 
 70.70,  -1.58E-010, 
 70.80,   3.43E-010, 
 70.90,   1.54E-010, 
 71.00,  -3.00E-010, 
 71.10,   4.62E-010, 
 71.20,   3.91E-010, 
 71.30,  -1.98E-010, 
 71.40,   3.48E-010, 
 71.50,   3.20E-010, 
 71.60,   2.98E-010, 
 71.70,   7.68E-011, 
 71.80,  -2.82E-010, 
 71.90,  -1.64E-010, 
 72.00,   5.20E-010, 
 72.10,   3.99E-010, 
 72.20,   3.79E-010, 
 72.30,   1.35E-010, 
 72.40,  -3.22E-010, 
 72.50,   2.28E-010, 
 72.60,   4.11E-010, 
 72.70,   3.04E-010, 
 72.80,  -1.18E-010, 
 72.90,  -2.49E-010, 
 73.00,   3.40E-010, 
 73.10,   3.01E-010, 
 73.20,  -1.48E-010, 
 73.30,   1.07E-010, 
 73.40,   1.92E-010, 
 73.50,  -3.14E-010, 
 73.60,   1.69E-010, 
 73.70,   4.18E-010, 
 73.80,   8.49E-011, 
 73.90,  -3.68E-010, 
 74.00,  -2.04E-010, 
 74.10,   8.76E-011, 
 74.20,   4.41E-010, 
 74.30,   3.50E-010, 
 74.40,  -1.18E-010, 
 74.50,   1.02E-010, 
 74.60,   4.88E-010, 
 74.70,   3.46E-010, 
 74.80,   1.73E-010, 
 74.90,  -3.88E-010, 
 75.00,  -1.74E-010, 
 75.10,  -1.88E-010, 
 75.20,   4.27E-010, 
 75.30,   3.47E-010, 
 75.40,   2.86E-010, 
 75.50,   1.26E-011, 
 75.60,  -4.57E-010, 
 75.70,  -2.73E-010, 
 75.80,   1.27E-010, 
 75.90,   5.87E-010, 
 76.00,   3.92E-010, 
 76.10,   3.69E-010, 
 76.20,   2.48E-010, 
 76.30,  -3.79E-010, 
 76.40,  -2.28E-010, 
 76.50,  -2.30E-010, 
 76.60,   4.59E-010, 
 76.70,   2.22E-010, 
 76.80,   1.52E-010, 
 76.90,  -4.67E-010, 
 77.00,  -2.76E-010, 
 77.10,  -1.85E-010, 
 77.20,   1.12E-010, 
 77.30,   3.66E-010, 
 77.40,   1.05E-010, 
 77.50,  -4.18E-010, 
 77.60,  -3.33E-010, 
 77.70,   1.02E-010, 
 77.80,   2.32E-010, 
 77.90,  -3.89E-010, 
 78.00,   1.64E-010, 
 78.10,   3.44E-010, 
 78.20,   2.79E-010, 
 78.30,  -1.52E-010, 
 78.40,  -1.48E-010, 
 78.50,   4.15E-010, 
 78.60,   3.52E-010, 
 78.70,   3.56E-010, 
 78.80,   2.98E-011, 
 78.90,  -2.11E-010, 
 79.00,  -1.95E-010, 
 79.10,  -1.94E-010, 
 79.20,   2.49E-010, 
 79.30,   4.37E-010, 
 79.40,   2.99E-010, 
 79.50,  -1.43E-010, 
 79.60,  -2.77E-010, 
 79.70,   3.56E-010, 
 79.80,  -1.68E-010, 
 79.90,  -3.70E-010, 
 80.00,  -2.09E-010, 
 80.10,  -5.42E-012, 
 80.20,   5.36E-010, 
 80.30,   4.57E-010, 
 80.40,   4.16E-011, 
 80.50,  -2.66E-010, 
 80.60,   3.08E-010, 
 80.70,   2.19E-010, 
 80.80,  -2.60E-010, 
 80.90,  -2.37E-010, 
 81.00,   5.33E-011, 
 81.10,   5.22E-010, 
 81.20,   2.75E-010, 
 81.30,   2.33E-010, 
 81.40,   2.73E-010, 
 81.50,   1.46E-010, 
 81.60,  -3.39E-010, 
 81.70,   2.16E-010, 
 81.80,   3.20E-010, 
 81.90,  -2.20E-010, 
 82.00,  -1.44E-010, 
 82.10,   4.95E-010, 
 82.20,   3.47E-010, 
 82.30,   1.10E-010, 
 82.40,  -2.78E-010, 
 82.50,   3.67E-010, 
 82.60,   3.47E-010, 
 82.70,   2.70E-010, 
 82.80,  -1.18E-010, 
 82.90,  -1.93E-010, 
 83.00,   3.56E-010, 
 83.10,   3.32E-010, 
 83.20,   3.94E-010, 
 83.30,   3.48E-010, 
 83.40,   2.09E-010, 
 83.50,   3.13E-010, 
 83.60,   3.56E-010, 
 83.70,   4.81E-010, 
 83.80,   4.75E-010, 
 83.90,   9.58E-011, 
 84.00,   2.19E-010, 
 84.10,   6.70E-010, 
 84.20,   6.52E-010, 
 84.30,   5.59E-010, 
 84.40,   4.38E-010, 
 84.50,   2.33E-010, 
 84.60,  -3.32E-010, 
 84.70,   1.08E-010, 
 84.80,   3.57E-010, 
 84.90,   2.93E-010, 
 85.00,   2.20E-010, 
 85.10,  -2.19E-010, 
 85.20,  -1.47E-010, 
 85.30,   4.70E-010, 
 85.40,   4.32E-010, 
 85.50,   3.59E-010, 
 85.60,  -1.92E-010, 
 85.70,   2.09E-010, 
 85.80,   4.10E-010, 
 85.90,   1.08E-010, 
 86.00,  -2.29E-010, 
 86.10,   4.59E-010, 
 86.20,   5.04E-010, 
 86.30,   3.71E-010, 
 86.40,   4.07E-010, 
 86.50,   4.25E-010, 
 86.60,   4.53E-010, 
 86.70,   5.33E-011, 
 86.80,  -2.45E-010, 
 86.90,   4.39E-010, 
 87.00,   3.15E-010, 
 87.10,  -1.84E-010, 
 87.20,   6.87E-011, 
 87.30,   3.79E-010, 
 87.40,   2.65E-010, 
 87.50,   1.84E-010, 
 87.60,   2.60E-010, 
 87.70,   3.18E-010, 
 87.80,   7.59E-011, 
 87.90,  -2.18E-010, 
 88.00,  -1.31E-010, 
 88.10,   5.56E-010, 
 88.20,   2.27E-010, 
 88.30,   1.82E-010, 
 88.40,   2.25E-010, 
 88.50,  -2.40E-010, 
 88.60,   3.65E-010, 
 88.70,   1.65E-010, 
 88.80,  -2.85E-010, 
 88.90,   4.27E-010, 
 89.00,   4.16E-010, 
 89.10,   2.71E-010, 
 89.20,   2.24E-010, 
 89.30,  -2.76E-010, 
 89.40,  -1.09E-010, 
 89.50,   5.85E-010, 
 89.60,   3.42E-010, 
 89.70,   1.45E-011, 
 89.80,  -9.30E-011, 
 89.90,   3.47E-010, 
 90.00,  -2.90E-010, 
