Aug 20, 2026  11:15:01 AM
Residual Gas Analyzer Software 
RGA Software Version, 3.214.004

Pressure vs Time Scan Setup:

Active channels in Scan, 10 
Units, Torr
Sample Period, 1.00, sec
Focus Voltage, 90, Volts 
Ion Energy, HIGH 
Electron Energy, 70, eV 
CEM Voltage, 1159, Volts
CEM Gain, 1.01E+003 
Sensitivity Factor, 1.11E-004 
Filament Current, 1.00, mAmps
Start time, Aug 20, 2026  11:15:01 AM 
Channel,  Mass(amu),     Name,                 Cal Factor,  Noise Floor, CEM Status

1         2.00           Hydrogen              1.00         3            OFF
2         4.00           Helium                1.00         3            OFF
3         26.00          Dummy-26              1.00         3            ON
4         28.00          Nitrogen              1.00         3            ON
5         32.00          Oxygen                1.00         3            ON
6         34.00          Dummy-34              1.00         3            OFF
7         40.00          Argon                 1.00         3            OFF
8         42.00          Dummy-42              1.00         3            ON
9         44.00          CO2                   1.00         3            ON
10        84.00          Krypton               1.00         3            ON


Time(s)      Channel#1   Channel#2   Channel#3   Channel#4   Channel#5   Channel#6   Channel#7   Channel#8   Channel#9   Channel#10  

0.000,   7.0764E-008,   2.6348E-006,   2.9302E-011,   1.8566E-011,   2.0424E-011,   3.1292E-009,   1.5574E-009,   5.7429E-013,   6.6730E-012,   1.1281E-012,  
5.578,   8.0120E-008,   2.8730E-006,   4.4387E-011,   1.8137E-011,   2.1032E-011,   3.0379E-009,   1.7489E-009,   7.1875E-013,   8.8176E-012,   8.7927E-013,  
11.610,   8.3890E-008,   2.9650E-006,   4.9426E-011,   1.8296E-011,   2.1175E-011,   3.3695E-009,   2.0596E-009,   4.7798E-013,   9.4811E-012,   5.7001E-012,  
17.594,   8.4444E-008,   2.9863E-006,   6.7000E-011,   1.6750E-011,   2.1392E-011,   3.2033E-009,   1.9512E-009,  -1.8013E-013,   8.7454E-012,   4.2116E-011,  
23.641,   8.9020E-008,   3.0079E-006,   5.0213E-011,   1.9237E-011,   2.1407E-011,   3.2105E-009,   1.8835E-009,   4.2982E-013,   9.3009E-012,   7.6423E-013,  
29.641,   8.7649E-008,   2.9908E-006,   1.1342E-011,   1.7254E-011,   2.0674E-011,   3.0723E-009,   2.0939E-009,   1.5606E-013,   6.7131E-012,   8.5965E-013,  
35.641,   8.7668E-008,   2.9787E-006,   4.9129E-011,   1.7972E-011,   2.1031E-011,   3.0659E-009,   2.0903E-009,   1.8994E-013,   4.5836E-012,   4.6906E-013,  
41.625,   8.8283E-008,   2.9858E-006,   4.8215E-011,   1.7639E-011,   2.1016E-011,   3.0506E-009,   2.2475E-009,   4.7887E-013,   8.1711E-012,   8.0436E-013,  
47.641,   8.4723E-008,   2.9880E-006,   4.7156E-011,   1.7615E-011,   1.5714E-011,   3.3379E-009,   2.3713E-009,   3.4332E-013,   8.0793E-012,   6.7505E-013,  
53.641,   8.6033E-008,   2.9637E-006,   4.6737E-011,   1.8094E-011,   2.0964E-011,   3.0199E-009,   2.0117E-009,   2.9249E-013,   7.7752E-012,   6.7951E-013,  
59.625,   8.5461E-008,   2.9636E-006,   4.7871E-011,   1.8226E-011,   2.0953E-011,   3.1689E-009,   2.1518E-009,   3.7453E-013,   8.5421E-012,   2.4166E-013,  
65.641,   8.2696E-008,   2.9914E-006,   4.9380E-011,   1.8614E-011,   2.1129E-011,   2.9874E-009,   2.0497E-009,   1.3911E-013,   5.4085E-012,   6.7862E-013,  
71.625,   8.6724E-008,   2.9727E-006,   4.8016E-011,   1.7832E-011,   2.0434E-011,   3.1265E-009,   2.0054E-009,   2.7555E-013,   8.7828E-012,   5.3148E-013,  
77.656,   8.4350E-008,   2.9773E-006,   4.7772E-011,   1.7734E-011,   2.0177E-011,   3.2367E-009,   2.1418E-009,   3.2638E-013,   4.9777E-012,   6.8843E-013,  
83.641,   8.7421E-008,   2.9773E-006,   2.1813E-011,   1.7424E-011,   2.3488E-011,   2.9630E-009,   2.1283E-009,   9.5417E-014,   7.6806E-012,   5.1186E-013,  
89.641,   8.5368E-008,   2.9842E-006,   4.8761E-011,   1.7444E-011,   2.5135E-011,   3.4020E-009,   2.0605E-009,   2.5682E-013,   5.0687E-012,   5.9034E-013,  
95.656,   8.9316E-008,   2.9872E-006,   4.6819E-011,   1.7582E-011,   2.2884E-011,   3.2249E-009,   2.4110E-009,   3.1746E-013,   5.9417E-012,   2.4791E-013,  
101.641,   8.8967E-008,   2.9593E-006,   4.7685E-011,   1.7361E-011,   2.1091E-011,   3.0099E-009,   2.0939E-009,   4.9403E-013,   8.0855E-012,   7.3034E-013,  
107.656,   8.5011E-008,   2.9575E-006,   4.5920E-011,   1.7813E-011,   2.1048E-011,   3.3098E-009,   1.9919E-009,   2.8001E-013,   5.2399E-012,   5.8499E-013,  
113.641,   8.7516E-008,   2.9789E-006,   4.5403E-011,   1.7793E-011,   2.0544E-011,   3.2349E-009,   2.0939E-009,   5.4218E-013,   8.7561E-012,   4.3072E-013,  
119.641,   8.4979E-008,   2.9431E-006,   4.4641E-011,   1.7294E-011,   1.9975E-011,   2.9955E-009,   2.0560E-009,   4.2180E-013,   4.9965E-012,   2.9695E-013,  
125.641,   8.5725E-008,   2.9567E-006,   4.4826E-011,   1.6962E-011,   2.0367E-011,   3.1111E-009,   1.7389E-009,   4.1645E-013,   8.5982E-012,   4.9849E-013,  
131.625,   8.1402E-008,   2.9615E-006,   4.7915E-011,   1.7548E-011,   1.9912E-011,   3.1373E-009,   2.2683E-009,   2.4791E-013,   7.2642E-012,   1.0166E-013,  
137.641,   8.4036E-008,   2.9698E-006,   4.2578E-011,   1.8685E-011,   1.9869E-011,   3.2005E-009,   2.0063E-009,   7.7493E-013,   7.5558E-012,   5.1365E-013,  
143.641,   8.3845E-008,   2.9598E-006,   4.3583E-011,   1.7786E-011,   1.9535E-011,   3.2367E-009,   2.1897E-009,   5.7340E-013,   5.0411E-012,   6.3760E-013,  
149.625,   8.2863E-008,   2.9607E-006,   4.6263E-011,   1.7862E-011,   2.0511E-011,   3.1762E-009,   2.1454E-009,   5.9747E-013,   1.0470E-011,   6.2512E-013,  
155.625,   8.2692E-008,   2.9586E-006,   4.5548E-011,   1.8163E-011,   2.0761E-011,   3.2105E-009,   1.9548E-009,   1.1414E-012,   6.0345E-012,   6.7149E-013,  
161.625,   8.4059E-008,   2.9468E-006,   4.5963E-011,   1.7000E-011,   2.0816E-011,   3.0208E-009,   1.9684E-009,   8.2398E-013,   9.2439E-012,   7.2874E-012,  
167.641,   8.4753E-008,   2.9455E-006,   4.5487E-011,   1.7842E-011,   1.9314E-011,   3.1996E-009,   2.1897E-009,   4.1734E-013,   6.3359E-012,   5.1900E-013,  
173.641,   8.3427E-008,   2.9538E-006,   1.5862E-011,   1.7617E-011,   2.0055E-011,   3.1762E-009,   1.8600E-009,   1.2395E-013,   5.0946E-012,   6.5989E-013,  
179.641,   8.3677E-008,   2.9421E-006,   1.7975E-011,   1.7092E-011,   1.9918E-011,   2.9774E-009,   1.9512E-009,   6.9021E-013,   7.6619E-012,   4.3072E-013,  
185.656,   7.9920E-008,   2.9533E-006,   1.6439E-011,   1.6455E-011,   1.9603E-011,   3.0235E-009,   1.8970E-009,   5.2613E-013,   6.9271E-012,   4.4944E-013,  
191.641,   8.3559E-008,   2.9495E-006,   1.9137E-011,   1.7763E-011,   2.0329E-011,   3.1906E-009,   1.8934E-009,   3.0855E-013,   5.1204E-012,   9.4525E-013,  
197.641,   8.3206E-008,   2.9681E-006,   4.5323E-011,   1.7394E-011,   2.0007E-011,   3.0488E-009,   1.9919E-009,   6.5454E-013,   5.2658E-012,   2.7020E-013,  
203.625,   8.3718E-008,   2.9442E-006,   4.4493E-011,   1.8517E-011,   1.9343E-011,   3.1752E-009,   1.8058E-009,   6.0015E-013,   7.0671E-012,   3.4600E-013,  
209.641,   8.2883E-008,   2.9492E-006,   4.1445E-011,   1.7324E-011,   2.0722E-011,   3.2575E-009,   1.9892E-009,   3.3441E-013,   8.5385E-012,   4.7798E-013,  
215.641,   8.3252E-008,   2.9344E-006,   4.5136E-011,   1.7154E-011,   2.0822E-011,   3.2331E-009,   1.9648E-009,   4.3874E-013,   8.3869E-012,   5.6644E-012,  
221.641,   8.1928E-008,   2.9583E-006,   4.3915E-011,   1.7592E-011,   1.9761E-011,   3.2448E-009,   2.0804E-009,   4.2715E-013,   8.5019E-012,   7.4907E-013,  
227.656,   7.6836E-008,   2.9214E-006,   4.4714E-011,   1.7707E-011,   2.0554E-011,   3.0659E-009,   1.7995E-009,   4.7709E-013,   7.5183E-012,   6.5544E-013,  
233.656,   8.0152E-008,   2.9215E-006,   1.9491E-011,   1.7272E-011,   1.9890E-011,   3.1518E-009,   1.9711E-009,   1.6141E-013,   4.4168E-012,   3.8969E-013,  
239.641,   7.8921E-008,   2.9271E-006,   4.2200E-011,   1.7213E-011,   2.0818E-011,   3.1680E-009,   2.2412E-009,   4.9225E-013,   6.8870E-012,   6.2333E-013,  
245.641,   7.9742E-008,   2.9397E-006,   4.3152E-011,   1.7098E-011,   2.0294E-011,   3.2132E-009,   1.9377E-009,   3.2460E-013,   6.8754E-012,   5.4129E-013,  
251.625,   8.2125E-008,   2.9369E-006,   4.1325E-011,   1.7562E-011,   2.0229E-011,   3.0379E-009,   2.3225E-009,   3.4511E-013,   4.6103E-012,   5.5288E-013,  
257.656,   7.9230E-008,   2.9324E-006,   4.2041E-011,   1.8148E-011,   2.0058E-011,   3.4354E-009,   1.9241E-009,   4.1734E-013,   7.0475E-012,   3.7186E-013,  
263.641,   8.0936E-008,   2.9296E-006,   4.1404E-011,   1.9714E-011,   1.9880E-011,   3.2809E-009,   1.9413E-009,   6.1085E-013,   6.1673E-012,   9.0513E-013,  
269.656,   7.5753E-008,   2.9083E-006,   1.6873E-011,   2.2397E-011,   1.9109E-011,   3.0650E-009,   1.8293E-009,   2.9517E-013,   8.1461E-012,   6.6346E-013,  
275.641,   7.7986E-008,   2.9183E-006,   4.1176E-011,   2.2120E-011,   2.0214E-011,   3.3505E-009,   1.7624E-009,   2.3899E-013,   4.7388E-012,   4.9403E-013,  
281.641,   7.8869E-008,   2.9128E-006,   4.1562E-011,   2.1356E-011,   2.0778E-011,   3.1888E-009,   1.7326E-009,   2.7733E-013,   8.9246E-012,   9.0067E-013,  
287.641,   7.6017E-008,   2.8974E-006,   1.9881E-011,   1.9991E-011,   1.9547E-011,   3.0307E-009,   1.9476E-009,   2.8001E-013,   8.7169E-012,   5.5556E-013,  
293.641,   7.6824E-008,   2.9094E-006,   2.4275E-011,   1.8265E-011,   2.0622E-011,   3.1924E-009,   2.1789E-009,   4.5212E-013,   8.3245E-012,   6.5187E-013,  
299.641,   7.7061E-008,   2.9313E-006,   4.3759E-011,   1.6976E-011,   2.0303E-011,   3.0560E-009,   1.9169E-009,   8.7035E-013,   4.3526E-012,   5.7340E-013,  
305.625,   7.8456E-008,   2.9185E-006,   1.6392E-011,   1.8043E-011,   1.9454E-011,   3.3379E-009,   2.0262E-009,   1.4803E-013,   5.8071E-012,   6.1798E-013,  
311.641,   7.6529E-008,   2.9230E-006,   1.7553E-011,   1.6672E-011,   1.9855E-011,   3.2033E-009,   1.8636E-009,   8.5875E-013,   4.7102E-012,   5.5288E-013,  
317.625,   7.5801E-008,   2.8897E-006,   4.2765E-011,   1.6907E-011,   2.0559E-011,   2.7335E-009,   1.8636E-009,   5.8320E-013,   4.5381E-012,   5.0562E-013,  
323.641,   7.3463E-008,   2.9054E-006,   4.1475E-011,   1.6748E-011,   2.0669E-011,   3.2132E-009,   1.7317E-009,   4.6817E-013,   5.8365E-012,   5.6091E-013,  
329.641,   7.7552E-008,   2.8981E-006,   1.7908E-011,   1.6578E-011,   2.0094E-011,   2.9106E-009,   1.8365E-009,   2.0064E-013,   8.4449E-012,   5.9836E-013,  
335.641,   7.4062E-008,   2.9049E-006,   4.0732E-011,   1.6719E-011,   2.0360E-011,   3.2060E-009,   1.9991E-009,   3.6383E-013,   5.7750E-012,   6.4028E-013,  
341.625,   7.5364E-008,   2.9082E-006,   4.3016E-011,   1.5170E-011,   1.9499E-011,   3.4210E-009,   1.8193E-009,   2.8090E-013,   5.2774E-012,   4.2982E-013,  
347.641,   7.3512E-008,   2.9017E-006,   4.1304E-011,   1.6749E-011,   1.9550E-011,   2.9548E-009,   1.8392E-009,   4.2804E-013,   7.4693E-012,   4.7530E-013,  
353.641,   7.0396E-008,   2.9111E-006,   3.7966E-011,   1.6084E-011,   1.8877E-011,   3.2846E-009,   2.0190E-009,   1.5249E-013,   4.5693E-012,   6.8665E-013,  
359.656,   7.7765E-008,   2.9081E-006,   3.8823E-011,   1.7569E-011,   1.9765E-011,   3.2665E-009,   1.8094E-009,   7.8117E-013,   7.9928E-012,   5.7072E-013,  
365.641,   7.3482E-008,   2.8765E-006,   3.8365E-011,   1.6793E-011,   1.9841E-011,   2.9910E-009,   1.9964E-009,   3.4778E-013,   4.4703E-012,   4.8511E-013,  
371.656,   7.5608E-008,   2.9007E-006,   3.9119E-011,   1.6892E-011,   1.9178E-011,   2.9539E-009,   1.7290E-009,   8.1952E-013,   6.9922E-012,   6.1352E-013,  
377.656,   7.0029E-008,   2.9038E-006,   1.5213E-011,   1.6204E-011,   1.8990E-011,   3.0334E-009,   1.5772E-009,   2.4791E-013,   7.6414E-012,   4.2893E-013,  
383.625,   7.0003E-008,   2.8840E-006,   3.9875E-011,   1.7504E-011,   1.9986E-011,   3.1319E-009,   1.7317E-009,   2.7198E-013,   4.4570E-012,   6.3938E-013,  
389.641,   7.2408E-008,   2.8834E-006,   3.9843E-011,   1.6032E-011,   1.9970E-011,   3.1120E-009,   1.8338E-009,   7.8206E-013,   6.2039E-012,   5.1186E-013,  
395.641,   7.1062E-008,   2.8965E-006,   3.9091E-011,   1.6562E-011,   1.8992E-011,   3.0768E-009,   1.7588E-009,   9.1315E-013,   8.5706E-012,   5.8142E-013,  
401.641,   6.7565E-008,   2.8911E-006,   1.0951E-012,   1.6752E-011,   2.0219E-011,   3.4020E-009,   1.7317E-009,   4.4677E-013,   6.4777E-012,   6.5989E-013,  
407.641,   7.2052E-008,   2.8959E-006,   3.8727E-011,   1.6408E-011,   2.0169E-011,   2.9666E-009,   1.7082E-009,   3.0141E-013,   5.1463E-012,   6.3403E-013,  
413.641,   7.1085E-008,   2.8927E-006,   3.9446E-011,   1.6480E-011,   1.9115E-011,   3.3026E-009,   1.7317E-009,   4.6549E-013,   8.0837E-012,   5.5913E-013,  
419.641,   7.2893E-008,   2.8639E-006,   3.9393E-011,   1.6402E-011,   2.0458E-011,   2.9846E-009,   1.8365E-009,   1.0211E-012,   5.9221E-012,   1.0585E-012,  
425.641,   7.3270E-008,   2.8887E-006,   1.5505E-011,   1.5907E-011,   1.9851E-011,   3.1500E-009,   1.6649E-009,   4.2536E-013,   5.0705E-012,   6.7773E-013,  
431.641,   7.1963E-008,   2.8825E-006,   3.9342E-011,   1.6469E-011,   1.9830E-011,   2.9639E-009,   1.8808E-009,   7.0270E-013,   7.7074E-012,   2.5326E-013,  
437.656,   7.4128E-008,   2.8898E-006,   3.9010E-011,   1.6987E-011,   1.9948E-011,   3.1138E-009,   1.6378E-009,   5.8320E-013,   6.6730E-012,   6.3760E-013,  
443.641,   7.2566E-008,   2.8743E-006,   3.6562E-011,   1.6165E-011,   1.8910E-011,   2.8193E-009,   1.9304E-009,   5.2702E-013,   4.4579E-012,   7.8741E-013,  
449.672,   7.2623E-008,   2.8704E-006,   1.4616E-011,   1.6539E-011,   1.9727E-011,   3.2403E-009,   1.7787E-009,   5.5378E-013,   6.2886E-012,   5.3327E-013,  
455.688,   7.4512E-008,   2.8912E-006,   3.7052E-011,   1.6320E-011,   1.9078E-011,   3.4824E-009,   1.6712E-009,   3.2816E-013,   6.3930E-012,   2.2829E-013,  
461.656,   7.0302E-008,   2.8724E-006,   1.3324E-011,   1.5907E-011,   1.9442E-011,   3.1689E-009,   1.8157E-009,   2.8536E-013,   6.9922E-012,   5.7875E-013,  
467.672,   6.9526E-008,   2.8621E-006,   3.6975E-011,   1.6416E-011,   1.9329E-011,   3.2069E-009,   1.5808E-009,   1.6587E-013,   6.9592E-012,   9.3723E-013,  
473.672,   7.0007E-008,   2.8687E-006,   3.6849E-011,   1.6712E-011,   1.9933E-011,   3.1391E-009,   1.7859E-009,   2.8090E-013,   7.2802E-012,   3.8524E-013,  
479.688,   7.3304E-008,   2.8750E-006,   3.7203E-011,   1.6134E-011,   1.9216E-011,   3.0343E-009,   1.8699E-009,   5.2167E-013,   6.6337E-012,   1.2217E-013,  
485.719,   6.6269E-008,   2.8624E-006,   3.5723E-011,   1.4264E-011,   2.0777E-011,   3.1373E-009,   1.8771E-009,   3.2103E-013,   5.5663E-012,   2.5147E-013,  
491.719,   7.0981E-008,   2.8632E-006,   3.5762E-011,   1.6701E-011,   1.9701E-011,   3.2918E-009,   1.8166E-009,   1.6765E-013,   8.4957E-012,   6.9735E-013,  
497.735,   6.9147E-008,   2.8600E-006,   3.8272E-011,   1.5696E-011,   1.8822E-011,   3.2313E-009,   1.7055E-009,   3.1746E-013,   7.6869E-012,   3.5759E-013,  
503.766,   7.2117E-008,   2.8676E-006,   1.5312E-011,   1.5925E-011,   1.9913E-011,   3.2358E-009,   2.0361E-009,   3.7097E-013,   5.7750E-012,   2.0867E-013,  
509.781,   7.3448E-008,   2.8636E-006,   3.5633E-011,   1.7027E-011,   1.9360E-011,   3.5122E-009,   1.9648E-009,   2.9517E-013,   8.6758E-012,   3.1835E-013,  
515.766,   7.1475E-008,   2.8571E-006,   1.4152E-011,   1.6602E-011,   1.8940E-011,   3.0867E-009,   1.8564E-009,   4.6817E-013,   6.5035E-012,   2.5593E-013,  
521.766,   6.9790E-008,   2.8531E-006,   1.8133E-011,   1.5826E-011,   1.8444E-011,   3.1861E-009,   1.8293E-009,   2.6307E-013,   5.5235E-012,   6.7505E-013,  
527.766,   6.9164E-008,   2.8654E-006,   3.6397E-011,   1.6167E-011,   2.0162E-011,   3.3957E-009,   1.7525E-009,   3.7721E-013,   4.6246E-012,   7.7671E-013,  
533.766,   6.7042E-008,   2.8462E-006,   3.6936E-011,   1.6612E-011,   1.8449E-011,   3.4661E-009,   1.7895E-009,   3.4689E-013,   7.0297E-012,   1.0790E-013,  
539.766,   6.9931E-008,   2.8712E-006,   3.4255E-011,   1.6456E-011,   1.9149E-011,   3.1843E-009,   1.8735E-009,   5.3416E-013,   6.6203E-012,   6.4563E-013,  
545.766,   7.2314E-008,   2.8472E-006,   3.5003E-011,   1.5740E-011,   2.0261E-011,   3.1265E-009,   1.8699E-009,   4.3874E-013,   7.6485E-012,   7.1607E-013,  
551.766,   7.0298E-008,   2.8547E-006,   3.5074E-011,   1.7182E-011,   1.9651E-011,   3.0804E-009,   1.9205E-009,   5.6091E-013,   9.2394E-012,   4.3250E-013,  
557.766,   6.8758E-008,   2.8488E-006,   3.3096E-011,   1.6153E-011,   1.9191E-011,   3.4706E-009,   1.8672E-009,   3.2192E-013,   8.1114E-012,   6.5900E-013,  
563.766,   6.9077E-008,   2.8540E-006,   3.6031E-011,   1.6751E-011,   1.9439E-011,   3.1608E-009,   1.9304E-009,   5.1811E-013,   6.9441E-012,   6.9467E-013,  
569.766,   7.1262E-008,   2.8447E-006,   3.4531E-011,   1.5935E-011,   1.9035E-011,   3.1265E-009,   2.1147E-009,   4.3161E-013,   7.1055E-012,   3.5313E-013,  
575.766,   6.9413E-008,   2.8484E-006,   1.2221E-011,   1.6628E-011,   1.8974E-011,   3.3857E-009,   1.7859E-009,   4.0396E-013,   8.3575E-012,   4.9046E-013,  
581.766,   7.0653E-008,   2.8460E-006,   3.6582E-011,   1.6103E-011,   1.9656E-011,   3.1716E-009,   1.8130E-009,   2.7020E-013,   5.7018E-012,   1.0077E-013,  
587.781,   6.8497E-008,   2.8452E-006,   3.4377E-011,   1.5975E-011,   1.8901E-011,   3.0976E-009,   1.9584E-009,   5.7161E-013,   8.0043E-012,   8.7213E-013,  
593.766,   6.9565E-008,   2.8412E-006,   3.5476E-011,   1.6216E-011,   1.9623E-011,   3.1192E-009,   1.9413E-009,   2.6931E-013,   6.4803E-012,   5.0741E-013,  
599.781,   6.5940E-008,   2.8424E-006,   3.4095E-011,   1.6838E-011,   1.8727E-011,   3.0949E-009,   1.6179E-009,   4.6193E-013,   9.2376E-012,   4.8600E-013,  
605.766,   6.7344E-008,   2.8369E-006,   3.4902E-011,   1.6435E-011,   1.9200E-011,   3.4092E-009,   1.9982E-009,   6.1531E-013,   7.5959E-012,   3.5046E-013,  
611.766,   6.5954E-008,   2.8495E-006,   3.3713E-011,   1.6127E-011,   1.9376E-011,   3.3523E-009,   1.9440E-009,   5.1989E-013,   8.0284E-012,   5.3416E-013,  
617.813,   6.7419E-008,   2.8461E-006,   3.4986E-011,   1.6046E-011,   1.9150E-011,   3.2294E-009,   1.8907E-009,   2.2561E-013,   7.0832E-012,   6.0104E-013,  
623.813,   6.6290E-008,   2.8288E-006,   3.4761E-011,   1.6558E-011,   1.8655E-011,   3.4309E-009,   1.8067E-009,   1.0790E-013,   7.1937E-012,   3.8078E-013,  
629.813,   7.1318E-008,   2.8243E-006,   3.5038E-011,   1.6536E-011,   1.8922E-011,   3.0416E-009,   1.7118E-009,   4.4498E-013,   7.3355E-012,   3.1479E-013,  
635.797,   6.8909E-008,   2.8309E-006,   3.4587E-011,   1.5934E-011,   1.8498E-011,   3.2105E-009,   1.7516E-009,   1.6141E-013,   8.1256E-012,   3.9415E-013,  
641.781,   6.7726E-008,   2.8922E-006,   9.8583E-012,   1.5926E-011,   1.8818E-011,   3.0488E-009,   2.0126E-009,   1.9529E-013,   8.4128E-012,   7.9366E-014,  
647.797,   6.5547E-008,   2.8254E-006,   3.3120E-011,   1.6534E-011,   1.7954E-011,   3.2737E-009,   1.9277E-009,   9.8092E-014,   6.3234E-012,   2.8447E-013,  
653.797,   6.1588E-008,   2.6059E-006,   3.1950E-011,   1.6450E-011,   1.9330E-011,   3.7191E-009,   1.8564E-009,   6.3403E-013,   7.4417E-012,   4.4855E-013,  
659.797,   5.7524E-008,   2.4743E-006,   3.2301E-011,   1.5607E-011,   1.9198E-011,   3.0524E-009,   1.7453E-009,   4.8065E-013,   7.0627E-012,   6.6881E-013,  
665.797,   5.4079E-008,   2.4307E-006,   3.1004E-011,   1.4849E-011,   1.7759E-011,   3.2791E-009,   1.7489E-009,   7.4907E-014,   6.5865E-012,  -2.6842E-013,  
671.797,   5.2369E-008,   2.4289E-006,   3.3564E-011,   1.5149E-011,   1.7919E-011,   3.3857E-009,   1.5140E-009,   4.2358E-013,   6.5017E-012,   2.0064E-013,  
677.797,   5.4763E-008,   2.4317E-006,   1.2640E-011,   1.4775E-011,   1.7864E-011,   3.1156E-009,   1.5140E-009,   2.3185E-013,   6.5704E-012,   3.6562E-013,  
683.797,   5.1653E-008,   2.4397E-006,   3.1935E-011,   1.5757E-011,   1.7920E-011,   3.0027E-009,   1.8329E-009,   3.1033E-013,   9.3357E-012,   7.1162E-013,  
689.797,   5.5962E-008,   2.4352E-006,   3.0972E-011,   1.6203E-011,   1.8898E-011,   2.9919E-009,   1.6016E-009,   5.5199E-013,   6.5321E-012,   4.4231E-013,  
695.797,   5.4173E-008,   2.4258E-006,   3.3361E-011,   1.5993E-011,   1.8169E-011,   2.8121E-009,   1.6612E-009,   9.8984E-014,   7.4541E-012,   6.6435E-013,  
701.797,   5.5167E-008,   2.3932E-006,   3.1906E-011,   1.5939E-011,   1.8615E-011,   2.8907E-009,   1.7651E-009,   4.7084E-013,   6.6061E-012,   3.5492E-013,  
707.797,   5.2035E-008,   2.3596E-006,   3.1702E-011,   1.5549E-011,   1.8702E-011,   3.0614E-009,   1.7118E-009,   3.0409E-013,   8.6455E-012,   3.2103E-013,  
713.781,   5.0126E-008,   2.2558E-006,   3.2465E-011,   1.4537E-011,   1.8676E-011,   3.5962E-009,   1.6486E-009,   3.9415E-013,   6.4224E-012,   2.9606E-013,  
719.797,   4.7763E-008,   2.0663E-006,   1.0186E-011,   1.4916E-011,   1.7522E-011,   3.3243E-009,   8.0442E-007,   2.2205E-013,   7.6726E-012,   4.1110E-013,  
725.797,   4.8297E-008,   1.8217E-006,   3.5549E-011,   4.3729E-011,   6.9639E-011,   3.2855E-009,   2.2210E-006,   6.3314E-013,   1.1133E-011,   8.0980E-012,  
731.797,   5.0961E-008,   1.8652E-006,   3.5476E-011,   6.1689E-011,   9.1237E-011,   3.3568E-009,   2.4915E-006,   2.8188E-012,   1.4125E-011,   8.2567E-012,  
737.813,   5.2035E-008,   1.9374E-006,   1.2929E-011,   6.6835E-011,   9.4702E-011,   3.3704E-009,   2.4937E-006,   4.0735E-012,   1.5458E-011,   8.5635E-012,  
743.844,   5.6985E-008,   2.0162E-006,   3.4684E-011,   6.8822E-011,   9.3311E-011,   3.2855E-009,   2.3911E-006,   9.7290E-013,   1.6143E-011,   8.9639E-012,  
749.844,   5.7419E-008,   2.0973E-006,   3.5676E-011,   6.5956E-011,   9.2672E-011,   3.3966E-009,   2.2453E-006,   3.9237E-013,   1.6307E-011,   7.5166E-012,  
755.844,   6.1954E-008,   2.1710E-006,   3.4661E-011,   6.3749E-011,   8.9588E-011,   3.4743E-009,   2.0941E-006,   3.0676E-012,   1.5957E-011,   7.7752E-012,  
761.828,   6.2511E-008,   2.2517E-006,   3.2255E-011,   6.1326E-011,   8.7564E-011,   3.3098E-009,   1.9122E-006,   2.8037E-012,   1.4387E-011,   8.1872E-012,  
767.844,   6.3872E-008,   2.3429E-006,   3.5718E-011,   5.5776E-011,   8.3898E-011,   3.2565E-009,   1.7172E-006,   1.0933E-012,   1.3811E-011,   6.8950E-012,  
773.828,   6.4556E-008,   2.4214E-006,   3.5500E-011,   5.2525E-011,   8.2284E-011,   3.3388E-009,   1.5129E-006,   8.8729E-013,   1.2728E-011,   7.5924E-012,  
779.844,   6.4990E-008,   2.5032E-006,   3.5636E-011,   4.8736E-011,   8.1491E-011,   3.1373E-009,   1.3036E-006,   1.7425E-012,   1.2513E-011,   6.7247E-012,  
785.844,   6.3271E-008,   2.5629E-006,   3.3769E-011,   3.7269E-011,   7.5349E-011,   3.4137E-009,   1.0993E-006,   5.9123E-013,   1.1438E-011,   7.5023E-012,  
791.844,   6.7178E-008,   2.6437E-006,   3.4956E-011,   4.0436E-011,   6.9140E-011,   3.3306E-009,   8.9959E-007,   8.6321E-013,   1.0178E-011,   6.2824E-012,  
797.828,   6.6807E-008,   2.6977E-006,   1.0973E-011,   3.5510E-011,   6.2215E-011,   3.3080E-009,   7.0334E-007,   6.0461E-013,   9.0397E-012,   6.0585E-012,  
803.844,   6.3873E-008,   2.7404E-006,   3.4290E-011,   3.1777E-011,   4.7958E-011,   3.4806E-009,   5.2364E-007,   1.4714E-013,   8.6090E-012,   7.5085E-012,  
809.906,   6.2299E-008,   2.7711E-006,   3.3735E-011,   2.8179E-011,   4.3969E-011,   3.2466E-009,   3.6060E-007,   2.8090E-013,   7.2651E-012,   5.7607E-012,  
815.938,   6.3677E-008,   2.7795E-006,   3.5134E-011,   2.3584E-011,   3.5447E-011,   3.1888E-009,   2.3178E-007,   5.7518E-013,   7.9776E-012,   7.3213E-013,  
821.953,   6.5400E-008,   2.7915E-006,   3.3606E-011,   2.1302E-011,   2.9050E-011,   3.2493E-009,   1.3935E-007,   3.5938E-013,   4.0325E-012,   7.0270E-013,  
827.922,   6.3861E-008,   2.7965E-006,   3.3290E-011,   1.9878E-011,   2.3935E-011,   3.5248E-009,   8.1568E-008,   3.4243E-013,   8.5875E-012,   7.5977E-013,  
833.969,   6.3330E-008,   2.8113E-006,   1.2596E-011,   1.8276E-011,   2.1439E-011,   3.2674E-009,   4.9111E-008,  -6.3314E-014,   8.4582E-012,   7.0537E-013,  
839.953,   6.2911E-008,   2.7994E-006,   3.3497E-011,   1.8615E-011,   2.0810E-011,   3.3650E-009,   3.2112E-008,   7.0448E-014,   6.2672E-012,   3.3797E-013,  
845.985,   6.2578E-008,   2.7912E-006,   1.0945E-011,   1.7400E-011,   1.9722E-011,   3.3595E-009,   2.3425E-008,   1.8727E-014,   5.5199E-012,   6.5365E-013,  
851.969,   6.4238E-008,   2.8006E-006,   3.2481E-011,   1.6220E-011,   1.8607E-011,   3.4273E-009,   1.7781E-008,   1.9708E-013,   8.3949E-012,   4.0753E-013,  
857.985,   6.5940E-008,   2.7962E-006,   3.2780E-011,   1.7683E-011,   1.8153E-011,   3.3966E-009,   1.4161E-008,   2.4701E-013,   7.6958E-012,   5.8142E-013,  
864.016,   6.4528E-008,   2.7981E-006,   3.1890E-011,   1.6764E-011,   1.8595E-011,   3.5926E-009,   1.1398E-008,   4.3072E-013,   7.3864E-012,   5.5645E-013,  
870.031,   6.3178E-008,   2.7986E-006,   3.0577E-011,   1.6811E-011,   1.8008E-011,   3.7471E-009,   9.9792E-009,   3.8345E-014,   7.5665E-012,   1.9262E-013,  
876.016,   6.7645E-008,   2.7880E-006,   2.7996E-011,   1.7155E-011,   1.8282E-011,   3.3207E-009,   8.7091E-009,   5.2524E-013,   7.3605E-012,   8.5608E-013,  
882.016,   6.2172E-008,   2.8031E-006,   2.9624E-011,   1.6318E-011,   1.8176E-011,   3.2177E-009,   7.8762E-009,   5.4040E-013,   4.2260E-012,   3.3351E-013,  
888.031,   6.0614E-008,   2.8019E-006,   3.1220E-011,   1.7248E-011,   1.8458E-011,   3.2033E-009,   6.8708E-009,   3.3441E-013,   8.0293E-012,   2.8268E-013,  
894.016,   6.0076E-008,   2.7832E-006,   3.0858E-011,   1.6725E-011,   1.8663E-011,   3.1436E-009,   6.5086E-009,   4.0218E-013,   7.5032E-012,   1.5873E-013,  
900.016,   6.2086E-008,   2.7723E-006,   3.1334E-011,   1.6406E-011,   1.8554E-011,   3.2150E-009,   5.8681E-009,   7.5353E-013,   7.4515E-012,   3.0230E-013,  
906.016,   6.0067E-008,   2.7837E-006,   1.1182E-011,   1.6804E-011,   1.7378E-011,   3.0641E-009,   5.2855E-009,   3.7186E-013,   6.9985E-012,   2.7466E-013,  
912.016,   6.2914E-008,   2.7736E-006,   2.9533E-011,   1.6594E-011,   1.8540E-011,   3.5158E-009,   4.8726E-009,   1.7924E-013,   7.7832E-012,  -1.7389E-013,  
918.031,   6.3408E-008,   2.7668E-006,   3.0275E-011,   1.6550E-011,   1.8525E-011,   3.1472E-009,   4.8645E-009,   6.3582E-013,   6.5544E-012,   6.1531E-013,  
924.016,   6.3146E-008,   2.7809E-006,   2.9155E-011,   1.6967E-011,   1.8119E-011,   3.3857E-009,   4.7118E-009,   1.1682E-013,   8.5893E-012,   2.9963E-013,  
930.016,   6.2229E-008,   2.7764E-006,   3.0445E-011,   1.6263E-011,   1.7402E-011,   3.5890E-009,   4.4679E-009,  -8.5608E-014,   9.3250E-012,   3.3886E-013,  
936.000,   6.0907E-008,   2.7758E-006,   2.8682E-011,   1.5862E-011,   1.7753E-011,   3.5565E-009,   4.1590E-009,   4.0575E-013,   7.7413E-012,   9.1404E-013,  
942.016,   6.1621E-008,   2.7918E-006,   3.0746E-011,   1.8371E-011,   1.8657E-011,   3.5266E-009,   4.2177E-009,   5.0206E-013,   6.6649E-012,   6.2690E-013,  
948.031,   6.5773E-008,   2.7896E-006,   2.7606E-011,   2.2257E-011,   1.7857E-011,   3.2502E-009,   4.1590E-009,  -9.7201E-014,   7.0832E-012,   1.2484E-014,  
954.000,   6.6711E-008,   2.7786E-006,   2.9477E-011,   2.6627E-011,   1.8045E-011,   3.4517E-009,   3.9702E-009,   3.7453E-014,   7.8831E-012,   4.2447E-013,  
960.016,   6.3876E-008,   2.7724E-006,   2.8675E-011,   5.2582E-011,   1.7903E-011,   3.4842E-009,   3.6703E-009,   7.4907E-014,   8.8310E-012,   2.5504E-013,  
966.031,   6.4438E-008,   2.7602E-006,   2.9896E-011,   6.7321E-011,   1.8896E-011,   3.4381E-009,   3.5908E-009,   1.5606E-013,   7.4042E-012,   1.7657E-013,  
972.016,   6.1957E-008,   2.7737E-006,   2.8636E-011,   1.0632E-010,   1.8737E-011,   3.4625E-009,   3.6775E-009,   2.2918E-013,   6.6667E-012,   5.3505E-013,  
978.031,   6.2071E-008,   2.7556E-006,   2.8773E-011,   1.3193E-010,   1.8808E-011,   3.1861E-009,   3.7272E-009,   7.8474E-014,   6.2012E-012,   2.3185E-013,  
984.016,   6.2855E-008,   2.7701E-006,   1.0444E-011,   1.4386E-010,   1.8048E-011,   3.2105E-009,   3.5836E-009,   1.7122E-013,   8.2879E-012,   1.5784E-013,  
990.000,   6.2280E-008,   2.7559E-006,   1.1017E-011,   1.4096E-010,   1.8555E-011,   3.3135E-009,   3.4444E-009,   2.9339E-013,   8.2594E-012,   5.0295E-013,  
996.031,   6.1688E-008,   2.7643E-006,   2.9110E-011,   1.1880E-010,   1.7989E-011,   3.4092E-009,   3.3586E-009,   3.1122E-013,   6.9797E-012,   7.2767E-013,  
1002.016,   6.3343E-008,   2.7820E-006,   2.8406E-011,   9.4478E-011,   1.7727E-011,   3.2846E-009,   3.3306E-009,   2.4969E-013,   7.3667E-012,   4.5658E-013,  
1008.016,   6.1912E-008,   2.7713E-006,   2.9259E-011,   6.3213E-011,   1.7967E-011,   3.4706E-009,   3.3270E-009,   3.7186E-013,   6.3903E-012,   3.0676E-013,  
1014.016,   2.0199E-009,   5.6869E-007,   2.7686E-011,   3.9384E-011,   1.4626E-011,   2.7922E-009,   1.8058E-009,   6.2958E-013,   8.7302E-012,   4.5033E-013,  
1020.000,   5.7753E-008,   2.6527E-006,   2.6870E-011,   2.5775E-011,   1.6655E-011,   3.5818E-009,   2.8853E-009,   3.9148E-013,   6.8299E-012,   6.8576E-013,  
1026.016,   5.8001E-008,   2.6611E-006,   2.7963E-011,   2.7082E-011,   1.7353E-011,   3.3379E-009,   2.9386E-009,   6.9735E-013,   7.3025E-012,   7.8117E-013,  
1032.047,   5.7978E-008,   2.6536E-006,   2.7997E-011,   2.4344E-011,   1.3263E-011,   3.6920E-009,   2.9277E-009,   2.3810E-013,   7.8938E-012,   8.0240E-012,  
1038.031,   5.9698E-008,   2.6542E-006,   2.9051E-011,   2.1812E-011,   1.7109E-011,   3.4589E-009,   3.1355E-009,   3.4778E-013,   7.3926E-012,   6.6551E-012,  
1044.031,   5.9892E-008,   2.6536E-006,   2.8180E-011,   1.9407E-011,   1.8160E-011,   3.3921E-009,   3.1527E-009,   7.3837E-013,   7.8215E-012,   6.4893E-012,  
1050.047,   5.9450E-008,   2.6651E-006,   2.8289E-011,   1.4760E-011,   1.7427E-011,   3.5059E-009,   2.8537E-009,   8.1863E-013,   6.9458E-012,   5.6822E-012,  
1056.047,   5.9837E-008,   2.6497E-006,   2.8128E-011,   1.6828E-011,   1.7983E-011,   3.2331E-009,   2.7913E-009,   5.9836E-013,   7.9749E-012,   5.8294E-012,  
1062.078,   6.1779E-008,   2.6586E-006,   2.8383E-011,   1.6798E-011,   1.8459E-011,   3.4959E-009,   2.7037E-009,   8.5608E-013,   8.5528E-012,   8.3709E-012,  
1068.094,   5.9187E-008,   2.6546E-006,   2.8229E-011,   1.6587E-011,   1.6577E-011,   3.3424E-009,   3.0126E-009,   3.3441E-013,   8.2112E-012,   7.1269E-012,  
1074.094,   5.9291E-008,   2.6549E-006,   2.9158E-011,   1.5929E-011,   1.7002E-011,   3.0822E-009,   2.8257E-009,   7.3480E-013,   8.7784E-012,   6.6988E-012,  
1080.094,   5.7471E-008,   2.6681E-006,   2.8444E-011,   1.5852E-011,   1.7571E-011,   3.1816E-009,   2.3812E-009,   8.2754E-013,   7.5772E-012,   8.0917E-012,  
1086.078,   5.6008E-008,   2.6481E-006,   2.8659E-011,   1.6616E-011,   1.7487E-011,   3.1481E-009,   3.0470E-009,   4.5925E-013,   8.8096E-012,   8.8765E-012,  
1092.078,   5.7773E-008,   2.6664E-006,   2.8543E-011,   1.6075E-011,   1.7903E-011,   3.5989E-009,   2.4435E-009,   7.7939E-013,   7.0742E-012,   7.2160E-012,  
1098.110,   5.8012E-008,   2.6481E-006,   2.7830E-011,   1.5046E-011,   1.7363E-011,   3.1545E-009,   2.6965E-009,   2.7912E-013,   7.0297E-012,   6.6828E-012,  
1104.094,   5.9902E-008,   2.6637E-006,   2.8212E-011,   1.6094E-011,   1.7271E-011,   3.2719E-009,   2.4607E-009,   4.4320E-013,   7.4113E-012,   7.4452E-012,  
1110.078,   5.7490E-008,   2.6640E-006,   2.8325E-011,   1.7150E-011,   1.6818E-011,   3.3677E-009,   2.7091E-009,   4.3072E-013,   8.4270E-012,   1.0184E-012,  
1116.078,   5.9789E-008,   2.6564E-006,   9.4311E-012,   1.5924E-011,   1.8018E-011,   3.7651E-009,   2.6414E-009,   2.9339E-013,   6.5294E-012,   5.2167E-013,  
1122.094,   5.8877E-008,   2.6773E-006,   2.7171E-011,   1.5596E-011,   1.7539E-011,   3.2990E-009,   2.7389E-009,   1.8994E-013,   6.2173E-012,   8.7659E-013,  
1128.094,   5.8849E-008,   2.6514E-006,   6.9574E-012,   1.5702E-011,   1.6795E-011,   3.4390E-009,   2.6305E-009,   3.1746E-013,   5.9658E-012,   5.7072E-013,  
1134.078,   5.9793E-008,   2.6779E-006,   1.0177E-011,   1.6073E-011,   1.7657E-011,   3.6423E-009,   2.6974E-009,   1.4981E-013,   7.8652E-012,   2.3631E-013,  
1140.094,   5.8703E-008,   2.6511E-006,   2.6456E-011,   1.6340E-011,   1.7869E-011,   3.6450E-009,   2.6829E-009,   5.4218E-013,   7.5228E-012,   2.9874E-013,  
1146.094,   5.9340E-008,   2.6516E-006,   1.0076E-011,   1.6050E-011,   1.7600E-011,   3.3144E-009,   2.5248E-009,   4.7976E-013,   8.6723E-012,   4.2447E-013,  
1152.156,   5.9126E-008,   2.6630E-006,   9.8075E-012,   1.5000E-011,   1.7249E-011,   3.2159E-009,   2.4697E-009,   9.8092E-015,   6.8486E-012,   4.4231E-013,  
1158.141,   5.7427E-008,   2.6454E-006,   2.6611E-011,   1.5788E-011,   1.7515E-011,   3.2918E-009,   2.6206E-009,  -4.1020E-014,   7.5915E-012,   3.2549E-013,  
1164.141,   5.6604E-008,   2.6628E-006,   2.6137E-011,   1.6304E-011,   1.7647E-011,   3.4932E-009,   2.7669E-009,   1.2752E-013,   8.7044E-012,   2.7020E-013,  
1170.141,   2.2511E-009,   5.8818E-007,   2.7431E-011,   1.6229E-011,   1.6494E-011,   2.9982E-009,   1.7561E-009,   8.1863E-013,   5.8641E-012,   2.6396E-013,  
