Aug 20, 2026  01:05:59 PM
Residual Gas Analyzer Software 
Software Version, 3.214.004

Analog Scan Setup:

Data Points in Scan, 891 
Units, Torr 
Noise Floor, 2 
CEM Status, OFF 
Points Per AMU, 10
Scan Start Mass, 1, amu 
Scan Stop Mass, 90, amu
Focus Voltage, 90, Volts 
Ion Energy, HIGH 
Electron Energy, 70, eV 
CEM Voltage, 1159, Volts
CEM Gain, 1.01E+003 
Sensitivity Factor, 1.11E-004 
Filament Current, 1.00, mAmps


  1.00,   2.13E-012, 
  1.10,   1.62E-012, 
  1.20,  -7.00E-013, 
  1.30,  -5.69E-013, 
  1.40,   6.59E-012, 
  1.50,   6.01E-012, 
  1.60,   5.12E-012, 
  1.70,   5.23E-012, 
  1.80,   6.60E-012, 
  1.90,   7.03E-012, 
  2.00,   7.90E-012, 
  2.10,   7.67E-012, 
  2.20,   8.82E-012, 
  2.30,   8.69E-012, 
  2.40,   6.44E-012, 
  2.50,   3.23E-012, 
  2.60,   1.86E-012, 
  2.70,   2.76E-012, 
  2.80,   3.50E-012, 
  2.90,   2.91E-012, 
  3.00,   2.13E-012, 
  3.10,   2.46E-012, 
  3.20,   3.15E-012, 
  3.30,   5.01E-012, 
  3.40,   1.07E-011, 
  3.50,   2.95E-011, 
  3.60,   9.41E-011, 
  3.70,   1.75E-010, 
  3.80,   2.22E-010, 
  3.90,   3.02E-010, 
  4.00,   3.99E-010, 
  4.10,   4.35E-010, 
  4.20,   3.75E-010, 
  4.30,   2.31E-010, 
  4.40,   6.05E-011, 
  4.50,   1.51E-011, 
  4.60,   6.77E-012, 
  4.70,   3.67E-012, 
  4.80,   1.49E-012, 
  4.90,  -1.16E-012, 
  5.00,  -2.02E-013, 
  5.10,   1.41E-013, 
  5.20,   3.18E-013, 
  5.30,   3.06E-013, 
  5.40,   3.01E-013, 
  5.50,   4.43E-013, 
  5.60,   1.28E-013, 
  5.70,   2.14E-014, 
  5.80,   3.37E-013, 
  5.90,   6.26E-013, 
  6.00,   3.97E-013, 
  6.10,   3.09E-013, 
  6.20,   3.46E-013, 
  6.30,   4.75E-013, 
  6.40,   3.35E-013, 
  6.50,   2.20E-013, 
  6.60,   2.51E-013, 
  6.70,   1.54E-013, 
  6.80,   2.92E-013, 
  6.90,   4.67E-013, 
  7.00,   3.93E-013, 
  7.10,   1.78E-013, 
  7.20,   1.17E-013, 
  7.30,   2.22E-013, 
  7.40,   1.59E-013, 
  7.50,   7.76E-014, 
  7.60,   5.29E-013, 
  7.70,   4.35E-013, 
  7.80,  -1.43E-014, 
  7.90,   1.65E-013, 
  8.00,   3.34E-013, 
  8.10,   4.01E-014, 
  8.20,   1.95E-013, 
  8.30,   5.18E-013, 
  8.40,   3.51E-013, 
  8.50,   3.26E-013, 
  8.60,   3.56E-013, 
  8.70,   2.74E-013, 
  8.80,   1.96E-013, 
  8.90,   3.07E-013, 
  9.00,   3.94E-013, 
  9.10,   2.38E-013, 
  9.20,  -2.68E-014, 
  9.30,   1.21E-013, 
  9.40,   2.76E-013, 
  9.50,   3.98E-013, 
  9.60,   4.72E-013, 
  9.70,   1.80E-013, 
  9.80,   1.34E-013, 
  9.90,   8.20E-014, 
 10.00,   5.15E-013, 
 10.10,   5.10E-013, 
 10.20,   4.48E-013, 
 10.30,   1.96E-013, 
 10.40,   1.88E-013, 
 10.50,   4.25E-013, 
 10.60,   1.12E-013, 
 10.70,   1.11E-013, 
 10.80,   1.72E-013, 
 10.90,   2.52E-013, 
 11.00,   1.65E-013, 
 11.10,   1.42E-013, 
 11.20,   5.08E-014, 
 11.30,   9.81E-015, 
 11.40,  -9.72E-014, 
 11.50,   1.85E-013, 
 11.60,   2.26E-013, 
 11.70,   5.86E-013, 
 11.80,   5.24E-013, 
 11.90,   4.76E-013, 
 12.00,   3.22E-013, 
 12.10,   3.48E-014, 
 12.20,   3.87E-013, 
 12.30,   3.66E-013, 
 12.40,   3.46E-013, 
 12.50,   2.43E-013, 
 12.60,   1.73E-013, 
 12.70,   1.94E-013, 
 12.80,   2.51E-013, 
 12.90,   3.10E-013, 
 13.00,   4.64E-013, 
 13.10,   4.55E-013, 
 13.20,   3.00E-013, 
 13.30,   3.35E-013, 
 13.40,   6.09E-013, 
 13.50,   9.51E-013, 
 13.60,   5.28E-012, 
 13.70,   5.08E-012, 
 13.80,   5.54E-012, 
 13.90,   6.61E-012, 
 14.00,   6.73E-012, 
 14.10,   5.69E-012, 
 14.20,   7.73E-012, 
 14.30,   7.13E-012, 
 14.40,   3.98E-012, 
 14.50,   2.36E-012, 
 14.60,  -1.20E-012, 
 14.70,  -1.33E-013, 
 14.80,   6.02E-013, 
 14.90,   3.73E-012, 
 15.00,   4.01E-012, 
 15.10,   2.66E-012, 
 15.20,   2.21E-012, 
 15.30,   1.94E-012, 
 15.40,   9.89E-013, 
 15.50,  -1.87E-012, 
 15.60,  -2.64E-012, 
 15.70,   1.27E-012, 
 15.80,   1.39E-012, 
 15.90,   1.73E-012, 
 16.00,   2.73E-012, 
 16.10,   3.53E-012, 
 16.20,   3.04E-012, 
 16.30,   2.69E-012, 
 16.40,   9.86E-013, 
 16.50,  -1.64E-012, 
 16.60,  -3.73E-012, 
 16.70,  -2.15E-012, 
 16.80,  -3.31E-012, 
 16.90,  -3.66E-012, 
 17.00,  -3.12E-014, 
 17.10,   2.36E-012, 
 17.20,   4.57E-012, 
 17.30,   7.09E-012, 
 17.40,   4.18E-013, 
 17.50,  -1.17E-011, 
 17.60,  -2.02E-011, 
 17.70,  -4.56E-012, 
 17.80,  -9.40E-012, 
 17.90,  -1.27E-011, 
 18.00,  -3.16E-012, 
 18.10,   7.36E-012, 
 18.20,   1.60E-011, 
 18.30,   2.96E-011, 
 18.40,   3.39E-012, 
 18.50,   1.28E-012, 
 18.60,   1.11E-012, 
 18.70,   5.84E-013, 
 18.80,   3.56E-013, 
 18.90,   1.92E-013, 
 19.00,   7.04E-013, 
 19.10,  -4.13E-013, 
 19.20,   3.84E-013, 
 19.30,   3.01E-012, 
 19.40,   7.38E-012, 
 19.50,   1.90E-011, 
 19.60,   5.01E-011, 
 19.70,   6.98E-011, 
 19.80,   8.54E-011, 
 19.90,   1.06E-010, 
 20.00,   1.11E-010, 
 20.10,   1.01E-010, 
 20.20,   7.79E-011, 
 20.30,   3.25E-011, 
 20.40,   1.03E-011, 
 20.50,   4.74E-012, 
 20.60,   2.81E-012, 
 20.70,   1.59E-012, 
 20.80,  -1.20E-012, 
 20.90,  -2.88E-013, 
 21.00,   3.15E-013, 
 21.10,   5.04E-013, 
 21.20,   8.65E-014, 
 21.30,   2.80E-013, 
 21.40,   2.85E-013, 
 21.50,   2.22E-013, 
 21.60,   1.05E-013, 
 21.70,   2.06E-013, 
 21.80,   4.76E-013, 
 21.90,   4.16E-013, 
 22.00,   2.87E-013, 
 22.10,   2.51E-013, 
 22.20,   3.20E-013, 
 22.30,   1.79E-013, 
 22.40,   4.03E-013, 
 22.50,   3.75E-013, 
 22.60,   9.99E-014, 
 22.70,   2.10E-013, 
 22.80,   2.16E-013, 
 22.90,   2.70E-013, 
 23.00,   4.27E-013, 
 23.10,   3.67E-013, 
 23.20,   2.63E-013, 
 23.30,   6.39E-013, 
 23.40,   3.09E-013, 
 23.50,   1.63E-013, 
 23.60,   1.11E-013, 
 23.70,  -1.47E-013, 
 23.80,  -1.89E-013, 
 23.90,  -1.14E-013, 
 24.00,   7.13E-014, 
 24.10,   8.38E-014, 
 24.20,   2.03E-013, 
 24.30,   2.40E-013, 
 24.40,   2.93E-013, 
 24.50,   1.12E-013, 
 24.60,   1.14E-013, 
 24.70,   1.75E-013, 
 24.80,   4.63E-013, 
 24.90,   7.66E-013, 
 25.00,   6.80E-013, 
 25.10,   6.50E-013, 
 25.20,   6.10E-013, 
 25.30,   2.31E-013, 
 25.40,   8.56E-014, 
 25.50,   2.94E-014, 
 25.60,   7.13E-014, 
 25.70,   3.04E-013, 
 25.80,   3.14E-013, 
 25.90,  -3.21E-014, 
 26.00,   5.08E-014, 
 26.10,   6.69E-014, 
 26.20,   3.72E-013, 
 26.30,   5.75E-013, 
 26.40,   2.95E-013, 
 26.50,   7.40E-014, 
 26.60,   2.71E-013, 
 26.70,   4.67E-013, 
 26.80,   4.33E-013, 
 26.90,   2.34E-013, 
 27.00,   2.29E-013, 
 27.10,   5.90E-013, 
 27.20,   1.07E-012, 
 27.30,   4.52E-012, 
 27.40,   5.40E-012, 
 27.50,   1.17E-011, 
 27.60,   3.78E-011, 
 27.70,   6.43E-011, 
 27.80,   7.91E-011, 
 27.90,   9.21E-011, 
 28.00,   9.78E-011, 
 28.10,   9.48E-011, 
 28.20,   7.46E-011, 
 28.30,   2.95E-011, 
 28.40,   7.35E-012, 
 28.50,   5.62E-012, 
 28.60,   3.82E-012, 
 28.70,   2.60E-012, 
 28.80,  -4.13E-013, 
 28.90,  -2.59E-013, 
 29.00,   5.67E-013, 
 29.10,   8.96E-013, 
 29.20,   3.18E-012, 
 29.30,   3.04E-012, 
 29.40,   2.27E-013, 
 29.50,  -1.23E-012, 
 29.60,  -8.56E-014, 
 29.70,   3.74E-013, 
 29.80,   2.07E-013, 
 29.90,   1.90E-012, 
 30.00,   3.30E-012, 
 30.10,   2.07E-012, 
 30.20,   7.39E-013, 
 30.30,  -1.83E-012, 
 30.40,  -6.89E-013, 
 30.50,  -6.06E-014, 
 30.60,  -5.35E-015, 
 30.70,   1.23E-013, 
 30.80,   2.46E-013, 
 30.90,   3.00E-013, 
 31.00,   4.08E-013, 
 31.10,   4.59E-013, 
 31.20,   2.78E-013, 
 31.30,   2.59E-013, 
 31.40,   1.84E-012, 
 31.50,   5.53E-014, 
 31.60,   2.50E-014, 
 31.70,   1.00E-012, 
 31.80,   8.89E-013, 
 31.90,   1.91E-012, 
 32.00,   2.07E-012, 
 32.10,   2.09E-012, 
 32.20,   2.72E-012, 
 32.30,   2.10E-012, 
 32.40,   6.67E-013, 
 32.50,  -4.46E-014, 
 32.60,   4.37E-013, 
 32.70,   2.78E-013, 
 32.80,   3.75E-014, 
 32.90,   1.52E-013, 
 33.00,   1.49E-013, 
 33.10,   9.81E-014, 
 33.20,   3.05E-013, 
 33.30,   1.92E-013, 
 33.40,   1.61E-013, 
 33.50,   2.61E-013, 
 33.60,   1.36E-013, 
 33.70,   2.98E-013, 
 33.80,   2.68E-013, 
 33.90,   3.78E-013, 
 34.00,   6.33E-014, 
 34.10,   1.06E-013, 
 34.20,   1.15E-013, 
 34.30,   2.86E-013, 
 34.40,   3.43E-013, 
 34.50,   1.34E-014, 
 34.60,   7.13E-014, 
 34.70,   2.89E-013, 
 34.80,   2.88E-013, 
 34.90,   2.29E-013, 
 35.00,   2.46E-013, 
 35.10,   3.59E-013, 
 35.20,   4.35E-013, 
 35.30,   4.84E-013, 
 35.40,   6.16E-013, 
 35.50,   2.32E-012, 
 35.60,   4.50E-012, 
 35.70,   3.59E-012, 
 35.80,   2.94E-012, 
 35.90,   3.56E-012, 
 36.00,   3.68E-012, 
 36.10,   3.67E-012, 
 36.20,   2.82E-012, 
 36.30,   3.40E-013, 
 36.40,  -1.28E-012, 
 36.50,  -6.08E-013, 
 36.60,  -1.35E-013, 
 36.70,  -1.09E-013, 
 36.80,   3.92E-014, 
 36.90,   2.13E-013, 
 37.00,   3.25E-013, 
 37.10,  -1.34E-014, 
 37.20,   1.08E-013, 
 37.30,   4.64E-013, 
 37.40,   3.08E-013, 
 37.50,   6.22E-013, 
 37.60,   4.99E-013, 
 37.70,   4.39E-013, 
 37.80,   6.11E-013, 
 37.90,   7.75E-013, 
 38.00,   1.03E-012, 
 38.10,   3.89E-012, 
 38.20,   2.90E-012, 
 38.30,   2.11E-012, 
 38.40,  -1.54E-012, 
 38.50,  -5.52E-013, 
 38.60,   4.40E-013, 
 38.70,   2.45E-012, 
 38.80,   4.77E-012, 
 38.90,   4.91E-012, 
 39.00,   6.86E-012, 
 39.10,   1.18E-011, 
 39.20,   2.26E-011, 
 39.30,   5.14E-011, 
 39.40,   1.54E-010, 
 39.50,   4.95E-010, 
 39.60,   6.92E-010, 
 39.70,   8.23E-010, 
 39.80,   1.01E-009, 
 39.90,   1.10E-009, 
 40.00,   1.13E-009, 
 40.10,   9.45E-010, 
 40.20,   3.85E-010, 
 40.30,   4.27E-011, 
 40.40,   1.11E-011, 
 40.50,   7.66E-012, 
 40.60,   5.21E-012, 
 40.70,   4.08E-012, 
 40.80,   3.77E-012, 
 40.90,   3.49E-012, 
 41.00,   4.13E-012, 
 41.10,   4.34E-012, 
 41.20,   3.87E-012, 
 41.30,   3.90E-012, 
 41.40,   4.53E-012, 
 41.50,   6.21E-012, 
 41.60,   8.66E-012, 
 41.70,   9.70E-012, 
 41.80,   1.12E-011, 
 41.90,   1.21E-011, 
 42.00,   1.28E-011, 
 42.10,   1.25E-011, 
 42.20,   9.03E-012, 
 42.30,   4.98E-012, 
 42.40,   2.83E-012, 
 42.50,   1.89E-012, 
 42.60,   1.89E-012, 
 42.70,   2.59E-012, 
 42.80,   2.73E-012, 
 42.90,   3.14E-012, 
 43.00,   3.51E-012, 
 43.10,   3.57E-012, 
 43.20,   2.80E-012, 
 43.30,   1.04E-012, 
 43.40,  -1.89E-012, 
 43.50,  -9.35E-013, 
 43.60,  -7.49E-014, 
 43.70,   1.74E-012, 
 43.80,   1.12E-012, 
 43.90,   4.46E-014, 
 44.00,   4.32E-013, 
 44.10,   5.05E-013, 
 44.20,   7.91E-013, 
 44.30,   2.03E-012, 
 44.40,  -4.57E-013, 
 44.50,  -2.72E-013, 
 44.60,   1.78E-015, 
 44.70,   1.38E-013, 
 44.80,   2.02E-013, 
 44.90,   1.23E-013, 
 45.00,   4.24E-013, 
 45.10,   2.36E-013, 
 45.20,   4.01E-014, 
 45.30,   2.27E-013, 
 45.40,   3.01E-013, 
 45.50,   3.27E-013, 
 45.60,   4.83E-013, 
 45.70,   5.23E-013, 
 45.80,   4.59E-013, 
 45.90,   3.25E-013, 
 46.00,   2.72E-013, 
 46.10,   2.57E-013, 
 46.20,   3.73E-013, 
 46.30,   3.34E-013, 
 46.40,   4.64E-014, 
 46.50,   2.74E-013, 
 46.60,   4.56E-013, 
 46.70,   3.31E-013, 
 46.80,   2.95E-013, 
 46.90,   9.63E-014, 
 47.00,   9.36E-014, 
 47.10,   1.24E-013, 
 47.20,   1.56E-013, 
 47.30,   2.49E-013, 
 47.40,   3.49E-013, 
 47.50,   2.14E-013, 
 47.60,   3.69E-013, 
 47.70,   4.27E-013, 
 47.80,   4.25E-013, 
 47.90,   3.57E-013, 
 48.00,   2.46E-013, 
 48.10,   7.40E-014, 
 48.20,   2.85E-013, 
 48.30,   2.51E-013, 
 48.40,   3.57E-013, 
 48.50,   1.41E-013, 
 48.60,  -1.35E-013, 
 48.70,   1.01E-013, 
 48.80,   4.42E-013, 
 48.90,   5.80E-013, 
 49.00,   4.08E-013, 
 49.10,   4.00E-013, 
 49.20,   2.02E-013, 
 49.30,  -1.07E-014, 
 49.40,   1.45E-013, 
 49.50,   5.61E-013, 
 49.60,   4.23E-013, 
 49.70,   2.09E-013, 
 49.80,   4.50E-013, 
 49.90,   3.67E-013, 
 50.00,   3.20E-013, 
 50.10,   9.81E-014, 
 50.20,   1.78E-014, 
 50.30,   1.30E-013, 
 50.40,   7.58E-014, 
 50.50,   4.60E-013, 
 50.60,   4.16E-013, 
 50.70,   3.17E-013, 
 50.80,   7.40E-014, 
 50.90,   2.52E-013, 
 51.00,   2.92E-013, 
 51.10,   1.45E-013, 
 51.20,   5.10E-013, 
 51.30,   3.83E-013, 
 51.40,   2.98E-013, 
 51.50,   3.84E-013, 
 51.60,   2.57E-013, 
 51.70,   1.62E-013, 
 51.80,   8.47E-014, 
 51.90,   4.55E-013, 
 52.00,   4.53E-013, 
 52.10,   2.78E-013, 
 52.20,   1.68E-013, 
 52.30,   9.10E-014, 
 52.40,   1.15E-013, 
 52.50,   4.49E-013, 
 52.60,   4.64E-013, 
 52.70,   3.23E-013, 
 52.80,   2.00E-013, 
 52.90,   7.04E-014, 
 53.00,  -1.96E-014, 
 53.10,   8.92E-015, 
 53.20,   1.77E-013, 
 53.30,   2.69E-013, 
 53.40,   5.89E-014, 
 53.50,  -8.56E-014, 
 53.60,   1.78E-015, 
 53.70,   3.91E-013, 
 53.80,   4.89E-013, 
 53.90,   3.55E-013, 
 54.00,   9.81E-014, 
 54.10,  -4.01E-014, 
 54.20,   9.90E-014, 
 54.30,   3.48E-013, 
 54.40,   2.25E-013, 
 54.50,   2.82E-013, 
 54.60,   2.48E-013, 
 54.70,   9.36E-014, 
 54.80,   5.53E-014, 
 54.90,   1.08E-013, 
 55.00,   1.28E-013, 
 55.10,   4.82E-014, 
 55.20,   3.48E-013, 
 55.30,   2.68E-013, 
 55.40,   2.37E-013, 
 55.50,  -6.42E-014, 
 55.60,  -5.26E-014, 
 55.70,   3.43E-013, 
 55.80,   4.74E-013, 
 55.90,   5.13E-013, 
 56.00,   1.37E-013, 
 56.10,  -1.32E-013, 
 56.20,  -4.99E-014, 
 56.30,  -3.21E-014, 
 56.40,   1.32E-013, 
 56.50,   2.20E-013, 
 56.60,   2.14E-013, 
 56.70,   1.91E-013, 
 56.80,   1.52E-013, 
 56.90,   4.51E-013, 
 57.00,   1.41E-013, 
 57.10,   2.05E-014, 
 57.20,   2.85E-013, 
 57.30,   2.82E-013, 
 57.40,   1.06E-013, 
 57.50,   8.03E-014, 
 57.60,   2.14E-013, 
 57.70,   4.63E-013, 
 57.80,   3.09E-013, 
 57.90,   2.95E-013, 
 58.00,   3.54E-013, 
 58.10,   3.91E-013, 
 58.20,   2.87E-013, 
 58.30,   2.71E-013, 
 58.40,   1.40E-013, 
 58.50,   2.48E-013, 
 58.60,   2.41E-014, 
 58.70,   3.83E-014, 
 58.80,   3.69E-013, 
 58.90,   1.43E-013, 
 59.00,   1.27E-013, 
 59.10,   2.18E-013, 
 59.20,   1.41E-013, 
 59.30,   3.39E-014, 
 59.40,   6.96E-014, 
 59.50,  -8.74E-014, 
 59.60,  -9.72E-014, 
 59.70,   2.20E-013, 
 59.80,   3.09E-013, 
 59.90,   2.65E-013, 
 60.00,   3.74E-013, 
 60.10,   2.02E-013, 
 60.20,   4.24E-013, 
 60.30,   5.00E-013, 
 60.40,   4.98E-013, 
 60.50,   4.79E-013, 
 60.60,   4.24E-013, 
 60.70,   3.50E-013, 
 60.80,   4.36E-013, 
 60.90,   6.00E-013, 
 61.00,   4.39E-013, 
 61.10,   3.67E-013, 
 61.20,   3.20E-013, 
 61.30,   2.64E-013, 
 61.40,  -1.87E-014, 
 61.50,   8.03E-015, 
 61.60,   3.21E-014, 
 61.70,   1.20E-013, 
 61.80,   1.77E-013, 
 61.90,  -1.23E-013, 
 62.00,  -9.99E-014, 
 62.10,   2.04E-013, 
 62.20,   2.96E-013, 
 62.30,   3.01E-013, 
 62.40,   4.82E-014, 
 62.50,  -1.23E-013, 
 62.60,   1.69E-013, 
 62.70,   3.13E-013, 
 62.80,   2.25E-013, 
 62.90,   2.45E-013, 
 63.00,   2.70E-013, 
 63.10,   3.32E-013, 
 63.20,   2.05E-014, 
 63.30,  -1.20E-013, 
 63.40,   1.43E-013, 
 63.50,   8.47E-014, 
 63.60,   2.05E-013, 
 63.70,   5.11E-013, 
 63.80,   4.86E-013, 
 63.90,   6.45E-013, 
 64.00,   3.00E-013, 
 64.10,   3.88E-013, 
 64.20,   9.99E-014, 
 64.30,   7.76E-014, 
 64.40,   4.26E-013, 
 64.50,   4.03E-013, 
 64.60,   2.57E-013, 
 64.70,  -2.09E-013, 
 64.80,  -2.35E-013, 
 64.90,  -1.80E-013, 
 65.00,   1.96E-014, 
 65.10,  -1.08E-013, 
 65.20,  -4.99E-014, 
 65.30,   2.76E-013, 
 65.40,   2.56E-013, 
 65.50,   3.75E-013, 
 65.60,   3.92E-013, 
 65.70,   2.51E-013, 
 65.80,   4.61E-013, 
 65.90,   3.62E-013, 
 66.00,   2.16E-013, 
 66.10,   1.13E-013, 
 66.20,   1.84E-013, 
 66.30,   1.69E-013, 
 66.40,   2.35E-013, 
 66.50,   2.89E-013, 
 66.60,   1.28E-013, 
 66.70,   3.06E-013, 
 66.80,   3.11E-013, 
 66.90,   2.70E-013, 
 67.00,   2.63E-013, 
 67.10,   5.00E-013, 
 67.20,   4.10E-014, 
 67.30,   3.15E-013, 
 67.40,   6.26E-013, 
 67.50,   3.41E-013, 
 67.60,   2.81E-013, 
 67.70,   1.11E-013, 
 67.80,   4.01E-014, 
 67.90,   4.94E-013, 
 68.00,   4.08E-013, 
 68.10,  -8.20E-014, 
 68.20,  -1.74E-013, 
 68.30,  -1.11E-013, 
 68.40,   1.20E-013, 
 68.50,   2.36E-013, 
 68.60,   1.80E-013, 
 68.70,   1.23E-013, 
 68.80,   4.07E-013, 
 68.90,   1.34E-013, 
 69.00,   2.00E-013, 
 69.10,   4.46E-015, 
 69.20,   1.52E-013, 
 69.30,  -4.55E-014, 
 69.40,   1.53E-013, 
 69.50,   2.17E-013, 
 69.60,   2.88E-013, 
 69.70,   1.64E-013, 
 69.80,   2.65E-013, 
 69.90,   3.32E-013, 
 70.00,   2.20E-013, 
 70.10,   2.39E-013, 
 70.20,   2.86E-013, 
 70.30,   1.52E-014, 
 70.40,  -2.32E-014, 
 70.50,   1.13E-013, 
 70.60,  -7.67E-014, 
 70.70,  -8.29E-014, 
 70.80,   2.32E-014, 
 70.90,   1.07E-013, 
 71.00,   5.44E-014, 
 71.10,   2.65E-013, 
 71.20,   4.55E-013, 
 71.30,   4.17E-013, 
 71.40,   2.68E-013, 
 71.50,  -1.72E-013, 
 71.60,   3.21E-014, 
 71.70,  -9.45E-014, 
 71.80,   3.90E-013, 
 71.90,   4.48E-013, 
 72.00,   1.96E-013, 
 72.10,   2.24E-013, 
 72.20,  -1.34E-014, 
 72.30,   1.08E-013, 
 72.40,   2.11E-013, 
 72.50,   3.47E-013, 
 72.60,   3.03E-014, 
 72.70,   7.04E-014, 
 72.80,   3.52E-013, 
 72.90,   3.23E-013, 
 73.00,   4.79E-013, 
 73.10,   3.35E-013, 
 73.20,   2.48E-013, 
 73.30,   2.71E-013, 
 73.40,   3.31E-013, 
 73.50,   1.36E-013, 
 73.60,   1.71E-013, 
 73.70,   4.35E-013, 
 73.80,   4.38E-013, 
 73.90,   5.64E-013, 
 74.00,   6.87E-013, 
 74.10,   4.87E-013, 
 74.20,   1.80E-013, 
 74.30,   1.16E-013, 
 74.40,  -4.90E-014, 
 74.50,  -3.51E-013, 
 74.60,  -2.03E-013, 
 74.70,   1.43E-014, 
 74.80,   1.35E-013, 
 74.90,   2.94E-013, 
 75.00,   1.98E-013, 
 75.10,   1.91E-013, 
 75.20,  -1.20E-013, 
 75.30,  -1.69E-013, 
 75.40,   2.81E-013, 
 75.50,   3.39E-013, 
 75.60,   4.16E-013, 
 75.70,   4.48E-013, 
 75.80,   2.97E-013, 
 75.90,   4.51E-013, 
 76.00,   2.86E-013, 
 76.10,   9.81E-014, 
 76.20,   6.24E-015, 
 76.30,  -3.15E-013, 
 76.40,  -4.90E-013, 
 76.50,  -6.87E-014, 
 76.60,  -1.03E-013, 
 76.70,   2.83E-013, 
 76.80,   4.67E-013, 
 76.90,   3.22E-013, 
 77.00,   4.24E-013, 
 77.10,   3.50E-013, 
 77.20,   3.25E-013, 
 77.30,   3.51E-013, 
 77.40,   5.15E-013, 
 77.50,   4.24E-013, 
 77.60,   3.96E-013, 
 77.70,   1.45E-013, 
 77.80,   1.39E-013, 
 77.90,   7.36E-013, 
 78.00,   5.47E-013, 
 78.10,   4.43E-013, 
 78.20,   4.71E-013, 
 78.30,   1.90E-013, 
 78.40,  -6.06E-014, 
 78.50,   1.34E-013, 
 78.60,  -4.37E-014, 
 78.70,  -1.07E-014, 
 78.80,   1.09E-013, 
 78.90,   2.98E-013, 
 79.00,   1.54E-013, 
 79.10,   3.60E-013, 
 79.20,   2.36E-013, 
 79.30,   9.36E-014, 
 79.40,   5.97E-013, 
 79.50,   1.11E-012, 
 79.60,   4.07E-012, 
 79.70,   3.63E-012, 
 79.80,   2.95E-012, 
 79.90,   2.94E-012, 
 80.00,   3.06E-012, 
 80.10,   2.61E-012, 
 80.20,   3.50E-013, 
 80.30,  -1.37E-012, 
 80.40,  -4.54E-013, 
 80.50,   1.75E-013, 
 80.60,   1.46E-013, 
 80.70,   1.09E-013, 
 80.80,   2.68E-013, 
 80.90,   4.56E-013, 
 81.00,   2.37E-013, 
 81.10,   5.64E-013, 
 81.20,   6.71E-013, 
 81.30,   7.83E-013, 
 81.40,   4.18E-012, 
 81.50,   5.82E-012, 
 81.60,   6.74E-012, 
 81.70,   8.12E-012, 
 81.80,   1.11E-011, 
 81.90,   1.44E-011, 
 82.00,   1.61E-011, 
 82.10,   1.23E-011, 
 82.20,   7.14E-012, 
 82.30,   4.14E-012, 
 82.40,   3.29E-012, 
 82.50,   4.86E-012, 
 82.60,   7.22E-012, 
 82.70,   9.20E-012, 
 82.80,   1.19E-011, 
 82.90,   1.55E-011, 
 83.00,   1.78E-011, 
 83.10,   1.51E-011, 
 83.20,   9.27E-012, 
 83.30,   5.77E-012, 
 83.40,   7.38E-012, 
 83.50,   1.96E-011, 
 83.60,   3.24E-011, 
 83.70,   4.17E-011, 
 83.80,   5.85E-011, 
 83.90,   7.64E-011, 
 84.00,   7.83E-011, 
 84.10,   5.10E-011, 
 84.20,   2.13E-011, 
 84.30,   7.76E-012, 
 84.40,   3.47E-012, 
 84.50,   2.01E-012, 
 84.60,  -1.92E-013, 
 84.70,  -1.23E-012, 
 84.80,  -3.51E-013, 
 84.90,   2.32E-013, 
 85.00,   5.95E-013, 
 85.10,   1.00E-012, 
 85.20,   1.11E-012, 
 85.30,   2.90E-012, 
 85.40,   4.24E-012, 
 85.50,   6.10E-012, 
 85.60,   8.64E-012, 
 85.70,   1.13E-011, 
 85.80,   1.58E-011, 
 85.90,   2.11E-011, 
 86.00,   2.34E-011, 
 86.10,   1.74E-011, 
 86.20,   9.56E-012, 
 86.30,   4.33E-012, 
 86.40,   2.41E-012, 
 86.50,  -9.76E-013, 
 86.60,  -9.49E-013, 
 86.70,  -5.90E-013, 
 86.80,  -1.82E-013, 
 86.90,  -2.31E-013, 
 87.00,   1.07E-013, 
 87.10,   1.86E-013, 
 87.20,   3.67E-013, 
 87.30,   3.16E-013, 
 87.40,   2.10E-013, 
 87.50,   1.22E-013, 
 87.60,   2.90E-013, 
 87.70,   5.15E-013, 
 87.80,   1.05E-013, 
 87.90,   2.51E-013, 
 88.00,   2.18E-013, 
 88.10,   2.53E-013, 
 88.20,   4.13E-013, 
 88.30,   1.71E-013, 
 88.40,   1.23E-013, 
 88.50,   2.08E-013, 
 88.60,   4.19E-014, 
 88.70,   4.19E-014, 
 88.80,  -6.24E-015, 
 88.90,   1.07E-014, 
 89.00,   9.10E-014, 
 89.10,   3.09E-013, 
 89.20,   4.46E-013, 
 89.30,   3.43E-013, 
 89.40,  -8.03E-015, 
 89.50,   1.58E-013, 
 89.60,   1.18E-013, 
 89.70,   1.69E-013, 
 89.80,   2.63E-013, 
 89.90,   3.17E-013, 
 90.00,   2.84E-013, 
