Aug 20, 2026  01:40:03 PM
Residual Gas Analyzer Software 
RGA Software Version, 3.214.004

Pressure vs Time Scan Setup:

Active channels in Scan, 8 
Units, Torr
Sample Period, 1.00, sec
Focus Voltage, 90, Volts 
Ion Energy, HIGH 
Electron Energy, 70, eV 
CEM Voltage, 1159, Volts
CEM Gain, 1.01E+003 
Sensitivity Factor, 1.11E-004 
Filament Current, 1.00, mAmps
Start time, Aug 20, 2026  01:40:03 PM 
Channel,  Mass(amu),     Name,                 Cal Factor,  Noise Floor, CEM Status

1         2.00           Hydrogen              1.00         3            OFF
2         4.00           Helium                1.00         3            OFF
3         26.00          Dummy-26              1.00         3            ON
4         28.00          Nitrogen              1.00         3            ON
5         32.00          Oxygen                1.00         3            ON
6         40.00          Argon                 1.00         3            ON
7         44.00          CO2                   1.00         3            ON
8         84.00          Krypton               1.00         3            ON


Time(s)      Channel#1   Channel#2   Channel#3   Channel#4   Channel#5   Channel#6   Channel#7   Channel#8   

0.000,   3.9930E-008,   2.6179E-006,   1.3687E-011,   1.7944E-011,   1.9033E-011,   1.8875E-011,   8.9621E-012,   7.4194E-013,  
5.609,   3.8496E-008,   2.6324E-006,   4.5176E-012,   1.6937E-011,   1.8823E-011,   1.8026E-011,   9.3946E-012,   3.1657E-013,  
10.625,   3.8237E-008,   2.6222E-006,   2.1109E-011,   1.6802E-011,   1.8732E-011,   1.7971E-011,   8.2326E-012,   1.5071E-013,  
15.625,   3.8279E-008,   2.6230E-006,   2.1681E-011,   1.6996E-011,   1.6448E-011,   1.7808E-011,   7.3953E-012,   6.0550E-013,  
21.625,   4.1190E-008,   2.6262E-006,   2.2362E-011,   1.6302E-011,   1.8878E-011,   1.8712E-011,   7.8153E-012,   2.4969E-013,  
27.625,   3.8451E-008,   2.6145E-006,   2.1379E-011,   1.6538E-011,   1.4609E-011,   1.9239E-011,   8.8203E-012,   4.4052E-013,  
32.609,   3.8945E-008,   2.6049E-006,   2.1747E-011,   1.7319E-011,   1.9202E-011,   1.7878E-011,   8.9220E-012,   3.0498E-013,  
37.625,   3.8684E-008,   2.6197E-006,   2.0245E-011,   1.6639E-011,   1.8699E-011,   1.8638E-011,   7.3070E-012,   1.4268E-013,  
42.640,   4.0455E-008,   2.6126E-006,   2.0992E-011,   1.7000E-011,   1.8833E-011,   1.9255E-011,   7.3703E-012,   5.9836E-013,  
47.640,   4.2887E-008,   2.6215E-006,   2.1276E-011,   1.5611E-011,   1.8256E-011,   1.8646E-011,   8.9121E-012,  -9.8092E-015,  
52.672,   4.2469E-008,   2.6076E-006,   2.1599E-011,   1.6543E-011,   1.7897E-011,   1.8631E-011,   7.9107E-012,  -5.4397E-014,  
57.672,   3.9954E-008,   2.6124E-006,   4.6291E-012,   1.6117E-011,   1.9042E-011,   1.8553E-011,   8.2701E-012,   4.3696E-013,  
63.687,   4.0941E-008,   2.5977E-006,   2.1308E-011,   1.6882E-011,   1.9539E-011,   1.9408E-011,   8.0275E-012,   2.2115E-013,  
69.656,   3.9973E-008,   2.5936E-006,   2.1960E-011,   1.6595E-011,   1.8936E-011,   1.8849E-011,   5.7295E-012,   5.3594E-013,  
74.672,   4.0883E-008,   2.6123E-006,   2.0816E-011,   1.6744E-011,   1.8802E-011,   1.8619E-011,   7.5424E-012,   1.6408E-013,  
79.656,   4.0670E-008,   2.6057E-006,   2.0979E-011,   1.6450E-011,   1.6492E-011,   1.8554E-011,   5.3942E-012,   1.0701E-013,  
84.672,   3.8882E-008,   2.5875E-006,   2.1120E-011,   1.6065E-011,   1.8014E-011,   1.8432E-011,   6.9904E-012,   2.0867E-013,  
89.672,   3.9739E-008,   2.6059E-006,   2.0425E-011,   1.5833E-011,   1.8087E-011,   1.9008E-011,   7.0457E-012,   9.3634E-014,  
94.656,   3.9133E-008,   2.5738E-006,   2.1384E-011,   1.5886E-011,   1.8793E-011,   1.8380E-011,   8.8248E-012,   1.6141E-013,  
99.672,   4.0714E-008,   2.5997E-006,   2.1397E-011,   1.6731E-011,   1.7728E-011,   1.9323E-011,   8.2933E-012,  -3.8167E-013,  
105.672,   3.7989E-008,   2.5851E-006,   2.1204E-011,   1.6064E-011,   1.7703E-011,   1.8545E-011,   8.2861E-012,   5.2613E-013,  
110.672,   4.1089E-008,   2.5935E-006,   6.3341E-012,   1.6391E-011,   1.7816E-011,   1.8730E-011,   6.9030E-012,   3.2727E-013,  
115.672,   3.9237E-008,   2.5770E-006,   2.0693E-011,   1.6947E-011,   1.7872E-011,   1.7998E-011,   7.3320E-012,   4.9938E-014,  
120.672,   4.0886E-008,   2.5909E-006,  -1.6408E-013,   1.6651E-011,   1.7798E-011,   1.8524E-011,   7.6664E-012,   3.0498E-013,  
125.672,   4.2122E-008,   2.5984E-006,   2.0781E-011,   1.6224E-011,   1.7813E-011,   1.8833E-011,   5.9729E-012,   4.1020E-014,  
130.672,   3.9197E-008,   2.5697E-006,   1.9668E-011,   1.6264E-011,   1.6224E-011,   1.8311E-011,   7.8777E-012,   3.1033E-013,  
136.687,   3.9874E-008,   2.5815E-006,   2.1367E-011,   1.6222E-011,   1.7633E-011,   1.9460E-011,   6.1433E-012,   7.6423E-013,  
142.672,   3.8033E-008,   2.5624E-006,   6.6302E-012,   1.7289E-011,   1.7862E-011,   1.8380E-011,   7.5050E-012,   1.1682E-013,  
147.672,   3.8984E-008,   2.6010E-006,   2.0443E-011,   1.6873E-011,   1.7812E-011,   1.9589E-011,   7.6494E-012,   5.0206E-013,  
152.672,   3.4983E-008,   2.5714E-006,   1.9578E-011,   1.5924E-011,   1.8534E-011,   1.9103E-011,   6.4358E-012,   4.4409E-013,  
158.672,   3.8580E-008,   2.5776E-006,   2.3486E-011,   1.6669E-011,   1.8027E-011,   1.8460E-011,   8.9041E-012,   3.4600E-013,  
163.687,   3.8430E-008,   2.5754E-006,   2.0441E-011,   1.6037E-011,   1.8065E-011,   1.9602E-011,   6.8460E-012,   2.7020E-013,  
169.672,   3.9631E-008,   2.5670E-006,   1.9532E-011,   1.6813E-011,   1.8437E-011,   1.8968E-011,   7.6352E-012,   3.2014E-013,  
174.656,   4.0788E-008,   2.5699E-006,   2.0845E-011,   1.5457E-011,   1.8034E-011,   1.9223E-011,   6.0648E-012,   5.6180E-014,  
179.672,   4.0254E-008,   2.5684E-006,   1.8514E-011,   1.5615E-011,   1.7342E-011,   1.8174E-011,   7.0430E-012,   9.8092E-014,  
184.687,   3.6798E-008,   2.5700E-006,   2.0668E-011,   1.6272E-011,   1.7813E-011,   1.9814E-011,   6.7648E-012,  -1.2663E-013,  
190.672,   3.7359E-008,   2.5617E-006,   2.0921E-011,   1.6760E-011,   1.7195E-011,   1.8195E-011,   9.0825E-012,   3.2460E-013,  
196.672,   3.9010E-008,   2.5682E-006,   6.9093E-012,   1.6264E-011,   1.7704E-011,   1.8720E-011,   7.5487E-012,   6.8665E-013,  
201.687,   3.5754E-008,   2.5601E-006,   2.1065E-011,   1.6157E-011,   1.7501E-011,   1.9124E-011,   5.9926E-012,  -5.9747E-014,  
207.656,   3.7483E-008,   2.5569E-006,   2.2009E-011,   1.6898E-011,   1.8118E-011,   1.9263E-011,   7.8608E-012,   4.5836E-013,  
212.687,   3.7839E-008,   2.5696E-006,   2.1760E-011,   1.6461E-011,   1.7471E-011,   1.8878E-011,   7.1197E-012,   3.9683E-013,  
218.672,   3.7986E-008,   2.5691E-006,   7.9152E-012,   1.6406E-011,   1.8400E-011,   1.9188E-011,   8.0507E-012,   4.2091E-013,  
223.687,   3.6554E-008,   2.5674E-006,   2.1808E-011,   1.7173E-011,   1.8103E-011,   1.8471E-011,   7.2954E-012,   3.1925E-013,  
229.656,   4.0434E-008,   2.5860E-006,   2.1117E-011,   1.7372E-011,   1.8284E-011,   1.8719E-011,   8.4181E-012,   1.3287E-013,  
234.672,   3.8723E-008,   2.5787E-006,   7.4211E-012,   1.9742E-011,   1.7159E-011,   1.8400E-011,   6.9271E-012,   3.3173E-013,  
239.672,   3.7046E-008,   2.5749E-006,   1.8835E-011,   2.0459E-011,   1.7387E-011,   1.8094E-011,   8.0828E-012,   5.6894E-013,  
244.656,   3.7869E-008,   2.5697E-006,   1.9793E-011,   1.9866E-011,   1.7549E-011,   1.8142E-011,   5.5654E-012,   2.0064E-013,  
249.672,   4.0284E-008,   2.5855E-006,   2.0358E-011,   1.9632E-011,   1.7694E-011,   1.8522E-011,   7.1188E-012,   9.8092E-014,  
254.656,   3.7276E-008,   2.5827E-006,   1.9037E-011,   1.7890E-011,   1.7421E-011,   1.8844E-011,   7.0413E-012,   5.3505E-014,  
259.672,   3.6730E-008,   2.5842E-006,   6.8576E-012,   1.7411E-011,   1.8375E-011,   1.9381E-011,   6.4786E-012,   1.3287E-013,  
264.656,   3.9256E-008,   2.5788E-006,   2.0001E-011,   1.7238E-011,   1.8186E-011,   1.8502E-011,   6.9004E-012,   2.2115E-013,  
269.672,   3.7927E-008,   2.5885E-006,   2.0393E-011,   1.6167E-011,   1.7317E-011,   1.8845E-011,   7.5576E-012,   1.5873E-013,  
274.672,   3.9256E-008,   2.5896E-006,   1.0376E-011,   1.6701E-011,   1.8107E-011,   1.8570E-011,   7.6334E-012,   3.4243E-013,  
279.687,   3.5929E-008,   2.5715E-006,   2.0133E-011,   1.7239E-011,   1.7696E-011,   1.9040E-011,   6.7568E-012,   1.7211E-013,  
284.687,   3.7306E-008,   2.5722E-006,   2.0108E-011,   1.5996E-011,   1.7803E-011,   1.8649E-011,   9.2118E-012,   2.3453E-013,  
289.703,   3.6098E-008,   2.5756E-006,   2.0024E-011,   1.5691E-011,   1.7288E-011,   1.8834E-011,   7.3578E-012,   3.4243E-013,  
294.703,   3.8711E-008,   2.5767E-006,   7.8394E-012,   1.6759E-011,   1.7541E-011,   1.8781E-011,   6.9637E-012,   2.2561E-013,  
299.750,   3.7734E-008,   2.5806E-006,   6.8763E-012,   1.6463E-011,   1.7363E-011,   1.8350E-011,   6.0844E-012,   4.2893E-013,  
304.750,   3.8574E-008,   2.5947E-006,   2.0172E-011,   1.5659E-011,   1.7739E-011,   1.8672E-011,   7.7163E-012,   4.9046E-013,  
309.750,   3.6084E-008,   2.5822E-006,   2.0717E-011,   1.6016E-011,   1.7457E-011,   1.8767E-011,   5.3648E-012,   1.5249E-013,  
314.750,   3.5966E-008,   2.5861E-006,   1.9258E-011,   1.5718E-011,   1.7933E-011,   1.8563E-011,   8.1497E-012,   2.2740E-013,  
319.750,   3.5321E-008,   2.5929E-006,   1.8979E-011,   1.5701E-011,   1.7547E-011,   1.8399E-011,   8.5956E-012,   5.8410E-013,  
324.750,   3.7682E-008,   2.5819E-006,   1.8180E-011,   1.6033E-011,   1.7632E-011,   1.8663E-011,   7.9865E-012,   3.0765E-013,  
329.750,   3.5402E-008,   2.5828E-006,   2.0052E-011,   1.5915E-011,   1.7860E-011,   1.8440E-011,   8.8890E-012,   3.7097E-013,  
334.750,   3.4720E-008,   2.5953E-006,   2.0461E-011,   1.6208E-011,   1.7580E-011,   1.8776E-011,   6.9521E-012,   8.1149E-013,  
339.765,   3.5072E-008,   2.5745E-006,   1.9786E-011,   1.6361E-011,   1.7114E-011,   1.8345E-011,   7.3123E-012,   2.5593E-013,  
345.750,   3.6883E-008,   2.5836E-006,   6.7702E-012,   1.6185E-011,   1.7622E-011,   1.8408E-011,   7.3650E-012,   6.7595E-013,  
351.734,   3.8429E-008,   2.5951E-006,   1.8811E-011,   1.6131E-011,   1.7516E-011,   1.8882E-011,   7.7181E-012,   2.0867E-013,  
356.734,   3.6876E-008,   2.5985E-006,   1.9605E-011,   1.5941E-011,   1.7385E-011,   1.8635E-011,   6.5330E-012,   5.3059E-013,  
361.734,   3.5690E-008,   2.5844E-006,   3.1363E-012,   1.5815E-011,   1.7312E-011,   1.9640E-011,   6.7889E-012,   4.6817E-013,  
366.750,   3.7820E-008,   2.5976E-006,   1.9582E-011,   1.6400E-011,   1.7732E-011,   1.8105E-011,   8.1381E-012,   4.1645E-013,  
371.734,   3.6320E-008,   2.5895E-006,   6.1477E-012,   1.5610E-011,   1.7793E-011,   1.8166E-011,   6.6578E-012,   6.1977E-013,  
376.750,   3.7381E-008,   2.5906E-006,   1.9722E-011,   1.6611E-011,   1.7434E-011,   1.8226E-011,   8.0837E-012,   1.4000E-013,  
381.765,   3.7070E-008,   2.6031E-006,   1.8507E-011,   1.6129E-011,   1.7079E-011,   1.8663E-011,   6.7800E-012,   3.4778E-014,  
386.765,   3.5942E-008,   2.5957E-006,   2.0355E-011,   1.5879E-011,   1.6769E-011,   1.8053E-011,   9.1190E-012,  -1.2930E-013,  
391.797,   3.5414E-008,   2.5939E-006,   1.8580E-011,   1.5709E-011,   1.7308E-011,   1.9300E-011,   8.3129E-012,   3.7899E-013,  
396.781,   3.6780E-008,   2.5947E-006,   2.0396E-011,   1.5630E-011,   1.6957E-011,   1.8205E-011,   8.3780E-012,   4.1556E-013,  
401.812,   3.6528E-008,   2.5929E-006,   1.8405E-011,   1.5911E-011,   1.6878E-011,   1.7879E-011,   8.2576E-012,   1.8638E-013,  
407.781,   3.7940E-008,   2.6158E-006,   7.2160E-012,   1.5423E-011,   1.7011E-011,   1.8108E-011,   6.2717E-012,   3.4332E-013,  
412.797,   3.6952E-008,   2.6258E-006,   1.8532E-011,   1.6026E-011,   1.6626E-011,   1.8400E-011,   7.4497E-012,   1.6497E-013,  
418.812,   3.7605E-008,   2.5928E-006,   1.9792E-011,   1.6071E-011,   1.6680E-011,   1.8929E-011,   3.9567E-012,   3.3886E-013,  
424.781,   3.4301E-008,   2.5962E-006,   1.9116E-011,   1.5461E-011,   1.7487E-011,   1.8173E-011,   5.4076E-012,   3.3262E-013,  
429.797,   3.5413E-008,   2.5915E-006,   1.8750E-011,   1.5900E-011,   1.7214E-011,   1.8236E-011,   7.4978E-012,   2.0956E-013,  
434.797,   3.5372E-008,   2.5919E-006,   2.0020E-011,   1.5251E-011,   1.6780E-011,   1.8029E-011,   7.4657E-012,  -8.0257E-015,  
439.797,   3.4531E-008,   2.6022E-006,   1.8983E-011,   1.5698E-011,   1.6833E-011,   1.8542E-011,   8.5002E-012,   2.2205E-013,  
444.797,   3.6667E-008,   2.6203E-006,   1.9282E-011,   1.5760E-011,   1.7728E-011,   1.8934E-011,   7.2678E-012,   2.1224E-013,  
449.781,   3.4619E-008,   2.6081E-006,   1.7903E-011,   1.2304E-011,   1.5971E-011,   1.7744E-011,   7.4889E-012,   5.4129E-013,  
454.797,   3.5780E-008,   2.6121E-006,   1.9071E-011,   1.6866E-011,   1.7518E-011,   1.9006E-011,   8.2540E-012,   2.7109E-013,  
459.812,   3.4314E-008,   2.6156E-006,   1.9529E-011,   1.5726E-011,   1.6425E-011,   1.8153E-011,   6.8923E-012,   1.5516E-013,  
464.828,   3.5196E-008,   2.6075E-006,   1.9714E-011,   1.6191E-011,   1.7534E-011,   1.8099E-011,   7.6138E-012,   3.8434E-013,  
469.828,   3.4935E-008,   2.6031E-006,   4.6282E-013,   1.5782E-011,   1.7688E-011,   1.8710E-011,   8.3102E-012,   5.1632E-013,  
474.828,   3.4329E-008,   2.5934E-006,   1.8147E-011,   1.5578E-011,   1.6558E-011,   1.8717E-011,   8.4636E-012,   3.9505E-013,  
479.828,   3.6327E-008,   2.6023E-006,   1.9461E-011,   1.6207E-011,   1.7120E-011,   1.8110E-011,   6.6810E-012,   2.9249E-013,  
484.843,   3.5335E-008,   2.5960E-006,   3.7266E-012,   1.6568E-011,   1.6663E-011,   1.7852E-011,   7.0065E-012,   4.4855E-013,  
489.859,   3.6896E-008,   2.6152E-006,   2.0332E-013,   1.5953E-011,   1.6216E-011,   1.8236E-011,   6.1049E-012,  -5.0830E-014,  
494.875,   3.5824E-008,   2.6028E-006,   1.8691E-011,   1.4479E-011,   1.6707E-011,   1.7897E-011,   7.3195E-012,  -1.7032E-013,  
499.859,   3.6797E-008,   2.6115E-006,   1.8259E-011,   1.6258E-011,   1.7269E-011,   1.8321E-011,   6.4536E-012,   3.3262E-013,  
504.890,   3.3471E-008,   2.6122E-006,   1.7362E-011,   1.6410E-011,   1.6793E-011,   1.8210E-011,   7.8465E-012,   1.6765E-013,  
509.890,   3.3398E-008,   2.6101E-006,   6.6694E-012,   1.6390E-011,   1.7104E-011,   1.7898E-011,   8.4137E-012,   3.1835E-013,  
514.906,   3.4238E-008,   2.6029E-006,   1.7904E-011,   1.6011E-011,   1.7956E-011,   1.8212E-011,   8.3798E-012,   4.3874E-013,  
519.906,   3.5372E-008,   2.6013E-006,   1.6072E-011,   1.5543E-011,   1.6738E-011,   1.7007E-011,   6.9164E-012,   2.9249E-013,  
524.922,   3.4031E-008,   2.6059E-006,   6.1986E-012,   1.5962E-011,   1.8114E-011,   1.8053E-011,   7.8278E-012,   3.5938E-013,  
529.906,   3.4814E-008,   2.6287E-006,   1.7485E-011,   1.4889E-011,   1.6658E-011,   1.7131E-011,   8.3147E-012,   1.2039E-013,  
534.922,   3.5250E-008,   2.6319E-006,   1.8613E-011,   1.5462E-011,   1.6900E-011,   1.7767E-011,   7.1090E-012,   4.1645E-013,  
539.922,   3.7170E-008,   2.6163E-006,   1.8345E-011,   1.5224E-011,   1.7332E-011,   1.7663E-011,   8.6072E-012,  -8.9175E-016,  
544.937,   3.7248E-008,   2.6268E-006,   1.7847E-011,   1.6553E-011,   1.6382E-011,   1.8557E-011,   7.7136E-012,   4.1556E-013,  
549.937,   3.4814E-008,   2.6225E-006,   6.1424E-012,   1.5804E-011,   1.6418E-011,   1.9064E-011,   7.4194E-012,   9.8092E-014,  
554.968,   3.4882E-008,   2.6218E-006,   1.8347E-011,   1.5318E-011,   1.6319E-011,   1.8442E-011,   6.9708E-012,   1.9083E-013,  
559.953,   3.6147E-008,   2.6396E-006,   1.6499E-011,   1.3120E-011,   1.6675E-011,   1.7419E-011,   6.1219E-012,   4.4587E-013,  
564.968,   3.8716E-008,   2.6312E-006,   1.7739E-011,   1.5344E-011,   1.6513E-011,   1.7282E-011,   7.0163E-012,   1.8370E-013,  
569.968,   3.6066E-008,   2.6371E-006,   1.7651E-011,   1.5090E-011,   1.6558E-011,   1.7105E-011,   7.0074E-012,  -4.3161E-013,  
574.968,   3.7041E-008,   2.6397E-006,   1.6984E-011,   1.5064E-011,   1.6182E-011,   1.7575E-011,   6.6186E-012,   1.2395E-013,  
579.968,   3.7431E-008,   2.6296E-006,   1.6593E-011,   1.5164E-011,   1.6557E-011,   1.7437E-011,   8.8640E-012,   1.8816E-013,  
584.984,   3.8837E-008,   2.6289E-006,   1.7582E-011,   1.5248E-011,   1.6192E-011,   1.7427E-011,   6.8156E-012,   1.8281E-013,  
590.000,   3.7528E-008,   2.6272E-006,   1.7460E-011,   1.5852E-011,   1.6436E-011,   1.7472E-011,   7.9419E-012,   3.3886E-014,  
596.000,   3.6192E-008,   2.6312E-006,   1.7808E-011,   1.5376E-011,   1.5933E-011,   1.7897E-011,   8.4939E-012,   9.2742E-014,  
601.000,   3.6946E-008,   2.6186E-006,   1.6842E-011,   1.5713E-011,   1.7424E-011,   1.7862E-011,   9.2412E-012,   5.9391E-013,  
606.000,   3.3474E-008,   2.6021E-006,   1.7706E-011,   1.5192E-011,   1.6373E-011,   1.7278E-011,   7.6485E-012,   2.4969E-013,  
610.984,   3.2343E-008,   2.5385E-006,   1.8949E-011,   1.4730E-011,   1.6720E-011,   1.7236E-011,   6.7363E-012,   1.8638E-013,  
616.000,   3.3845E-008,   2.5738E-006,   1.8240E-011,   1.4996E-011,   1.5856E-011,   1.7508E-011,   8.4324E-012,   2.0243E-013,  
622.000,   3.4814E-008,   2.6036E-006,   1.9208E-011,   1.4915E-011,   1.6863E-011,   1.6661E-011,   9.0691E-012,   8.4716E-014,  
626.984,   3.6041E-008,   2.6094E-006,   1.7460E-011,   1.5236E-011,   1.6668E-011,   1.7956E-011,   7.2847E-012,   2.0243E-013,  
631.984,   3.7054E-008,   2.6200E-006,   1.6983E-011,   1.6361E-011,   1.6907E-011,   1.7935E-011,   8.7668E-012,   0.0000E+000,  
637.015,   3.4511E-008,   2.6013E-006,   1.8669E-011,   1.5021E-011,   1.7010E-011,   1.7771E-011,   7.8652E-012,   2.6752E-015,  
643.000,   3.5424E-008,   2.6411E-006,   1.6827E-011,   1.5582E-011,   1.6365E-011,   1.8277E-011,   8.4145E-012,  -1.7389E-013,  
649.000,   3.5350E-008,   2.6212E-006,   6.1049E-012,   1.4915E-011,   1.6853E-011,   1.7160E-011,   8.0534E-012,   3.1390E-013,  
653.984,   3.6012E-008,   2.6265E-006,   6.4616E-012,   1.5105E-011,   1.6790E-011,   1.7559E-011,   7.9803E-012,   2.3631E-013,  
659.000,   3.3294E-008,   2.6344E-006,   1.7205E-011,   1.5150E-011,   1.6749E-011,   1.7482E-011,   6.5811E-012,   3.2638E-013,  
664.015,   3.5635E-008,   2.6169E-006,   1.6628E-011,   1.6042E-011,   1.6843E-011,   1.8322E-011,   6.2164E-012,   6.1887E-013,  
670.000,   3.5104E-008,   2.6433E-006,   1.6983E-011,   1.5387E-011,   1.6715E-011,   1.7801E-011,   6.9449E-012,   7.5799E-014,  
675.000,   3.6147E-008,   2.6286E-006,   1.6732E-011,   1.5072E-011,   1.6381E-011,   1.7713E-011,   6.8183E-012,  -1.3376E-014,  
680.015,   3.5577E-008,   2.6209E-006,   1.6537E-011,   1.4626E-011,   1.6591E-011,   1.7582E-011,   6.4304E-012,   2.3096E-013,  
685.031,   3.5883E-008,   2.6318E-006,   6.1638E-012,   1.5568E-011,   1.7139E-011,   1.7223E-011,   6.2289E-012,   1.8370E-013,  
691.047,   3.6762E-008,   2.6148E-006,   1.8449E-011,   1.5543E-011,   1.6932E-011,   1.7440E-011,   6.7095E-012,   3.0052E-013,  
696.047,   3.5164E-008,   2.6350E-006,   1.7600E-011,   1.5596E-011,   1.6773E-011,   1.7921E-011,   6.6819E-012,   2.9160E-013,  
701.078,   3.5476E-008,   2.6356E-006,   1.6488E-011,   1.4796E-011,   1.6050E-011,   1.7193E-011,   7.3311E-012,   2.8804E-013,  
707.093,   3.4956E-008,   2.6498E-006,   7.7440E-012,   1.5308E-011,   1.6524E-011,   1.7304E-011,   6.7978E-012,  -4.1912E-014,  
713.078,   3.6392E-008,   2.6450E-006,   6.9601E-012,   1.5141E-011,   1.6562E-011,   1.7726E-011,   7.6771E-012,  -1.3287E-013,  
718.062,   3.4945E-008,   2.6439E-006,   6.3653E-012,   1.4965E-011,   1.6245E-011,   1.8053E-011,   8.0302E-012,   2.1224E-013,  
723.109,   3.8771E-008,   2.6623E-006,   1.7437E-011,   1.6060E-011,   1.6445E-011,   1.7686E-011,   6.7060E-012,   3.2371E-013,  
728.125,   3.7831E-008,   2.6486E-006,   1.5743E-011,   1.5494E-011,   1.6002E-011,   2.2650E-011,   1.4919E-012,   2.7198E-013,  
733.125,   3.6341E-008,   2.6533E-006,   1.7256E-011,   1.5536E-011,   1.6645E-011,   7.8586E-011,   7.8082E-012,   7.9366E-014,  
738.109,   3.4398E-008,   2.6470E-006,   1.6298E-011,   1.5603E-011,   1.8408E-011,   1.5144E-010,   8.2737E-012,  -3.8345E-014,  
743.125,   3.4549E-008,   2.6549E-006,   1.7576E-011,   1.4718E-011,   2.0469E-011,   1.4166E-010,   9.1467E-012,   6.9556E-014,  
749.109,   3.4117E-008,   2.6378E-006,   1.6385E-011,   1.5611E-011,   2.0054E-011,   7.2123E-011,   8.6090E-012,   5.0206E-013,  
754.140,   3.7900E-008,   2.6332E-006,   1.6505E-011,   1.5139E-011,   1.8189E-011,   3.9241E-011,   8.4850E-012,   2.5058E-013,  
759.172,   3.5626E-008,   2.6380E-006,   1.6796E-011,   1.5222E-011,   1.7201E-011,   2.7589E-011,   8.3646E-012,   3.3886E-013,  
764.172,   3.6215E-008,   2.6328E-006,   1.7184E-011,   1.5576E-011,   1.5720E-011,   2.2211E-011,   6.2324E-012,   4.0931E-013,  
769.156,   3.6987E-008,   2.6656E-006,   1.6956E-011,   1.5157E-011,   1.6692E-011,   1.9350E-011,   7.0109E-012,  -3.5670E-015,  
774.172,   3.5715E-008,   2.6278E-006,   1.8225E-011,   1.4768E-011,   1.6655E-011,   1.8914E-011,   8.7302E-012,   2.3453E-013,  
779.187,   3.5598E-008,   2.6396E-006,   1.6414E-011,   1.5045E-011,   1.6476E-011,   1.8027E-011,   7.4845E-012,  -4.4587E-014,  
784.203,   3.7892E-008,   2.6601E-006,   5.7741E-012,   1.5318E-011,   1.5920E-011,   1.7531E-011,   6.6453E-012,  -1.7389E-013,  
789.265,   3.8170E-008,   2.6547E-006,   1.6187E-011,   1.5492E-011,   1.6572E-011,   1.8210E-011,   6.7755E-012,  -5.4397E-014,  
795.250,   3.5672E-008,   2.6585E-006,   1.5984E-011,   1.4834E-011,   1.6376E-011,   1.7081E-011,   6.6186E-012,  -2.1491E-013,  
800.234,   3.5722E-008,   2.6547E-006,   1.6989E-011,   1.4926E-011,   1.6122E-011,   1.6883E-011,   8.9505E-012,  -1.4892E-013,  
805.250,   3.7605E-008,   2.6486E-006,   1.5047E-011,   1.5419E-011,   1.5983E-011,   1.7607E-011,   6.9334E-012,   2.2472E-013,  
810.250,   3.6106E-008,   2.6419E-006,   1.7414E-011,   1.5598E-011,   1.6646E-011,   1.7430E-011,   6.8950E-012,   2.6663E-013,  
816.250,   3.2480E-008,   2.6436E-006,   1.8009E-011,   1.5724E-011,   1.6518E-011,   1.7337E-011,   6.9021E-012,   3.3708E-013,  
821.265,   3.5164E-008,   2.6478E-006,   1.7104E-011,   1.5203E-011,   1.5804E-011,   1.6764E-011,   7.5736E-012,   4.7530E-013,  
826.281,   3.4535E-008,   2.6302E-006,   1.6702E-011,   1.5266E-011,   1.6737E-011,   1.7382E-011,   6.9646E-012,   1.4536E-013,  
831.265,   3.6683E-008,   2.6441E-006,   6.0140E-012,   1.5377E-011,   1.5582E-011,   1.7272E-011,   7.7957E-012,  -1.7032E-013,  
836.281,   3.4294E-008,   2.6303E-006,   1.6760E-011,   1.5556E-011,   1.6578E-011,   1.7523E-011,   7.1795E-012,   2.1848E-013,  
841.297,   3.4805E-008,   2.6456E-006,   1.7689E-011,   1.3992E-011,   1.6554E-011,   1.6958E-011,   7.7475E-012,   2.9874E-013,  
846.281,   3.6556E-008,   2.6268E-006,   1.6404E-011,   1.5390E-011,   1.6362E-011,   1.7333E-011,   7.2027E-012,   1.3287E-013,  
851.297,   3.5186E-008,   2.6228E-006,   1.6675E-011,   1.6249E-011,   1.6031E-011,   1.6926E-011,   7.1278E-012,   7.2232E-014,  
856.297,   3.6098E-008,   2.6387E-006,   1.6393E-011,   1.5259E-011,   1.6587E-011,   1.6461E-011,   8.6901E-012,  -3.0944E-013,  
861.281,   3.6134E-008,   2.6628E-006,   1.5173E-011,   1.5518E-011,   1.6900E-011,   1.6883E-011,   8.1007E-012,   1.3109E-013,  
866.297,   3.8248E-008,   2.6496E-006,   1.7666E-011,   1.6333E-011,   1.5312E-011,   1.6938E-011,   6.7238E-012,   1.8727E-014,  
871.297,   3.6204E-008,   2.6371E-006,   1.5911E-011,   1.5187E-011,   1.6810E-011,   1.7616E-011,   7.6521E-012,   6.2422E-015,  
876.297,   3.5355E-008,   2.6475E-006,   1.7190E-011,   1.4382E-011,   1.5785E-011,   1.6859E-011,   8.4591E-012,   6.9556E-014,  
881.312,   3.3575E-008,   2.6436E-006,   1.6454E-011,   1.4750E-011,   1.6328E-011,   1.6710E-011,   6.8183E-012,   3.7810E-013,  
887.297,   3.3444E-008,   2.6399E-006,   1.7049E-011,   1.5546E-011,   1.4108E-011,   1.7272E-011,   6.9360E-012,   4.4052E-013,  
892.297,   3.7044E-008,   2.6590E-006,   1.6953E-011,   1.5283E-011,   1.5996E-011,   1.7170E-011,   7.0564E-012,   1.5784E-013,  
897.297,   3.5249E-008,   2.6370E-006,   1.7306E-011,   1.5308E-011,   1.5384E-011,   1.6828E-011,   6.3733E-012,  -1.1281E-012,  
902.297,   3.6165E-008,   2.6431E-006,   1.5615E-011,   1.5934E-011,   1.6230E-011,   1.7044E-011,   8.2942E-012,   1.2395E-013,  
907.312,   3.4083E-008,   2.6401E-006,   1.7757E-011,   1.7978E-011,   1.5874E-011,   1.7652E-011,   8.3388E-012,   9.7201E-014,  
913.312,   3.5032E-008,   2.6530E-006,   1.7566E-011,   2.6834E-011,   1.6720E-011,   1.7556E-011,   7.0876E-012,   1.7835E-013,  
918.312,   3.6301E-008,   2.6448E-006,   1.7280E-011,   3.7146E-011,   1.6793E-011,   1.7279E-011,   9.0700E-012,   2.2561E-013,  
923.328,   3.5356E-008,   2.6521E-006,   1.7212E-011,   4.5238E-011,   1.6562E-011,   1.7167E-011,   9.1716E-012,   3.5938E-013,  
928.343,   3.4243E-008,   2.6405E-006,   1.7713E-011,   4.6586E-011,   1.6729E-011,   1.6876E-011,   6.8790E-012,   2.0243E-013,  
933.343,   3.4457E-008,   2.6522E-006,   1.6128E-011,   3.9497E-011,   1.6333E-011,   1.6983E-011,   7.1527E-012,   4.4409E-013,  
938.343,   3.5588E-008,   2.6441E-006,   7.4889E-012,   3.1176E-011,   1.5606E-011,   1.6661E-011,   7.0903E-012,   1.1730E-011,  
943.328,   3.0967E-009,   7.8903E-007,   1.7028E-011,   2.4181E-011,   1.6645E-011,   1.6804E-011,   7.0430E-012,   1.3109E-013,  
948.343,   4.0189E-008,   2.9841E-006,   1.6604E-011,   1.8386E-011,   1.6459E-011,   1.5876E-011,   6.8014E-012,   3.9415E-013,  
953.375,   4.0487E-008,   3.0165E-006,   6.0719E-012,   1.9041E-011,   1.7034E-011,   1.7718E-011,   7.0466E-012,   3.2014E-013,  
958.390,   4.0819E-008,   3.0244E-006,   1.6046E-011,   1.8876E-011,   1.7583E-011,   1.7919E-011,   8.6232E-012,   3.1033E-013,  
963.390,   4.0863E-008,   3.0257E-006,   1.7315E-011,   1.7741E-011,   1.6532E-011,   1.8405E-011,   7.1197E-012,  -6.0639E-014,  
968.422,   4.0063E-008,   3.0360E-006,   1.5797E-011,   1.2782E-011,   1.6002E-011,   1.8000E-011,   7.2490E-012,   5.8588E-013,  
973.422,   4.2102E-008,   3.0159E-006,   1.6054E-011,   1.6153E-011,   1.6935E-011,   1.8159E-011,   7.2000E-012,   9.4347E-013,  
978.422,   4.1186E-008,   3.0338E-006,   1.6653E-011,   1.6469E-011,   1.6701E-011,   1.8219E-011,   7.0083E-012,   6.2405E-012,  
983.422,   3.9416E-008,   3.0029E-006,   1.6465E-011,   1.5499E-011,   1.7035E-011,   1.7974E-011,   8.0382E-012,   8.0748E-012,  
988.422,   4.0928E-008,   3.0136E-006,   1.6805E-011,   1.5859E-011,   1.7279E-011,   1.8002E-011,   6.8121E-012,   8.1488E-012,  
993.422,   4.1957E-008,   3.0187E-006,   1.6835E-011,   1.5833E-011,   1.6827E-011,   1.6431E-011,   7.4265E-012,   7.2571E-012,  
999.406,   3.8804E-008,   3.0126E-006,   6.5544E-012,   1.6661E-011,   1.7337E-011,   1.8045E-011,   7.9401E-012,   8.7284E-012,  
1004.422,   3.8821E-008,   3.0280E-006,   1.7188E-011,   1.6850E-011,   1.6436E-011,   1.8547E-011,   8.1140E-012,   8.6437E-012,  
1009.437,   3.8869E-008,   3.0060E-006,   1.7923E-011,   1.6560E-011,   1.7542E-011,   1.8438E-011,   7.9196E-012,   8.0454E-012,  
1015.422,   3.8627E-008,   3.0336E-006,   1.7099E-011,   1.5829E-011,   1.7539E-011,   1.7838E-011,   6.1736E-012,   8.2701E-012,  
1020.422,   3.8483E-008,   3.0026E-006,   1.7789E-011,   1.5292E-011,   1.6751E-011,   1.8259E-011,   7.4827E-012,   7.5611E-012,  
1025.422,   4.0360E-008,   3.0148E-006,   1.7222E-011,   1.5747E-011,   1.6030E-011,   1.7197E-011,   8.8613E-012,   7.1688E-012,  
1030.406,   3.9534E-008,   3.0113E-006,   1.6827E-011,   1.5725E-011,   1.6582E-011,   1.8071E-011,   7.3213E-012,   8.3298E-012,  
1035.422,   3.9537E-008,   2.9918E-006,   1.7073E-011,   1.5164E-011,   1.6071E-011,   1.7397E-011,   8.7409E-012,   7.6717E-012,  
1040.422,   3.8561E-008,   3.0114E-006,   1.7510E-011,   1.6391E-011,   1.6545E-011,   1.7746E-011,   8.1773E-012,   6.6926E-012,  
1045.422,   4.0890E-008,   3.0287E-006,   1.7255E-011,   1.5837E-011,   1.6719E-011,   1.7892E-011,   8.7837E-012,   7.9366E-013,  
1050.422,   3.9584E-008,   3.0255E-006,   1.6205E-011,   1.5847E-011,   1.6932E-011,   1.7532E-011,   6.7416E-012,   9.3366E-013,  
1055.422,   3.8054E-008,   3.0104E-006,   1.8227E-011,   1.6134E-011,   1.6596E-011,   1.6902E-011,   8.4511E-012,   7.5977E-013,  
1060.453,   4.0622E-008,   3.0021E-006,   1.6212E-011,   1.5134E-011,   1.6922E-011,   1.7877E-011,   7.6789E-012,   9.1672E-013,  
1065.453,   4.0547E-008,   3.0131E-006,   1.7031E-011,   1.5398E-011,   1.6445E-011,   1.7977E-011,   6.9164E-012,   2.7733E-013,  
1070.453,   4.0568E-008,   3.0068E-006,   1.6645E-011,   1.5739E-011,   1.6857E-011,   1.7726E-011,   6.3653E-012,   4.6639E-013,  
1075.468,   3.8590E-008,   3.0047E-006,   1.7633E-011,   1.5188E-011,   1.6017E-011,   1.7691E-011,   7.5897E-012,   7.5442E-013,  
1081.453,   3.9572E-008,   3.0268E-006,   1.7119E-011,   1.5759E-011,   1.5716E-011,   1.8148E-011,   8.0739E-012,   1.1414E-013,  
1086.453,   3.9305E-008,   3.0203E-006,   1.6494E-011,   1.5662E-011,   1.6908E-011,   1.8128E-011,   7.6682E-012,   1.5338E-013,  
1091.437,   3.8014E-008,   3.0036E-006,   1.6563E-011,   1.5964E-011,   1.6513E-011,   1.7895E-011,   7.4327E-012,   2.3810E-013,  
1096.453,   3.9137E-008,   3.0059E-006,   1.7669E-011,   1.4693E-011,   1.6892E-011,   1.7971E-011,   8.1773E-012,   6.0728E-013,  
1101.437,   4.2208E-008,   1.9743E-006,   1.6602E-011,   1.5485E-011,   1.6695E-011,   1.7402E-011,   8.1426E-012,   4.2180E-013,  
1106.453,   2.7001E-009,   6.1005E-007,   1.0623E-011,   1.2704E-011,   1.2989E-011,   1.2236E-011,   6.6212E-012,  -5.3505E-015,  
1111.453,   2.2132E-009,   6.0187E-007,   1.2217E-013,   1.2725E-011,   1.2121E-011,   1.0764E-011,   6.8665E-012,   1.7835E-013,  
