Aug 20, 2026  02:29:34 PM
Residual Gas Analyzer Software 
Software Version, 3.214.004

Analog Scan Setup:

Data Points in Scan, 891 
Units, Torr 
Noise Floor, 2 
CEM Status, ON 
Points Per AMU, 10
Scan Start Mass, 1, amu 
Scan Stop Mass, 90, amu
Focus Voltage, 90, Volts 
Ion Energy, HIGH 
Electron Energy, 70, eV 
CEM Voltage, 1159, Volts
CEM Gain, 1.01E+003 
Sensitivity Factor, 1.11E-004 
Filament Current, 1.00, mAmps


  1.00,   2.56E-013, 
  1.10,   1.80E-012, 
  1.20,  -8.11E-014, 
  1.30,   6.01E-013, 
  1.40,   5.68E-012, 
  1.50,   2.32E-011, 
  1.60,   6.44E-011, 
  1.70,   1.05E-010, 
  1.80,   1.40E-010, 
  1.90,   1.64E-010, 
  2.00,   1.91E-010, 
  2.10,   2.06E-010, 
  2.20,   1.99E-010, 
  2.30,   1.52E-010, 
  2.40,   6.96E-011, 
  2.50,   1.32E-011, 
  2.60,   4.09E-012, 
  2.70,   1.92E-012, 
  2.80,   3.56E-012, 
  2.90,  -4.45E-013, 
  3.00,  -5.44E-014, 
  3.10,   1.96E-013, 
  3.20,   1.07E-013, 
  3.30,   1.67E-013, 
  3.40,   3.17E-013, 
  3.50,   3.42E-012, 
  3.60,   6.94E-013, 
  3.70,   3.21E-012, 
  3.80,   6.19E-012, 
  3.90,   8.99E-012, 
  4.00,   1.26E-011, 
  4.10,   1.54E-011, 
  4.20,   1.46E-011, 
  4.30,   1.13E-011, 
  4.40,   5.89E-012, 
  4.50,   2.34E-012, 
  4.60,   4.14E-012, 
  4.70,  -5.60E-013, 
  4.80,  -2.85E-013, 
  4.90,  -4.46E-014, 
  5.00,  -1.04E-013, 
  5.10,   5.71E-014, 
  5.20,   5.17E-014, 
  5.30,  -1.50E-013, 
  5.40,  -3.66E-014, 
  5.50,   2.36E-013, 
  5.60,   2.50E-013, 
  5.70,   1.79E-013, 
  5.80,   9.10E-014, 
  5.90,   1.61E-013, 
  6.00,  -7.40E-014, 
  6.10,  -7.40E-014, 
  6.20,   2.05E-014, 
  6.30,   1.83E-013, 
  6.40,   1.97E-013, 
  6.50,   2.77E-013, 
  6.60,   3.23E-013, 
  6.70,   2.80E-013, 
  6.80,   8.56E-014, 
  6.90,   6.69E-014, 
  7.00,  -6.42E-014, 
  7.10,   1.24E-013, 
  7.20,   1.11E-013, 
  7.30,  -4.55E-014, 
  7.40,  -1.57E-013, 
  7.50,  -3.92E-014, 
  7.60,  -1.68E-013, 
  7.70,   1.84E-013, 
  7.80,   3.62E-013, 
  7.90,   2.98E-013, 
  8.00,   6.87E-014, 
  8.10,  -6.51E-014, 
  8.20,  -1.94E-013, 
  8.30,  -1.51E-013, 
  8.40,   5.08E-014, 
  8.50,   1.03E-013, 
  8.60,   7.22E-014, 
  8.70,   2.46E-013, 
  8.80,   3.09E-013, 
  8.90,   2.27E-013, 
  9.00,   1.64E-013, 
  9.10,   1.96E-013, 
  9.20,   6.69E-014, 
  9.30,   9.10E-014, 
  9.40,   1.08E-013, 
  9.50,   1.10E-013, 
  9.60,   6.60E-014, 
  9.70,   2.65E-013, 
  9.80,   3.75E-014, 
  9.90,   2.85E-013, 
 10.00,   1.84E-013, 
 10.10,  -1.21E-013, 
 10.20,  -9.10E-014, 
 10.30,  -9.81E-015, 
 10.40,  -1.96E-014, 
 10.50,  -4.99E-014, 
 10.60,   2.32E-014, 
 10.70,   2.61E-013, 
 10.80,   3.36E-013, 
 10.90,   7.13E-014, 
 11.00,   1.44E-013, 
 11.10,   3.34E-013, 
 11.20,   2.85E-013, 
 11.30,   3.81E-013, 
 11.40,   3.12E-013, 
 11.50,  -7.31E-014, 
 11.60,  -7.58E-014, 
 11.70,   2.73E-013, 
 11.80,   2.92E-013, 
 11.90,   7.13E-014, 
 12.00,   1.48E-013, 
 12.10,   1.71E-013, 
 12.20,   4.36E-013, 
 12.30,   3.19E-013, 
 12.40,   2.00E-013, 
 12.50,   2.72E-013, 
 12.60,   3.03E-013, 
 12.70,   2.21E-013, 
 12.80,   2.69E-013, 
 12.90,   2.68E-013, 
 13.00,   2.01E-013, 
 13.10,   1.92E-013, 
 13.20,   1.62E-013, 
 13.30,   1.80E-013, 
 13.40,   3.33E-013, 
 13.50,   7.70E-013, 
 13.60,   5.06E-012, 
 13.70,   4.59E-012, 
 13.80,   4.95E-012, 
 13.90,   5.74E-012, 
 14.00,   7.10E-012, 
 14.10,   7.05E-012, 
 14.20,   6.20E-012, 
 14.30,   4.63E-012, 
 14.40,   2.50E-012, 
 14.50,   1.46E-012, 
 14.60,  -1.55E-012, 
 14.70,  -5.17E-013, 
 14.80,   5.54E-013, 
 14.90,   4.81E-012, 
 15.00,   3.81E-012, 
 15.10,   3.16E-012, 
 15.20,   2.97E-012, 
 15.30,   2.38E-012, 
 15.40,  -1.24E-012, 
 15.50,  -9.30E-013, 
 15.60,  -5.35E-014, 
 15.70,   1.66E-012, 
 15.80,   1.63E-012, 
 15.90,   2.23E-012, 
 16.00,   3.21E-012, 
 16.10,   4.07E-012, 
 16.20,   3.46E-012, 
 16.30,   2.85E-012, 
 16.40,   1.22E-012, 
 16.50,   8.92E-016, 
 16.60,  -1.53E-012, 
 16.70,  -4.82E-013, 
 16.80,  -4.20E-013, 
 16.90,   1.84E-013, 
 17.00,  -6.47E-013, 
 17.10,   2.16E-012, 
 17.20,   2.37E-012, 
 17.30,   2.55E-012, 
 17.40,  -2.17E-013, 
 17.50,  -4.87E-012, 
 17.60,  -4.24E-012, 
 17.70,   1.92E-012, 
 17.80,  -1.72E-012, 
 17.90,  -1.32E-012, 
 18.00,   6.56E-012, 
 18.10,   1.25E-011, 
 18.20,   1.03E-011, 
 18.30,   1.00E-011, 
 18.40,   1.67E-012, 
 18.50,   7.58E-013, 
 18.60,   2.80E-013, 
 18.70,   3.75E-014, 
 18.80,  -2.55E-012, 
 18.90,   6.54E-013, 
 19.00,   7.90E-013, 
 19.10,   5.58E-013, 
 19.20,   2.17E-013, 
 19.30,   6.24E-014, 
 19.40,   1.96E-014, 
 19.50,   1.22E-013, 
 19.60,   3.35E-012, 
 19.70,   2.58E-012, 
 19.80,   1.71E-012, 
 19.90,   1.65E-012, 
 20.00,   1.60E-012, 
 20.10,  -9.21E-013, 
 20.20,  -5.80E-013, 
 20.30,  -1.62E-012, 
 20.40,   3.26E-013, 
 20.50,   4.90E-013, 
 20.60,   4.19E-013, 
 20.70,   4.49E-013, 
 20.80,   2.32E-013, 
 20.90,   1.27E-013, 
 21.00,   2.50E-013, 
 21.10,   1.32E-013, 
 21.20,  -3.57E-015, 
 21.30,   6.24E-014, 
 21.40,  -1.44E-013, 
 21.50,   5.89E-014, 
 21.60,   3.15E-013, 
 21.70,   2.59E-014, 
 21.80,   8.92E-016, 
 21.90,  -2.27E-013, 
 22.00,  -8.56E-014, 
 22.10,   1.34E-014, 
 22.20,  -5.97E-014, 
 22.30,   1.52E-013, 
 22.40,   2.03E-013, 
 22.50,   1.03E-013, 
 22.60,   3.08E-013, 
 22.70,   4.37E-013, 
 22.80,   3.67E-013, 
 22.90,   2.27E-013, 
 23.00,   4.16E-013, 
 23.10,   4.24E-013, 
 23.20,   1.98E-013, 
 23.30,   5.35E-015, 
 23.40,  -1.49E-013, 
 23.50,   2.14E-014, 
 23.60,   1.14E-013, 
 23.70,  -1.11E-013, 
 23.80,   1.07E-014, 
 23.90,  -1.29E-013, 
 24.00,   5.97E-014, 
 24.10,   4.64E-014, 
 24.20,   1.91E-013, 
 24.30,   6.51E-014, 
 24.40,   1.20E-013, 
 24.50,   2.23E-013, 
 24.60,   2.23E-013, 
 24.70,   1.78E-013, 
 24.80,  -7.76E-014, 
 24.90,  -1.08E-013, 
 25.00,  -4.73E-014, 
 25.10,  -1.68E-013, 
 25.20,  -1.03E-013, 
 25.30,   1.10E-013, 
 25.40,  -1.59E-013, 
 25.50,   4.28E-014, 
 25.60,  -1.69E-013, 
 25.70,  -1.47E-013, 
 25.80,   7.58E-014, 
 25.90,   1.85E-013, 
 26.00,   9.10E-014, 
 26.10,   1.66E-013, 
 26.20,   1.50E-013, 
 26.30,   9.45E-014, 
 26.40,   2.49E-013, 
 26.50,   8.83E-014, 
 26.60,   8.11E-014, 
 26.70,   1.21E-013, 
 26.80,   1.54E-013, 
 26.90,   1.25E-013, 
 27.00,   2.41E-013, 
 27.10,   4.92E-013, 
 27.20,   1.43E-012, 
 27.30,   4.37E-012, 
 27.40,   4.73E-012, 
 27.50,   1.18E-011, 
 27.60,   3.86E-011, 
 27.70,   5.77E-011, 
 27.80,   6.97E-011, 
 27.90,   8.04E-011, 
 28.00,   8.44E-011, 
 28.10,   7.86E-011, 
 28.20,   5.84E-011, 
 28.30,   1.81E-011, 
 28.40,   5.92E-012, 
 28.50,   5.51E-012, 
 28.60,   2.99E-012, 
 28.70,   9.33E-013, 
 28.80,  -1.07E-012, 
 28.90,  -6.33E-014, 
 29.00,   3.86E-013, 
 29.10,   6.14E-013, 
 29.20,   8.06E-013, 
 29.30,   5.06E-013, 
 29.40,   3.46E-013, 
 29.50,   3.10E-013, 
 29.60,   1.18E-013, 
 29.70,   3.02E-012, 
 29.80,   2.60E-012, 
 29.90,   1.30E-012, 
 30.00,  -1.99E-012, 
 30.10,  -1.00E-012, 
 30.20,  -1.36E-013, 
 30.30,   4.82E-014, 
 30.40,   1.66E-013, 
 30.50,   7.58E-014, 
 30.60,   1.67E-013, 
 30.70,   3.21E-014, 
 30.80,  -8.92E-016, 
 30.90,  -1.70E-013, 
 31.00,  -1.09E-013, 
 31.10,  -2.59E-013, 
 31.20,  -8.92E-015, 
 31.30,   8.20E-014, 
 31.40,   7.39E-013, 
 31.50,   2.14E-014, 
 31.60,  -1.31E-013, 
 31.70,  -8.29E-014, 
 31.80,   3.83E-013, 
 31.90,   8.34E-013, 
 32.00,   1.35E-012, 
 32.10,   1.31E-012, 
 32.20,   1.29E-012, 
 32.30,   3.13E-013, 
 32.40,   2.45E-013, 
 32.50,   1.35E-013, 
 32.60,  -6.24E-015, 
 32.70,   1.78E-013, 
 32.80,   3.32E-013, 
 32.90,   4.18E-013, 
 33.00,   6.60E-013, 
 33.10,   3.17E-013, 
 33.20,   1.93E-013, 
 33.30,   1.78E-014, 
 33.40,   5.62E-014, 
 33.50,   1.62E-013, 
 33.60,  -1.25E-014, 
 33.70,  -1.25E-013, 
 33.80,  -2.86E-013, 
 33.90,  -3.21E-013, 
 34.00,  -3.21E-014, 
 34.10,   3.25E-013, 
 34.20,   1.85E-013, 
 34.30,   3.45E-013, 
 34.40,   1.61E-014, 
 34.50,  -9.27E-014, 
 34.60,  -1.69E-013, 
 34.70,  -2.77E-013, 
 34.80,  -1.99E-013, 
 34.90,  -8.92E-016, 
 35.00,   4.59E-013, 
 35.10,   1.19E-013, 
 35.20,  -4.28E-014, 
 35.30,   4.73E-014, 
 35.40,   3.12E-014, 
 35.50,  -1.09E-013, 
 35.60,  -3.95E-013, 
 35.70,  -1.13E-013, 
 35.80,   1.52E-013, 
 35.90,   2.27E-013, 
 36.00,   0.00E+000, 
 36.10,   6.24E-014, 
 36.20,   5.17E-014, 
 36.30,  -1.69E-014, 
 36.40,   1.47E-013, 
 36.50,   2.57E-013, 
 36.60,   2.42E-013, 
 36.70,   2.27E-013, 
 36.80,  -5.35E-015, 
 36.90,  -3.30E-014, 
 37.00,   1.45E-013, 
 37.10,   2.22E-013, 
 37.20,   1.91E-013, 
 37.30,   1.61E-013, 
 37.40,   2.21E-013, 
 37.50,   2.93E-013, 
 37.60,   1.40E-013, 
 37.70,   1.27E-013, 
 37.80,  -1.25E-013, 
 37.90,  -2.97E-013, 
 38.00,   6.24E-014, 
 38.10,   1.03E-013, 
 38.20,   2.62E-013, 
 38.30,   1.30E-013, 
 38.40,   2.58E-013, 
 38.50,   4.47E-013, 
 38.60,   1.24E-013, 
 38.70,   1.25E-014, 
 38.80,   1.48E-013, 
 38.90,   3.38E-013, 
 39.00,   4.26E-013, 
 39.10,   3.73E-013, 
 39.20,   4.98E-013, 
 39.30,   2.41E-012, 
 39.40,   2.38E-012, 
 39.50,   2.10E-012, 
 39.60,   5.89E-012, 
 39.70,   8.39E-012, 
 39.80,   1.13E-011, 
 39.90,   1.27E-011, 
 40.00,   1.33E-011, 
 40.10,   1.20E-011, 
 40.20,   7.32E-012, 
 40.30,   4.39E-012, 
 40.40,   4.72E-012, 
 40.50,   4.28E-012, 
 40.60,   4.30E-012, 
 40.70,   4.81E-012, 
 40.80,   5.64E-012, 
 40.90,   7.31E-012, 
 41.00,   9.10E-012, 
 41.10,   1.01E-011, 
 41.20,   9.17E-012, 
 41.30,   8.65E-012, 
 41.40,   1.18E-011, 
 41.50,   1.94E-011, 
 41.60,   2.46E-011, 
 41.70,   2.66E-011, 
 41.80,   3.01E-011, 
 41.90,   3.35E-011, 
 42.00,   3.37E-011, 
 42.10,   2.82E-011, 
 42.20,   1.46E-011, 
 42.30,   6.39E-012, 
 42.40,   4.13E-012, 
 42.50,   4.68E-012, 
 42.60,   5.42E-012, 
 42.70,   6.26E-012, 
 42.80,   7.85E-012, 
 42.90,   9.32E-012, 
 43.00,   1.03E-011, 
 43.10,   9.04E-012, 
 43.20,   5.63E-012, 
 43.30,   2.63E-012, 
 43.40,   5.64E-013, 
 43.50,  -1.54E-012, 
 43.60,  -6.16E-013, 
 43.70,   7.76E-013, 
 43.80,  -6.96E-014, 
 43.90,   1.78E-014, 
 44.00,   1.78E-013, 
 44.10,   1.43E-013, 
 44.20,   1.76E-012, 
 44.30,  -8.22E-013, 
 44.40,  -3.72E-013, 
 44.50,  -4.88E-013, 
 44.60,  -2.17E-013, 
 44.70,   4.73E-014, 
 44.80,   1.12E-013, 
 44.90,   5.26E-014, 
 45.00,  -1.27E-013, 
 45.10,   5.89E-014, 
 45.20,   2.06E-013, 
 45.30,   2.25E-013, 
 45.40,   2.89E-013, 
 45.50,   1.20E-013, 
 45.60,  -1.52E-013, 
 45.70,  -1.40E-013, 
 45.80,  -1.28E-013, 
 45.90,  -6.42E-014, 
 46.00,  -1.16E-014, 
 46.10,   1.91E-013, 
 46.20,   0.00E+000, 
 46.30,  -2.23E-014, 
 46.40,   7.04E-014, 
 46.50,   1.42E-013, 
 46.60,   8.03E-014, 
 46.70,   1.54E-013, 
 46.80,   3.12E-013, 
 46.90,   4.22E-013, 
 47.00,   3.18E-013, 
 47.10,   2.46E-013, 
 47.20,   3.03E-014, 
 47.30,   9.99E-014, 
 47.40,   6.69E-014, 
 47.50,   1.92E-013, 
 47.60,   9.81E-015, 
 47.70,   9.54E-014, 
 47.80,   2.31E-013, 
 47.90,   2.18E-013, 
 48.00,   2.91E-013, 
 48.10,   5.26E-014, 
 48.20,   2.41E-014, 
 48.30,   2.68E-013, 
 48.40,   3.63E-013, 
 48.50,   3.91E-013, 
 48.60,   1.34E-014, 
 48.70,  -2.59E-014, 
 48.80,  -8.03E-015, 
 48.90,  -5.08E-014, 
 49.00,   2.50E-014, 
 49.10,   1.39E-013, 
 49.20,   1.52E-013, 
 49.30,   9.90E-014, 
 49.40,  -3.48E-014, 
 49.50,  -1.76E-013, 
 49.60,  -2.06E-013, 
 49.70,  -1.24E-013, 
 49.80,   1.44E-013, 
 49.90,   2.50E-014, 
 50.00,  -6.33E-014, 
 50.10,  -4.55E-013, 
 50.20,  -2.20E-013, 
 50.30,  -6.15E-014, 
 50.40,   2.08E-013, 
 50.50,   2.92E-013, 
 50.60,   8.20E-014, 
 50.70,   2.50E-014, 
 50.80,   4.28E-014, 
 50.90,  -3.20E-013, 
 51.00,  -2.33E-013, 
 51.10,  -1.37E-013, 
 51.20,  -1.61E-013, 
 51.30,   6.42E-014, 
 51.40,   9.45E-014, 
 51.50,   2.58E-013, 
 51.60,   1.77E-013, 
 51.70,   1.78E-015, 
 51.80,  -1.84E-013, 
 51.90,   1.53E-013, 
 52.00,   3.03E-013, 
 52.10,   2.70E-013, 
 52.20,   2.72E-013, 
 52.30,   1.02E-013, 
 52.40,   9.72E-014, 
 52.50,  -1.79E-013, 
 52.60,  -1.88E-013, 
 52.70,  -3.42E-013, 
 52.80,  -3.63E-013, 
 52.90,  -1.74E-013, 
 53.00,  -1.52E-013, 
 53.10,  -9.72E-014, 
 53.20,  -2.03E-013, 
 53.30,  -1.48E-013, 
 53.40,   1.34E-013, 
 53.50,   4.19E-014, 
 53.60,   6.96E-014, 
 53.70,   3.05E-013, 
 53.80,   2.28E-013, 
 53.90,  -6.24E-015, 
 54.00,   2.84E-013, 
 54.10,   2.86E-013, 
 54.20,   1.81E-013, 
 54.30,   2.68E-013, 
 54.40,  -4.64E-014, 
 54.50,  -4.11E-013, 
 54.60,  -1.57E-013, 
 54.70,   7.94E-014, 
 54.80,   3.21E-013, 
 54.90,   1.40E-013, 
 55.00,   5.08E-014, 
 55.10,  -1.03E-013, 
 55.20,   8.29E-014, 
 55.30,   1.71E-013, 
 55.40,   1.20E-013, 
 55.50,   1.04E-013, 
 55.60,   2.68E-014, 
 55.70,   2.32E-014, 
 55.80,   1.45E-013, 
 55.90,   3.87E-013, 
 56.00,   4.34E-013, 
 56.10,   2.60E-013, 
 56.20,   2.15E-013, 
 56.30,   1.22E-013, 
 56.40,   7.58E-014, 
 56.50,   1.27E-013, 
 56.60,   2.02E-013, 
 56.70,   1.61E-013, 
 56.80,   3.24E-013, 
 56.90,   2.65E-013, 
 57.00,   2.68E-013, 
 57.10,   9.54E-014, 
 57.20,   2.53E-013, 
 57.30,   2.47E-013, 
 57.40,   1.03E-013, 
 57.50,  -6.87E-014, 
 57.60,  -1.94E-013, 
 57.70,  -2.10E-013, 
 57.80,   1.70E-013, 
 57.90,   8.74E-014, 
 58.00,  -1.16E-013, 
 58.10,  -1.28E-013, 
 58.20,   4.90E-014, 
 58.30,   2.60E-013, 
 58.40,   2.95E-013, 
 58.50,   3.55E-013, 
 58.60,   3.94E-013, 
 58.70,   2.89E-013, 
 58.80,   6.30E-013, 
 58.90,   6.06E-013, 
 59.00,   1.77E-013, 
 59.10,   8.74E-014, 
 59.20,  -2.68E-014, 
 59.30,  -5.53E-014, 
 59.40,   7.31E-014, 
 59.50,  -3.83E-014, 
 59.60,  -8.92E-015, 
 59.70,   8.56E-014, 
 59.80,   1.20E-013, 
 59.90,   2.02E-013, 
 60.00,  -1.61E-014, 
 60.10,   1.83E-013, 
 60.20,   1.88E-013, 
 60.30,   6.24E-015, 
 60.40,   5.71E-014, 
 60.50,   2.99E-013, 
 60.60,   3.23E-013, 
 60.70,   2.56E-013, 
 60.80,   5.53E-014, 
 60.90,   4.64E-014, 
 61.00,   4.19E-014, 
 61.10,  -1.61E-014, 
 61.20,   1.08E-013, 
 61.30,   3.66E-014, 
 61.40,   4.81E-013, 
 61.50,   5.47E-013, 
 61.60,   6.58E-013, 
 61.70,   3.53E-013, 
 61.80,   3.25E-013, 
 61.90,   1.68E-013, 
 62.00,  -1.94E-013, 
 62.10,   1.35E-013, 
 62.20,   2.42E-013, 
 62.30,   5.80E-014, 
 62.40,   1.75E-013, 
 62.50,   2.10E-013, 
 62.60,   1.84E-013, 
 62.70,   2.80E-013, 
 62.80,   2.25E-013, 
 62.90,  -1.43E-013, 
 63.00,  -1.43E-013, 
 63.10,   1.42E-013, 
 63.20,   3.88E-013, 
 63.30,   3.93E-013, 
 63.40,   4.24E-013, 
 63.50,   1.87E-013, 
 63.60,   2.50E-014, 
 63.70,  -5.53E-014, 
 63.80,  -4.64E-014, 
 63.90,   3.22E-013, 
 64.00,   1.83E-013, 
 64.10,   1.31E-013, 
 64.20,   1.54E-013, 
 64.30,   8.92E-016, 
 64.40,  -2.01E-013, 
 64.50,   1.78E-014, 
 64.60,  -2.45E-013, 
 64.70,  -3.65E-013, 
 64.80,  -7.40E-014, 
 64.90,   1.46E-013, 
 65.00,   1.97E-013, 
 65.10,  -1.57E-013, 
 65.20,  -1.03E-013, 
 65.30,   1.29E-013, 
 65.40,   3.39E-013, 
 65.50,   3.34E-013, 
 65.60,  -8.92E-015, 
 65.70,   6.87E-014, 
 65.80,   5.62E-014, 
 65.90,   1.82E-013, 
 66.00,   3.13E-013, 
 66.10,   1.04E-013, 
 66.20,  -1.38E-013, 
 66.30,   1.87E-014, 
 66.40,   7.94E-014, 
 66.50,   5.80E-014, 
 66.60,   2.30E-013, 
 66.70,   2.25E-013, 
 66.80,   1.18E-013, 
 66.90,   1.76E-013, 
 67.00,   1.26E-013, 
 67.10,   7.31E-014, 
 67.20,  -1.65E-013, 
 67.30,  -3.48E-014, 
 67.40,   1.25E-014, 
 67.50,   1.67E-013, 
 67.60,   2.55E-013, 
 67.70,   4.37E-014, 
 67.80,   3.83E-014, 
 67.90,   9.27E-014, 
 68.00,   9.36E-014, 
 68.10,  -1.85E-013, 
 68.20,  -7.94E-014, 
 68.30,   3.66E-014, 
 68.40,  -1.49E-013, 
 68.50,  -1.70E-013, 
 68.60,  -1.13E-013, 
 68.70,  -1.16E-013, 
 68.80,  -8.65E-014, 
 68.90,  -5.71E-014, 
 69.00,   2.10E-013, 
 69.10,   2.65E-013, 
 69.20,   9.72E-014, 
 69.30,  -1.07E-014, 
 69.40,  -5.71E-014, 
 69.50,   1.79E-013, 
 69.60,   2.36E-013, 
 69.70,   5.17E-014, 
 69.80,   8.92E-016, 
 69.90,   5.71E-014, 
 70.00,   1.38E-013, 
 70.10,  -1.77E-013, 
 70.20,   5.35E-015, 
 70.30,  -7.31E-014, 
 70.40,  -3.43E-013, 
 70.50,   1.35E-013, 
 70.60,   2.09E-013, 
 70.70,   4.24E-013, 
 70.80,   3.69E-013, 
 70.90,   3.17E-013, 
 71.00,   1.65E-013, 
 71.10,  -1.34E-013, 
 71.20,  -2.21E-013, 
 71.30,  -5.35E-015, 
 71.40,  -2.59E-014, 
 71.50,   1.03E-013, 
 71.60,   1.44E-013, 
 71.70,   3.90E-013, 
 71.80,   2.35E-013, 
 71.90,   3.69E-013, 
 72.00,   3.92E-014, 
 72.10,  -4.99E-014, 
 72.20,  -1.25E-014, 
 72.30,   3.49E-013, 
 72.40,   2.26E-013, 
 72.50,   8.03E-014, 
 72.60,   1.11E-013, 
 72.70,   1.78E-013, 
 72.80,  -1.34E-014, 
 72.90,   7.58E-014, 
 73.00,   1.18E-013, 
 73.10,  -7.94E-014, 
 73.20,  -8.20E-014, 
 73.30,  -8.65E-014, 
 73.40,   1.05E-013, 
 73.50,   1.67E-013, 
 73.60,   1.68E-013, 
 73.70,   1.16E-013, 
 73.80,   7.31E-014, 
 73.90,   1.96E-013, 
 74.00,   8.92E-014, 
 74.10,   5.35E-014, 
 74.20,  -6.15E-014, 
 74.30,  -1.03E-013, 
 74.40,   4.19E-014, 
 74.50,  -1.78E-014, 
 74.60,  -1.34E-013, 
 74.70,   6.15E-014, 
 74.80,   2.35E-013, 
 74.90,   2.31E-013, 
 75.00,   2.14E-013, 
 75.10,   6.87E-014, 
 75.20,  -8.11E-014, 
 75.30,  -1.71E-013, 
 75.40,  -4.55E-014, 
 75.50,   2.50E-014, 
 75.60,   1.98E-013, 
 75.70,   2.68E-015, 
 75.80,   7.76E-014, 
 75.90,   1.22E-013, 
 76.00,   5.08E-014, 
 76.10,  -1.44E-013, 
 76.20,  -3.04E-013, 
 76.30,  -2.84E-013, 
 76.40,  -5.89E-014, 
 76.50,   2.76E-014, 
 76.60,   7.13E-014, 
 76.70,  -1.92E-013, 
 76.80,  -1.07E-014, 
 76.90,   1.23E-013, 
 77.00,   3.75E-014, 
 77.10,   9.45E-014, 
 77.20,   1.47E-013, 
 77.30,   8.20E-014, 
 77.40,   2.35E-013, 
 77.50,   3.94E-013, 
 77.60,   8.91E-013, 
 77.70,   4.29E-012, 
 77.80,   2.76E-012, 
 77.90,   2.06E-012, 
 78.00,   4.73E-013, 
 78.10,  -1.05E-012, 
 78.20,  -1.69E-013, 
 78.30,   2.70E-013, 
 78.40,   2.38E-013, 
 78.50,   2.64E-013, 
 78.60,   3.56E-013, 
 78.70,   3.32E-013, 
 78.80,   2.32E-013, 
 78.90,   1.36E-013, 
 79.00,   2.02E-013, 
 79.10,   2.31E-013, 
 79.20,   7.58E-014, 
 79.30,   9.72E-014, 
 79.40,   3.61E-012, 
 79.50,   4.59E-012, 
 79.60,   4.79E-012, 
 79.70,   5.37E-012, 
 79.80,   6.83E-012, 
 79.90,   8.14E-012, 
 80.00,   7.33E-012, 
 80.10,   4.76E-012, 
 80.20,   2.31E-012, 
 80.30,  -1.66E-012, 
 80.40,  -9.74E-013, 
 80.50,  -3.03E-014, 
 80.60,   1.09E-013, 
 80.70,   3.87E-013, 
 80.80,   8.09E-013, 
 80.90,   1.97E-012, 
 81.00,   3.48E-012, 
 81.10,   2.33E-012, 
 81.20,   1.92E-012, 
 81.30,   3.28E-012, 
 81.40,   8.34E-012, 
 81.50,   1.58E-011, 
 81.60,   2.06E-011, 
 81.70,   2.91E-011, 
 81.80,   3.92E-011, 
 81.90,   4.43E-011, 
 82.00,   3.35E-011, 
 82.10,   1.80E-011, 
 82.20,   8.85E-012, 
 82.30,   7.07E-012, 
 82.40,   1.17E-011, 
 82.50,   1.85E-011, 
 82.60,   2.29E-011, 
 82.70,   3.18E-011, 
 82.80,   4.13E-011, 
 82.90,   4.65E-011, 
 83.00,   3.88E-011, 
 83.10,   2.24E-011, 
 83.20,   1.35E-011, 
 83.30,   1.72E-011, 
 83.40,   5.61E-011, 
 83.50,   9.21E-011, 
 83.60,   1.12E-010, 
 83.70,   1.59E-010, 
 83.80,   2.08E-010, 
 83.90,   2.13E-010, 
 84.00,   1.32E-010, 
 84.10,   4.76E-011, 
 84.20,   1.33E-011, 
 84.30,   5.69E-012, 
 84.40,   3.15E-012, 
 84.50,   2.19E-012, 
 84.60,   1.78E-012, 
 84.70,   2.43E-013, 
 84.80,  -8.13E-013, 
 84.90,  -3.48E-014, 
 85.00,   2.83E-012, 
 85.10,   3.97E-012, 
 85.20,   3.22E-012, 
 85.30,   4.76E-012, 
 85.40,   1.28E-011, 
 85.50,   2.28E-011, 
 85.60,   2.94E-011, 
 85.70,   4.17E-011, 
 85.80,   5.67E-011, 
 85.90,   6.11E-011, 
 86.00,   4.18E-011, 
 86.10,   2.06E-011, 
 86.20,   7.47E-012, 
 86.30,   3.40E-012, 
 86.40,   1.67E-012, 
 86.50,  -2.18E-012, 
 86.60,  -1.04E-012, 
 86.70,  -2.04E-013, 
 86.80,  -2.40E-013, 
 86.90,  -2.06E-013, 
 87.00,   9.01E-014, 
 87.10,   5.35E-014, 
 87.20,   2.27E-013, 
 87.30,   5.80E-014, 
 87.40,  -2.41E-013, 
 87.50,   5.80E-014, 
 87.60,   2.78E-013, 
 87.70,   2.18E-013, 
 87.80,   1.38E-013, 
 87.90,   1.55E-013, 
 88.00,   1.04E-013, 
 88.10,   3.35E-013, 
 88.20,   2.49E-013, 
 88.30,  -4.10E-014, 
 88.40,   1.94E-013, 
 88.50,  -1.26E-013, 
 88.60,  -1.65E-013, 
 88.70,   2.05E-014, 
 88.80,   4.19E-014, 
 88.90,   1.47E-013, 
 89.00,   4.55E-014, 
 89.10,   5.89E-014, 
 89.20,  -7.13E-015, 
 89.30,   6.06E-014, 
 89.40,   4.10E-014, 
 89.50,   6.87E-014, 
 89.60,   1.11E-013, 
 89.70,   7.13E-014, 
 89.80,  -1.73E-013, 
 89.90,  -1.50E-013, 
 90.00,   1.01E-013, 
