Aug 18, 2026  11:00:07 AM
Residual Gas Analyzer Software 
RGA Software Version, 3.214.004

Pressure vs Time Scan Setup:

Active channels in Scan, 10 
Units, Torr
Sample Period, 1.00, sec
Focus Voltage, 90, Volts 
Ion Energy, HIGH 
Electron Energy, 70, eV 
CEM Voltage, 1159, Volts
CEM Gain, 1.01E+003 
Sensitivity Factor, 1.11E-004 
Filament Current, 1.00, mAmps
Start time, Aug 18, 2026  11:00:07 AM 
Channel,  Mass(amu),     Name,                 Cal Factor,  Noise Floor, CEM Status

1         2.00           Hydrogen              1.00         3            OFF
2         4.00           Helium                1.00         3            OFF
3         26.00          Dummy-26              1.00         3            ON
4         28.00          Nitrogen              1.00         3            ON
5         32.00          Oxygen                1.00         3            ON
6         34.00          Dummy-34              1.00         3            OFF
7         40.00          Argon                 1.00         3            OFF
8         42.00          Dummy-42              1.00         3            ON
9         44.00          Carbon dioxide        1.00         3            ON
10        84.00          Krypton               1.00         3            ON


Time(s)      Channel#1   Channel#2   Channel#3   Channel#4   Channel#5   Channel#6   Channel#7   Channel#8   Channel#9   Channel#10  

0.000,   1.0966E-007,   3.2835E-006,   3.4751E-011,   2.7873E-011,   2.7874E-011,   3.1536E-009,   2.9765E-009,   5.7152E-012,   8.5492E-012,   7.4791E-012,  
5.593,   1.0977E-007,   3.2482E-006,   5.2998E-011,   2.3868E-011,   2.5543E-011,   3.1653E-009,   3.1003E-009,   8.1238E-013,   9.2804E-012,   9.4401E-012,  
11.593,   1.0919E-007,   3.2344E-006,   5.3871E-011,   2.2454E-011,   2.4493E-011,   3.0858E-009,   3.3126E-009,   8.1007E-012,   9.9332E-012,   6.2440E-012,  
17.593,   1.1188E-007,   3.2181E-006,   5.3708E-011,   2.3133E-011,   2.3647E-011,   3.0271E-009,   3.2629E-009,   9.0058E-012,   8.0213E-012,   7.0653E-012,  
23.593,   1.1190E-007,   3.2473E-006,   5.4165E-011,   2.2654E-011,   2.1917E-011,   3.1500E-009,   3.2340E-009,   2.0332E-013,   7.0493E-012,   5.4932E-013,  
29.593,   1.1301E-007,   3.2427E-006,   5.4876E-011,   2.1185E-011,   2.2745E-011,   3.1472E-009,   2.9485E-009,   4.0485E-013,   9.5676E-012,   8.3379E-013,  
35.593,   1.1050E-007,   3.2401E-006,   5.4858E-011,   2.0853E-011,   2.2193E-011,   3.5303E-009,   3.0045E-009,   4.0396E-013,   6.7238E-012,   1.8816E-013,  
41.609,   1.0687E-007,   3.2473E-006,   6.4028E-013,   1.9683E-011,   2.1875E-011,   3.2457E-009,   2.8220E-009,   1.0532E-012,   7.0734E-012,   2.7644E-013,  
47.593,   1.0350E-007,   3.2365E-006,   5.2486E-011,   2.0163E-011,   2.2090E-011,   3.0226E-009,   2.9313E-009,   2.6039E-013,   6.4759E-012,   2.1313E-013,  
53.609,   1.0779E-007,   3.2113E-006,   5.6097E-011,   2.0770E-011,   2.1992E-011,   2.9630E-009,   3.0397E-009,   4.6728E-013,   7.3222E-012,   5.3683E-013,  
59.609,   1.0934E-007,   3.2043E-006,   5.5643E-011,   2.0194E-011,   2.2582E-011,   3.2177E-009,   2.9693E-009,   7.9722E-013,   5.9506E-012,   7.6690E-014,  
65.593,   1.0462E-007,   3.2271E-006,   5.2894E-011,   1.9981E-011,   2.2625E-011,   2.8464E-009,   2.8988E-009,   3.4243E-013,   7.1206E-012,   3.2103E-013,  
71.593,   1.0728E-007,   3.2218E-006,   5.3518E-011,   2.0611E-011,   2.2485E-011,   2.9982E-009,   2.9593E-009,   2.7020E-013,   6.3448E-012,   1.9708E-013,  
77.593,   1.0769E-007,   3.2180E-006,   5.7480E-011,   1.9901E-011,   2.0533E-011,   3.3911E-009,   2.9874E-009,   9.1226E-013,   6.6685E-012,   7.2856E-013,  
83.609,   1.0586E-007,   3.2117E-006,   5.4372E-011,   1.9904E-011,   2.8106E-011,   3.1861E-009,   2.9901E-009,   3.0141E-013,   7.0020E-012,   4.4855E-013,  
89.593,   1.0628E-007,   3.2208E-006,   1.5078E-011,   1.9902E-011,   5.7012E-011,   3.1897E-009,   2.9241E-009,   3.3351E-013,   6.4696E-012,   3.1122E-013,  
95.593,   1.0648E-007,   3.2056E-006,   5.2380E-011,   1.9490E-011,   4.9431E-011,   3.0343E-009,   2.9097E-009,   5.1365E-013,   6.3118E-012,   5.6180E-013,  
101.593,   1.0564E-007,   3.1996E-006,   5.6178E-011,   1.9272E-011,   2.9965E-011,   3.0560E-009,   2.8573E-009,   5.0473E-013,   5.9917E-012,   3.2638E-013,  
107.593,   1.0825E-007,   3.1990E-006,   5.7054E-011,   1.9795E-011,   2.4395E-011,   2.8031E-009,   2.9106E-009,   4.4409E-013,   6.4982E-012,  -1.7924E-013,  
113.593,   1.0437E-007,   3.1758E-006,   5.5083E-011,   1.9665E-011,   2.2936E-011,   3.0587E-009,   2.5610E-009,   5.7161E-013,   6.2289E-012,   8.3914E-013,  
119.609,   1.0194E-007,   3.1970E-006,   5.3769E-011,   2.0589E-011,   2.1279E-011,   3.1816E-009,   2.7317E-009,   3.4957E-013,   5.8526E-012,   2.5504E-013,  
125.593,   9.9975E-008,   3.1848E-006,   5.1094E-011,   2.1542E-011,   2.2328E-011,   2.9648E-009,   2.7037E-009,   2.2026E-013,   6.1245E-012,   5.9391E-013,  
131.593,   9.8378E-008,   3.1907E-006,   5.4399E-011,   1.9426E-011,   2.1290E-011,   3.0443E-009,   2.8500E-009,   1.3020E-013,   6.7577E-012,   3.3084E-013,  
137.656,   1.0392E-007,   3.1847E-006,   4.9961E-011,   1.9812E-011,   2.0812E-011,   3.2710E-009,   2.9024E-009,   3.1390E-013,   5.5654E-012,   5.3327E-013,  
143.609,   1.0658E-007,   3.2200E-006,   5.3468E-011,   1.9421E-011,   2.1468E-011,   2.9458E-009,   2.9097E-009,   4.3785E-013,   6.0461E-012,   7.0537E-013,  
149.593,   1.0189E-007,   3.1927E-006,   5.2714E-011,   1.9058E-011,   2.0981E-011,   3.1292E-009,   2.6721E-009,   2.7912E-013,   6.3582E-012,   4.6728E-013,  
155.609,   1.0336E-007,   3.1874E-006,   5.3262E-011,   1.9197E-011,   2.1680E-011,   3.1310E-009,   2.9693E-009,   2.5326E-013,   5.8062E-012,   6.2779E-013,  
161.609,   1.0362E-007,   3.1835E-006,   2.0821E-011,   1.9719E-011,   2.1324E-011,   3.3035E-009,   2.5592E-009,   3.8524E-013,   6.0898E-012,   4.0129E-013,  
167.593,   1.0599E-007,   3.1879E-006,   5.4866E-011,   1.8861E-011,   2.1213E-011,   3.1536E-009,   2.7877E-009,   1.4000E-013,   5.8731E-012,   2.7377E-013,  
173.593,   1.0250E-007,   3.1811E-006,   5.4403E-011,   1.9191E-011,   2.0990E-011,   3.3668E-009,   2.8500E-009,   2.8536E-013,   6.0345E-012,   3.5313E-013,  
179.593,   1.0367E-007,   3.1836E-006,   5.3960E-011,   1.9094E-011,   2.0283E-011,   2.8790E-009,   3.1780E-009,   3.6829E-013,   6.7925E-012,   6.3582E-013,  
185.609,   9.8136E-008,   3.1699E-006,   5.3892E-011,   1.9464E-011,   2.0738E-011,   2.9919E-009,   2.8220E-009,   5.5110E-013,   6.1540E-012,   4.4855E-013,  
191.578,   1.0127E-007,   3.1781E-006,   5.1157E-011,   1.9309E-011,   2.1132E-011,   3.1463E-009,   3.1852E-009,   5.4486E-013,   5.6938E-012,   7.9277E-013,  
197.656,   1.0102E-007,   3.1826E-006,   5.0235E-011,   1.9176E-011,   2.0636E-011,   3.1021E-009,   2.5438E-009,   5.2167E-013,   6.2387E-012,   7.7850E-013,  
203.656,   9.9497E-008,   3.1711E-006,   4.9769E-011,   1.8861E-011,   2.1320E-011,   3.0741E-009,   2.9901E-009,   4.8868E-013,   6.3707E-012,   4.6906E-013,  
209.640,   1.0567E-007,   3.1738E-006,   5.2344E-011,   1.8762E-011,   2.0915E-011,   2.8934E-009,   2.7001E-009,   4.4855E-013,   6.2137E-012,   4.7441E-013,  
215.640,   9.9273E-008,   3.1753E-006,   5.1685E-011,   1.8639E-011,   2.1109E-011,   3.1716E-009,   2.7173E-009,   4.4498E-013,   5.4959E-012,   5.7964E-013,  
221.671,   1.0255E-007,   3.1851E-006,   5.1853E-011,   1.9366E-011,   2.1054E-011,   3.1608E-009,   2.7353E-009,   6.6257E-013,   6.1406E-012,   3.7899E-013,  
227.671,   9.8042E-008,   3.1756E-006,   2.0170E-011,   1.9219E-011,   2.0515E-011,   3.1942E-009,   2.7669E-009,   4.6193E-013,   6.2592E-012,   4.5568E-013,  
233.687,   1.0252E-007,   3.1675E-006,   4.9239E-011,   1.9040E-011,   2.1095E-011,   3.2963E-009,   3.0334E-009,   3.4957E-013,   6.2993E-012,   8.4003E-013,  
239.671,   1.0041E-007,   3.1912E-006,   5.1021E-011,   1.8297E-011,   2.0771E-011,   3.1373E-009,   2.6495E-009,   8.2219E-013,   5.7883E-012,   3.8880E-013,  
245.687,   9.9915E-008,   3.1747E-006,   4.9689E-011,   1.8966E-011,   2.0640E-011,   2.8862E-009,   2.7136E-009,   6.9289E-013,   6.1950E-012,   5.1543E-013,  
251.671,   9.9678E-008,   3.1788E-006,   4.9769E-011,   2.0461E-011,   2.0190E-011,   3.1192E-009,   2.8220E-009,   1.1860E-013,   5.6680E-012,   2.8804E-013,  
257.687,   9.9389E-008,   3.1791E-006,   4.7770E-011,   2.7711E-011,   2.1010E-011,   3.4002E-009,   2.7660E-009,   4.1377E-013,   6.3163E-012,   6.5900E-013,  
263.671,   9.0822E-008,   3.1830E-006,   4.9320E-011,   5.6821E-011,   2.0475E-011,   3.2421E-009,   2.8049E-009,   3.5224E-013,   5.6974E-012,   6.2333E-013,  
269.687,   1.0038E-007,   3.1638E-006,   4.7162E-011,   1.0110E-010,   2.1296E-011,   3.3126E-009,   2.4697E-009,   7.6690E-013,   5.9105E-012,   3.2727E-013,  
275.687,   1.0042E-007,   3.1693E-006,   5.1612E-011,   1.1602E-010,   2.1054E-011,   3.1075E-009,   2.7733E-009,   1.4000E-013,   5.7215E-012,   4.0842E-013,  
281.671,   1.0295E-007,   3.1859E-006,   4.9104E-011,   9.3570E-011,   2.0439E-011,   3.2069E-009,   2.9024E-009,   3.1211E-013,   8.3548E-012,   2.5326E-013,  
287.687,   9.9140E-008,   3.1852E-006,   5.0794E-011,   5.6656E-011,   1.9981E-011,   3.5104E-009,   2.9449E-009,   1.0255E-013,   6.1459E-012,   5.9123E-013,  
293.687,   9.9573E-008,   3.1781E-006,   5.0058E-011,   3.6436E-011,   2.1069E-011,   3.2186E-009,   2.7001E-009,   2.4256E-013,   5.6555E-012,   4.3339E-013,  
299.687,   9.4061E-008,   3.1787E-006,   4.7998E-011,   2.5829E-011,   2.0670E-011,   3.2078E-009,   2.8365E-009,   2.6931E-013,   5.7152E-012,   4.9670E-013,  
305.671,   9.6531E-008,   3.1605E-006,   4.8088E-011,   2.0976E-011,   2.0902E-011,   3.1554E-009,   2.6965E-009,   2.7109E-013,   6.3671E-012,   6.2066E-013,  
311.703,   9.4631E-008,   3.1689E-006,   4.8260E-011,   1.9678E-011,   2.0779E-011,   2.9539E-009,   2.5131E-009,   4.3696E-013,   5.5369E-012,   5.6002E-013,  
317.671,   9.4205E-008,   3.1809E-006,   4.8574E-011,   1.8815E-011,   1.9885E-011,   3.0343E-009,   2.5474E-009,   5.6002E-013,   6.0407E-012,   1.8459E-013,  
323.687,   9.6370E-008,   3.1683E-006,   1.9374E-011,   1.8031E-011,   2.0497E-011,   3.1852E-009,   2.5908E-009,   6.2779E-013,   5.8445E-012,   6.1352E-013,  
329.671,   9.5221E-008,   3.1765E-006,   4.8311E-011,   1.8099E-011,   2.0297E-011,   3.0614E-009,   2.6920E-009,   3.9237E-013,   8.5911E-012,   3.7632E-013,  
335.687,   9.6586E-008,   3.1744E-006,   4.8855E-011,   1.7696E-011,   1.9738E-011,   3.0614E-009,   2.8193E-009,   3.9326E-013,   5.9096E-012,   5.5824E-013,  
341.687,   9.2178E-008,   3.1746E-006,   4.7357E-011,   1.8573E-011,   1.9806E-011,   3.2042E-009,   2.7453E-009,   4.4677E-013,   5.8757E-012,   4.6193E-013,  
347.734,   9.5641E-008,   3.1813E-006,   4.7351E-011,   1.7938E-011,   2.0362E-011,   3.3595E-009,   2.7353E-009,   3.7899E-013,   5.6457E-012,   7.6512E-013,  
353.718,   9.4784E-008,   3.1870E-006,   5.0146E-011,   1.7709E-011,   1.9800E-011,   3.1156E-009,   2.7389E-009,   1.9529E-013,   5.4076E-012,   4.5658E-013,  
359.718,   9.6538E-008,   3.1959E-006,   4.4974E-011,   1.8104E-011,   1.9954E-011,   3.4164E-009,   2.7841E-009,   5.0027E-013,   5.8338E-012,   3.3351E-013,  
365.734,   9.7083E-008,   3.1951E-006,   4.6770E-011,   1.7534E-011,   1.9764E-011,   3.4137E-009,   2.8049E-009,   6.8665E-013,   5.9801E-012,   3.1568E-013,  
371.734,   9.6122E-008,   3.2050E-006,   4.7505E-011,   1.6946E-011,   2.0118E-011,   3.0732E-009,   2.8853E-009,   4.6371E-013,   5.9319E-012,   2.9874E-013,  
377.718,   9.7427E-008,   3.1989E-006,   4.7574E-011,   1.8842E-011,   1.9930E-011,   3.0930E-009,   2.5646E-009,   2.9071E-013,   5.5003E-012,   4.8065E-013,  
383.718,   9.5444E-008,   3.1881E-006,   4.6970E-011,   1.7987E-011,   2.0198E-011,   3.3911E-009,   2.7353E-009,   6.3760E-013,   5.4388E-012,   6.1709E-013,  
389.734,   9.6789E-008,   3.1843E-006,   4.5860E-011,   1.8255E-011,   1.9439E-011,   3.2403E-009,   2.7597E-009,   1.1593E-014,   5.3817E-012,   4.2358E-013,  
395.718,   9.6129E-008,   3.1955E-006,   4.4137E-011,   1.7722E-011,   1.7736E-011,   2.8753E-009,   2.7913E-009,   2.4166E-013,   5.1730E-012,   2.2561E-013,  
401.734,   1.0010E-007,   3.2030E-006,   4.6682E-011,   1.8251E-011,   1.9913E-011,   3.0262E-009,   2.5176E-009,   6.6525E-013,   5.4111E-012,   2.8714E-013,  
407.734,   9.7413E-008,   3.2144E-006,   4.7081E-011,   1.7491E-011,   1.9727E-011,   3.0163E-009,   2.7525E-009,   3.4778E-013,   5.1231E-012,   2.6574E-013,  
413.718,   9.7231E-008,   3.2211E-006,   4.6727E-011,   1.7755E-011,   2.0074E-011,   3.3595E-009,   2.7173E-009,   9.4525E-014,   8.7686E-012,   2.8358E-013,  
419.718,   9.5712E-008,   3.1965E-006,   1.5958E-011,   1.7839E-011,   1.9888E-011,   3.3541E-009,   2.6305E-009,   9.6220E-013,   5.8258E-012,   3.3886E-013,  
425.734,   9.3354E-008,   3.1961E-006,   4.5795E-011,   1.8196E-011,   1.9789E-011,   3.1581E-009,   2.5682E-009,   6.6168E-013,   5.9266E-012,   3.2995E-013,  
431.718,   9.5158E-008,   3.2065E-006,   4.5686E-011,   1.7853E-011,   2.0301E-011,   3.3424E-009,   2.7073E-009,   4.4587E-013,   5.6671E-012,   6.0996E-013,  
437.718,   9.5210E-008,   3.2122E-006,   4.3421E-011,   1.8018E-011,   1.9661E-011,   3.2529E-009,   2.8925E-009,   6.1263E-013,   5.1632E-012,   3.8969E-013,  
443.718,   9.1352E-008,   3.2189E-006,   4.4627E-011,   1.7366E-011,   1.9608E-011,   3.2060E-009,   2.8049E-009,   6.0817E-013,   5.6920E-012,   3.9237E-014,  
449.734,   9.5384E-008,   3.1931E-006,   1.7492E-011,   1.7243E-011,   1.9258E-011,   3.2033E-009,   2.9133E-009,   4.1288E-013,   5.0767E-012,   5.9747E-013,  
455.734,   9.5422E-008,   3.2129E-006,   4.4522E-011,   1.7833E-011,   1.9789E-011,   3.4643E-009,   2.7733E-009,   3.0141E-013,   5.3888E-012,   3.6027E-013,  
461.734,   9.7182E-008,   3.2370E-006,   4.1625E-011,   1.7891E-011,   2.0041E-011,   3.1716E-009,   2.6829E-009,   3.4511E-013,   5.4004E-012,   3.4422E-013,  
467.718,   9.3681E-008,   3.2251E-006,   4.4431E-011,   1.8111E-011,   2.0060E-011,   3.1897E-009,   2.7706E-009,   1.2930E-013,   5.8838E-012,   1.7835E-013,  
473.718,   9.4099E-008,   3.2225E-006,   4.4548E-011,   1.7823E-011,   2.0345E-011,   3.2466E-009,   2.6685E-009,   5.2435E-013,   5.4441E-012,   4.4766E-013,  
479.718,   9.6394E-008,   3.2090E-006,   4.4761E-011,   1.7693E-011,   1.9142E-011,   3.1183E-009,   2.7317E-009,   6.3849E-013,   5.5743E-012,   3.5938E-013,  
485.718,   9.3655E-008,   3.2157E-006,   4.5770E-011,   1.7365E-011,   1.9404E-011,   3.2710E-009,   2.6649E-009,  -4.2804E-014,   5.4468E-012,   3.3441E-013,  
491.734,   9.4584E-008,   3.2051E-006,   4.4695E-011,   1.8024E-011,   1.9518E-011,   3.3207E-009,   3.0434E-009,   4.7263E-013,   5.2970E-012,   3.5670E-013,  
497.718,   9.0514E-008,   3.1971E-006,   4.5050E-011,   1.8003E-011,   1.9725E-011,   3.2945E-009,   2.3749E-009,   4.2626E-013,   5.2881E-012,   8.5519E-013,  
503.718,   9.2934E-008,   3.2301E-006,   4.4562E-011,   1.8185E-011,   1.9239E-011,   3.2999E-009,   2.6965E-009,   1.8013E-013,   9.2858E-012,   6.1620E-013,  
509.734,   9.2278E-008,   3.2340E-006,   1.7454E-011,   1.7904E-011,   1.9931E-011,   3.4625E-009,   2.6929E-009,   3.6562E-013,   7.7217E-012,   4.2001E-013,  
515.734,   9.7250E-008,   3.1944E-006,   4.2339E-011,   1.7429E-011,   1.9961E-011,   3.5745E-009,   2.5664E-009,   6.4473E-013,   5.5083E-012,   1.5873E-013,  
521.718,   9.2936E-008,   3.2263E-006,   4.1804E-011,   1.7995E-011,   1.9767E-011,   3.4743E-009,   2.3333E-009,   4.9760E-013,   5.3924E-012,   5.6804E-013,  
527.734,   9.3122E-008,   3.2157E-006,   1.3935E-011,   1.6809E-011,   1.8793E-011,   3.3848E-009,   2.9657E-009,   3.6205E-013,   4.9679E-012,   3.6829E-013,  
533.718,   9.1250E-008,   3.2154E-006,   4.5948E-011,   1.7103E-011,   2.0319E-011,   3.2177E-009,   2.6929E-009,   6.7238E-013,   5.0009E-012,  -8.9175E-015,  
539.718,   9.4018E-008,   3.2078E-006,   1.6675E-011,   1.7966E-011,   1.9810E-011,   3.3911E-009,   2.6251E-009,   3.3619E-013,   5.2346E-012,   4.7174E-013,  
545.718,   9.2561E-008,   3.2243E-006,   4.5613E-011,   1.7270E-011,   1.9552E-011,   3.2683E-009,   2.7055E-009,  -7.1340E-015,   8.3209E-012,  -7.3123E-014,  
551.718,   9.1861E-008,   3.2058E-006,   4.4118E-011,   1.7235E-011,   1.9445E-011,   3.5872E-009,   2.7245E-009,   2.3453E-013,   5.3434E-012,   3.7632E-013,  
557.718,   9.2189E-008,   3.2090E-006,   4.4219E-011,   1.4683E-011,   1.9154E-011,   3.6495E-009,   3.0045E-009,   3.2192E-013,   5.3380E-012,   2.2561E-013,  
563.718,   9.4589E-008,   3.2354E-006,   4.4348E-011,   1.6912E-011,   1.9480E-011,   3.2611E-009,   2.6305E-009,   2.5593E-013,   5.6055E-012,   3.8345E-014,  
569.734,   9.0390E-008,   3.2184E-006,   4.4361E-011,   1.6841E-011,   1.9686E-011,   3.5465E-009,   2.8365E-009,   7.0448E-014,   5.2319E-012,   1.1771E-013,  
575.734,   9.2024E-008,   3.2012E-006,   4.3028E-011,   1.7793E-011,   1.9273E-011,   3.3631E-009,   2.7145E-009,   3.1211E-014,   5.8008E-012,  -6.5989E-014,  
581.734,   9.1478E-008,   3.2184E-006,   4.4559E-011,   1.7678E-011,   1.9564E-011,   3.3062E-009,   3.0045E-009,   2.7644E-013,   5.3737E-012,   2.2026E-013,  
587.734,   9.3443E-008,   3.2175E-006,   4.4175E-011,   1.6690E-011,   1.7639E-011,   3.3207E-009,   2.8780E-009,   1.8192E-013,   5.1392E-012,   2.6574E-013,  
593.718,   9.0683E-008,   3.2141E-006,   4.2399E-011,   1.8334E-011,   1.9592E-011,   3.4137E-009,   2.7091E-009,   2.3453E-013,   5.5494E-012,   1.1325E-013,  
599.734,   9.7410E-008,   3.2267E-006,   4.3978E-011,   1.7983E-011,   1.9238E-011,   3.4453E-009,   3.0045E-009,   1.9975E-013,   5.2132E-012,   2.2383E-013,  
605.734,   9.3719E-008,   3.3272E-006,   4.2500E-011,   2.1492E-011,   2.1376E-011,   3.5736E-009,   3.0045E-009,   3.7989E-013,   4.6995E-012,   3.2460E-013,  
611.734,   9.4476E-008,   3.3192E-006,   4.0701E-011,   1.8351E-011,   1.9446E-011,   3.1780E-009,   2.6414E-009,   9.5417E-014,   5.1472E-012,   4.1645E-013,  
617.718,   8.8379E-008,   3.1035E-006,   4.3566E-011,   1.8721E-011,   1.9358E-011,   3.3812E-009,   2.6703E-009,   6.6346E-013,   5.0054E-012,   3.5135E-013,  
623.734,   7.5826E-008,   2.8268E-006,   4.1687E-011,   1.6354E-011,   1.8385E-011,   3.5447E-009,   2.7489E-009,   3.7453E-013,   9.1948E-012,   3.6027E-013,  
629.718,   7.0511E-008,   2.6922E-006,   4.0359E-011,   1.6381E-011,   1.8227E-011,   3.3089E-009,   2.7209E-009,   2.6039E-013,   7.6815E-012,  -1.0523E-013,  
635.718,   7.4210E-008,   2.6480E-006,   4.1953E-011,   1.5893E-011,   1.7907E-011,   3.5411E-009,   2.5510E-009,  -9.5417E-014,   4.3187E-012,   4.2180E-013,  
641.718,   7.1414E-008,   2.6646E-006,   1.5897E-011,   1.6011E-011,   1.8059E-011,   3.4634E-009,   2.7245E-009,   3.1390E-013,   6.5918E-012,   4.8154E-013,  
647.718,   7.2634E-008,   2.6505E-006,   4.1012E-011,   1.6493E-011,   1.8022E-011,   3.3207E-009,   2.5510E-009,   4.6282E-013,   5.6689E-012,   3.4154E-013,  
653.718,   7.3003E-008,   2.6594E-006,   4.0534E-011,   1.7012E-011,   1.8092E-011,   3.3234E-009,   2.6721E-009,   3.9683E-013,   8.2808E-012,   2.8536E-013,  
659.734,   7.3097E-008,   2.6268E-006,   1.8956E-011,   1.6068E-011,   1.8517E-011,   3.1472E-009,   2.4607E-009,   3.7008E-013,   4.8912E-012,   3.6294E-013,  
665.734,   6.9321E-008,   2.5946E-006,   4.2837E-011,   1.7093E-011,   1.8259E-011,   3.2855E-009,   2.3604E-009,   3.8345E-014,   4.8529E-012,   5.3505E-015,  
671.718,   6.3095E-008,   2.5798E-006,   4.0919E-011,   1.6811E-011,   1.8597E-011,   3.3957E-009,   2.5781E-009,   2.1580E-013,   5.1757E-012,   5.7607E-013,  
677.718,   6.4729E-008,   2.4961E-006,   4.1869E-011,   1.5351E-011,   1.7806E-011,   3.3758E-009,   2.5330E-009,   3.8345E-013,   7.7083E-012,   1.4714E-013,  
683.718,   5.9142E-008,   2.3178E-006,   4.1534E-011,   1.6810E-011,   1.7664E-011,   3.3279E-009,   3.8892E-007,   2.9428E-013,   4.9278E-012,   3.6205E-013,  
689.718,   5.9731E-008,   1.9553E-006,   4.6664E-011,   4.3866E-011,   6.8555E-011,   3.4544E-009,   2.3929E-006,   9.5061E-013,   1.3182E-011,   6.5383E-012,  
695.718,   6.9800E-008,   1.9752E-006,   4.8327E-011,   7.5114E-011,   1.0519E-010,   3.7308E-009,   2.8613E-006,   1.1584E-012,   2.0077E-011,   8.4306E-012,  
701.718,   7.2067E-008,   2.0703E-006,   4.9682E-011,   8.3745E-011,   1.1162E-010,   3.5556E-009,   2.9484E-006,   3.4315E-012,   2.1870E-011,   6.6854E-012,  
707.718,   7.5851E-008,   2.1608E-006,   4.6992E-011,   8.6477E-011,   1.1041E-010,   3.6107E-009,   2.8615E-006,   3.1131E-012,   1.8876E-011,   7.5558E-012,  
713.734,   7.6536E-008,   2.2282E-006,   1.8786E-011,   8.1856E-011,   1.0682E-010,   3.4743E-009,   2.7297E-006,   2.2552E-012,   2.2237E-011,   8.0204E-012,  
719.718,   7.7068E-008,   2.3271E-006,   4.7060E-011,   8.2326E-011,   1.0623E-010,   3.3631E-009,   2.5324E-006,   2.9196E-012,   2.2097E-011,   7.2883E-012,  
725.718,   8.6360E-008,   2.4221E-006,   4.8858E-011,   7.9367E-011,   1.0293E-010,   3.3911E-009,   2.3391E-006,   3.2558E-012,   2.0276E-011,   8.5225E-012,  
731.734,   8.3012E-008,   2.5220E-006,   1.9834E-011,   7.3210E-011,   1.0127E-010,   3.4029E-009,   2.1335E-006,   1.7781E-012,   1.9422E-011,   6.5446E-012,  
737.718,   8.1885E-008,   2.6054E-006,   4.6161E-011,   7.1056E-011,   9.6347E-011,   3.7579E-009,   1.9151E-006,   8.9353E-013,   1.8570E-011,   7.8296E-012,  
743.734,   8.6154E-008,   2.6914E-006,   4.7959E-011,   6.4556E-011,   9.6302E-011,   3.4110E-009,   1.7044E-006,   2.9249E-013,   1.7431E-011,   6.3065E-012,  
749.734,   8.6917E-008,   2.7811E-006,   4.6942E-011,   5.9119E-011,   9.0848E-011,   3.4354E-009,   1.4737E-006,   4.1466E-013,   1.5842E-011,   7.7226E-012,  
755.718,   9.1134E-008,   2.8812E-006,   4.5382E-011,   5.3435E-011,   8.5851E-011,   3.4481E-009,   1.2416E-006,   5.6537E-013,   1.4734E-011,   7.8153E-012,  
761.734,   9.0468E-008,   2.9772E-006,   4.7065E-011,   4.8024E-011,   7.7741E-011,   3.6089E-009,   1.0310E-006,  -9.2920E-013,   1.3628E-011,   7.2669E-012,  
767.718,   9.4862E-008,   3.0001E-006,   4.2906E-011,   4.2737E-011,   7.0658E-011,   3.3893E-009,   8.1329E-007,   3.3173E-013,   1.1965E-011,   8.2665E-012,  
773.718,   9.5615E-008,   3.0746E-006,   4.4219E-011,   3.8023E-011,   5.8140E-011,   3.3126E-009,   6.0591E-007,   2.8625E-013,   1.0469E-011,   7.5103E-012,  
779.734,   9.4056E-008,   3.0892E-006,   4.7167E-011,   3.3928E-011,   4.9457E-011,   3.4806E-009,   4.3491E-007,   2.8268E-013,   9.3794E-012,   8.6232E-013,  
785.718,   8.8624E-008,   3.1343E-006,   4.7035E-011,   2.8282E-011,   3.9288E-011,   3.3035E-009,   2.8549E-007,   5.2702E-013,   8.2398E-012,   6.1977E-013,  
791.734,   9.1528E-008,   3.1463E-006,   4.5349E-011,   2.5880E-011,   3.1359E-011,   3.4851E-009,   1.8088E-007,   3.8969E-013,   7.6298E-012,   5.0384E-013,  
797.718,   8.9758E-008,   3.1652E-006,   4.5295E-011,   2.2761E-011,   2.5843E-011,   3.2547E-009,   1.1120E-007,   3.1479E-013,   6.9405E-012,   4.8244E-013,  
803.718,   8.3014E-008,   3.1323E-006,   4.7431E-011,   2.1241E-011,   2.3322E-011,   3.2421E-009,   7.0735E-008,   2.3453E-013,   6.7434E-012,   2.5147E-013,  
809.734,   8.7857E-008,   3.1370E-006,   4.6308E-011,   1.9693E-011,   2.1251E-011,   3.3704E-009,   4.7909E-008,   1.8548E-013,   5.8641E-012,   1.8281E-013,  
815.718,   8.8297E-008,   3.1328E-006,   4.7152E-011,   2.0475E-011,   2.0995E-011,   3.4282E-009,   3.4774E-008,   2.2561E-013,   6.2565E-012,   3.0319E-013,  
821.718,   8.6490E-008,   3.1187E-006,   4.5194E-011,   1.9707E-011,   1.9896E-011,   3.0759E-009,   2.7718E-008,   2.5504E-013,   5.9952E-012,   4.0040E-013,  
827.718,   8.8267E-008,   3.1199E-006,   4.4916E-011,   1.9104E-011,   1.9687E-011,   3.3424E-009,   2.2430E-008,   2.8179E-013,   6.0559E-012,   2.7198E-013,  
833.750,   8.7649E-008,   3.1303E-006,   4.3095E-011,   1.8531E-011,   2.0262E-011,   3.2945E-009,   1.9432E-008,   2.2740E-013,   7.5308E-012,   3.6205E-013,  
839.718,   8.7872E-008,   3.1252E-006,   4.4666E-011,   1.8530E-011,   1.9529E-011,   3.0298E-009,   1.6745E-008,   6.6881E-014,   5.7500E-012,   3.8345E-013,  
845.718,   8.5007E-008,   3.1289E-006,   4.3031E-011,   1.9491E-011,   1.9101E-011,   3.5501E-009,   1.4174E-008,   5.0830E-013,   8.0507E-012,   7.0805E-013,  
851.734,   8.8440E-008,   3.1183E-006,   4.1866E-011,   1.8686E-011,   1.8979E-011,   3.3098E-009,   1.2884E-008,   3.0409E-013,   7.2838E-012,   3.2371E-013,  
857.734,   8.7117E-008,   3.1246E-006,   4.3879E-011,   1.8820E-011,   1.9636E-011,   3.4842E-009,   1.1633E-008,   4.1110E-013,   5.8178E-012,   4.6817E-013,  
863.718,   8.5924E-008,   3.1277E-006,   1.7834E-011,   1.8655E-011,   1.9209E-011,   3.2674E-009,   1.0555E-008,   2.6396E-013,   5.4959E-012,   1.9083E-013,  
869.718,   8.7511E-008,   3.1171E-006,   4.5115E-011,   1.7818E-011,   1.8661E-011,   3.1210E-009,   9.6269E-009,   5.5645E-013,   5.5939E-012,   3.4511E-013,  
875.718,   8.8177E-008,   3.1235E-006,   4.5343E-011,   1.7899E-011,   1.8365E-011,   3.5312E-009,   9.2972E-009,   3.4778E-013,   5.8258E-012,   5.0206E-013,  
881.734,   8.5771E-008,   3.1109E-006,   4.3871E-011,   1.8221E-011,   1.9404E-011,   3.4246E-009,   8.3622E-009,  -2.1402E-014,   5.3220E-012,   3.7543E-013,  
887.718,   8.6669E-008,   3.1251E-006,   4.6939E-011,   1.7987E-011,   1.8722E-011,   3.4706E-009,   8.0352E-009,   3.2281E-013,   5.3942E-012,   4.1912E-013,  
893.703,   8.5544E-008,   3.1070E-006,   4.4893E-011,   1.6811E-011,   1.9026E-011,   3.5041E-009,   7.7543E-009,   1.2306E-013,   4.9572E-012,   1.4446E-013,  
899.734,   8.6762E-008,   3.1200E-006,   4.1811E-011,   1.8486E-011,   1.9262E-011,   3.4318E-009,   7.7182E-009,   9.8092E-015,   5.2631E-012,   2.6663E-013,  
905.734,   8.7612E-008,   3.1237E-006,   4.2705E-011,   1.7955E-011,   1.7734E-011,   3.3360E-009,   6.9774E-009,   4.0307E-013,   5.3478E-012,   2.5504E-013,  
911.718,   8.4298E-008,   3.1307E-006,   4.3890E-011,   1.9177E-011,   1.8509E-011,   3.3559E-009,   6.5673E-009,  -1.2395E-013,   5.3023E-012,   2.8982E-013,  
917.734,   8.8994E-008,   3.1158E-006,   4.6013E-011,   2.2282E-011,   1.8353E-011,   3.5339E-009,   7.1084E-009,  -6.3314E-014,   5.2586E-012,   5.7607E-013,  
923.734,   9.0613E-008,   3.1060E-006,   1.3877E-011,   3.3403E-011,   1.7992E-011,   3.3207E-009,   6.4770E-009,   3.7543E-013,   5.6046E-012,   3.5670E-013,  
929.734,   8.8439E-008,   3.1047E-006,   4.4085E-011,   4.9236E-011,   1.8679E-011,   3.4237E-009,   6.1581E-009,   2.4523E-013,   5.2586E-012,   1.7924E-013,  
935.718,   8.5901E-008,   3.0980E-006,   1.9002E-011,   7.7440E-011,   1.9165E-011,   3.5818E-009,   6.3523E-009,   3.1479E-013,   5.4102E-012,   3.9772E-013,  
941.718,   8.5855E-008,   3.1202E-006,   4.6914E-011,   1.0729E-010,   1.9536E-011,   3.2358E-009,   5.8726E-009,   2.7109E-013,   5.5378E-012,   3.5402E-013,  
947.718,   8.6710E-008,   3.1010E-006,   4.4243E-011,   1.3886E-010,   1.9372E-011,   3.5890E-009,   5.7534E-009,   2.0867E-013,   9.1966E-012,   3.6740E-013,  
953.718,   8.6785E-008,   3.1172E-006,   4.4725E-011,   1.5397E-010,   1.9138E-011,   3.5203E-009,   5.8862E-009,   2.3453E-013,   7.8661E-012,   1.5338E-013,  
959.734,   9.0949E-008,   3.1117E-006,   4.2228E-011,   1.5779E-010,   1.3812E-010,   3.5492E-009,   5.3577E-009,   5.4664E-013,   5.3897E-012,   3.2014E-013,  
965.718,   8.8822E-008,   3.1140E-006,   4.3633E-011,   1.3878E-010,   1.8690E-011,   3.1888E-009,   5.6125E-009,   3.3084E-013,   5.5922E-012,   4.1734E-013,  
971.718,   8.5238E-008,   3.1025E-006,   4.4907E-011,   1.0879E-010,   1.8883E-011,   3.2701E-009,   5.3957E-009,   4.6103E-013,   5.3594E-012,   6.6346E-013,  
977.718,   9.1052E-008,   3.1240E-006,   1.1107E-011,   7.9625E-011,   1.9065E-011,   3.5023E-009,   5.5221E-009,   8.5608E-014,   4.7869E-012,   2.4969E-013,  
983.718,   3.4509E-007,   1.5988E-005,   4.4240E-011,   5.4933E-011,   1.7459E-011,   3.6640E-009,   2.5282E-008,   5.9569E-013,   6.0657E-012,   5.1900E-013,  
989.718,   9.6719E-008,   3.2545E-006,   4.6468E-011,   6.4013E-011,   1.9376E-011,   3.4661E-009,   5.7308E-009,   3.8078E-013,   6.3386E-012,   6.9860E-012,  
995.734,   9.8116E-008,   3.2117E-006,   2.2716E-011,   3.8600E-011,   1.8088E-011,   3.5781E-009,   5.6811E-009,   5.2702E-013,   4.9920E-012,   6.6685E-012,  
1001.734,   9.4511E-008,   3.2020E-006,   4.1017E-011,   3.2255E-011,   1.8966E-011,   3.5194E-009,   5.6694E-009,   5.6269E-013,   5.9052E-012,   8.4030E-012,  
1007.718,   9.3528E-008,   3.1996E-006,   3.9616E-011,   2.6378E-011,   1.8656E-011,   3.3984E-009,   5.3270E-009,   6.0728E-013,   5.1588E-012,   8.1051E-012,  
1013.734,   9.2272E-008,   3.2084E-006,   1.6144E-011,   2.3831E-011,   1.8109E-011,   3.8564E-009,   5.2701E-009,   1.0219E-012,   4.6184E-012,   7.3507E-012,  
1019.718,   9.2058E-008,   3.1989E-006,   4.4773E-011,   2.2382E-011,   1.8775E-011,   3.4273E-009,   5.1536E-009,   7.2678E-013,   4.9760E-012,   7.8010E-012,  
1025.718,   9.3198E-008,   3.2005E-006,   4.2781E-011,   1.8367E-011,   1.7925E-011,   3.6305E-009,   5.0334E-009,   6.3439E-012,   4.9840E-012,   6.1424E-012,  
1031.718,   9.0939E-008,   3.1917E-006,   4.1230E-011,   1.9711E-011,   1.8514E-011,   3.4092E-009,   5.0632E-009,   7.7511E-012,   5.5003E-012,   8.9817E-012,  
1037.734,   9.2208E-008,   3.2111E-006,   4.4356E-011,   1.9223E-011,   1.8870E-011,   3.3360E-009,   5.0063E-009,   9.7201E-013,   5.0134E-012,   7.8055E-012,  
1043.718,   9.3534E-008,   3.1858E-006,   4.1946E-011,   1.8926E-011,   1.8194E-011,   3.4490E-009,   4.8383E-009,   7.5335E-012,   5.2747E-012,   6.8843E-012,  
1049.718,   8.9181E-008,   3.1938E-006,   4.3692E-011,   1.7745E-011,   1.8059E-011,   3.6748E-009,   4.7453E-009,   1.0264E-012,   5.1418E-012,   9.1913E-012,  
1055.734,   9.3583E-008,   3.1876E-006,   4.4427E-011,   1.7988E-011,   1.8465E-011,   3.7552E-009,   4.8609E-009,   8.2219E-013,   5.0776E-012,   8.5760E-012,  
1061.718,   9.3623E-008,   3.1912E-006,   4.2511E-011,   1.7798E-011,   1.7728E-011,   3.5808E-009,   4.7308E-009,   1.0077E-012,   7.6530E-012,   6.7568E-012,  
1067.718,   9.2655E-008,   3.2139E-006,   4.1382E-011,   1.8220E-011,   1.8973E-011,   3.3360E-009,   4.8943E-009,   9.5863E-013,   5.0553E-012,   8.5635E-012,  
1073.734,   9.0629E-008,   3.1920E-006,   4.5024E-011,   1.7873E-011,   1.8492E-011,   3.2809E-009,   4.6305E-009,   7.0270E-013,   5.2729E-012,   7.1946E-012,  
1079.718,   9.1901E-008,   3.1924E-006,   4.5638E-011,   1.7394E-011,   1.8319E-011,   3.3207E-009,   4.6296E-009,   2.7288E-013,   5.0821E-012,   7.2972E-012,  
1085.734,   8.9687E-008,   3.2055E-006,   1.7869E-011,   1.7636E-011,   1.8743E-011,   3.3577E-009,   4.4047E-009,   4.2715E-013,   5.4111E-012,   6.1754E-012,  
1091.718,   9.0170E-008,   3.1920E-006,   4.5142E-011,   1.7106E-011,   1.7785E-011,   3.5917E-009,   4.5122E-009,   6.5454E-013,   4.8912E-012,   1.0318E-012,  
1097.718,   8.8872E-008,   3.1850E-006,   4.6002E-011,   1.7928E-011,   1.7938E-011,   3.2782E-009,   4.7525E-009,   4.4766E-013,   4.8939E-012,   8.6232E-013,  
1103.718,   8.9405E-008,   3.1922E-006,   4.4122E-011,   1.8023E-011,   1.7820E-011,   3.3279E-009,   4.4788E-009,   5.3683E-013,   5.6849E-012,   5.7875E-013,  
1109.734,   9.0294E-008,   3.2003E-006,   4.3762E-011,   1.7987E-011,   1.8182E-011,   3.3731E-009,   4.6974E-009,   5.6091E-013,   5.0313E-012,   6.2512E-013,  
1115.718,   9.3249E-008,   3.1718E-006,   4.4685E-011,   1.7962E-011,   1.7176E-011,   3.5456E-009,   4.6269E-009,   2.6663E-013,   5.1668E-012,   8.2041E-013,  
1121.718,   9.1314E-008,   3.1992E-006,   4.3170E-011,   1.8486E-011,   1.8291E-011,   3.5104E-009,   4.2728E-009,   4.1199E-013,   4.9849E-012,   5.9658E-013,  
1127.734,   8.8936E-008,   3.1842E-006,   2.0360E-011,   1.7197E-011,   1.8257E-011,   3.3875E-009,   4.3866E-009,   2.8268E-013,   5.2444E-012,   4.0485E-013,  
1133.718,   8.7532E-008,   3.1836E-006,   4.4678E-011,   1.7558E-011,   1.8375E-011,   3.3505E-009,   4.5935E-009,   2.1402E-013,   4.4775E-012,   4.3339E-013,  
1139.718,   9.0199E-008,   3.1734E-006,   1.8090E-011,   1.7932E-011,   1.7829E-011,   3.3496E-009,   4.2891E-009,   7.2945E-013,   5.7732E-012,   2.2205E-013,  
1145.734,   9.2584E-008,   3.1550E-006,   4.4537E-011,   1.7081E-011,   1.7674E-011,   3.4408E-009,   4.5339E-009,   2.8447E-013,   5.1570E-012,   6.6614E-013,  
1151.718,   9.1266E-008,   3.1789E-006,   1.3662E-011,   1.6965E-011,   1.8539E-011,   3.4426E-009,   4.7227E-009,   2.5237E-013,   5.2257E-012,   3.3262E-013,  
1157.734,   2.2593E-009,   6.7192E-007,   4.4834E-011,   1.5976E-011,   1.5001E-011,   3.2276E-009,   2.4815E-009,   4.3874E-013,   4.5515E-012,  -2.1759E-013,  
1163.718,   1.7796E-009,   2.7093E-007,   2.1563E-011,   1.3708E-011,   1.3312E-011,   2.6350E-009,   2.2033E-009,   3.3530E-013,   9.0798E-012,   4.3072E-013,  
