Aug 18, 2026  02:19:23 PM
Residual Gas Analyzer Software 
Software Version, 3.214.004

Analog Scan Setup:

Data Points in Scan, 891 
Units, Torr 
Noise Floor, 2 
CEM Status, OFF 
Points Per AMU, 10
Scan Start Mass, 1, amu 
Scan Stop Mass, 90, amu
Focus Voltage, 90, Volts 
Ion Energy, HIGH 
Electron Energy, 70, eV 
CEM Voltage, 1159, Volts
CEM Gain, 1.01E+003 
Sensitivity Factor, 1.11E-004 
Filament Current, 1.00, mAmps


  1.00,   8.20E-013, 
  1.10,   3.55E-012, 
  1.20,   3.49E-012, 
  1.30,  -1.28E-012, 
  1.40,  -1.37E-012, 
  1.50,   3.32E-012, 
  1.60,   9.39E-012, 
  1.70,   2.86E-011, 
  1.80,   3.34E-011, 
  1.90,   2.80E-011, 
  2.00,   2.46E-011, 
  2.10,   2.21E-011, 
  2.20,   1.75E-011, 
  2.30,   7.11E-012, 
  2.40,   2.23E-012, 
  2.50,   1.56E-012, 
  2.60,   1.27E-012, 
  2.70,   9.97E-013, 
  2.80,   2.77E-012, 
  2.90,   2.69E-012, 
  3.00,   4.99E-014, 
  3.10,   1.35E-012, 
  3.20,   6.21E-012, 
  3.30,   4.44E-012, 
  3.40,   1.35E-011, 
  3.50,   4.75E-011, 
  3.60,   9.35E-011, 
  3.70,   1.22E-010, 
  3.80,   1.57E-010, 
  3.90,   2.12E-010, 
  4.00,   2.30E-010, 
  4.10,   2.06E-010, 
  4.20,   1.33E-010, 
  4.30,   3.88E-011, 
  4.40,   6.10E-012, 
  4.50,   2.45E-012, 
  4.60,   1.62E-012, 
  4.70,   1.55E-012, 
  4.80,   4.70E-013, 
  4.90,   3.84E-013, 
  5.00,   3.93E-013, 
  5.10,   6.09E-013, 
  5.20,   7.33E-013, 
  5.30,   6.33E-013, 
  5.40,   5.41E-013, 
  5.50,   9.40E-013, 
  5.60,   5.56E-013, 
  5.70,   2.84E-013, 
  5.80,   4.40E-013, 
  5.90,   4.24E-013, 
  6.00,   4.50E-013, 
  6.10,   7.26E-013, 
  6.20,   5.21E-013, 
  6.30,   5.83E-013, 
  6.40,   6.05E-013, 
  6.50,   5.95E-013, 
  6.60,   6.56E-013, 
  6.70,   4.73E-013, 
  6.80,   6.70E-013, 
  6.90,   9.73E-013, 
  7.00,   1.07E-012, 
  7.10,   7.29E-013, 
  7.20,   8.52E-013, 
  7.30,   5.40E-013, 
  7.40,   5.31E-013, 
  7.50,   6.16E-013, 
  7.60,   7.32E-013, 
  7.70,   5.11E-013, 
  7.80,   7.02E-013, 
  7.90,   3.60E-013, 
  8.00,   2.82E-013, 
  8.10,   1.01E-013, 
  8.20,   2.53E-013, 
  8.30,   6.13E-013, 
  8.40,   5.82E-013, 
  8.50,   7.03E-013, 
  8.60,   5.85E-013, 
  8.70,   6.68E-013, 
  8.80,   5.83E-013, 
  8.90,   8.13E-013, 
  9.00,   3.95E-013, 
  9.10,   7.09E-013, 
  9.20,   4.57E-013, 
  9.30,   4.24E-013, 
  9.40,   1.98E-013, 
  9.50,   4.09E-013, 
  9.60,   5.34E-013, 
  9.70,   6.30E-013, 
  9.80,   5.36E-013, 
  9.90,   7.60E-013, 
 10.00,   7.99E-013, 
 10.10,   5.17E-013, 
 10.20,   6.22E-013, 
 10.30,   8.61E-013, 
 10.40,   8.65E-013, 
 10.50,   9.14E-013, 
 10.60,   5.52E-013, 
 10.70,   5.17E-014, 
 10.80,   1.61E-013, 
 10.90,   7.13E-014, 
 11.00,   3.01E-013, 
 11.10,   5.48E-013, 
 11.20,   6.10E-013, 
 11.30,   8.94E-013, 
 11.40,   7.59E-013, 
 11.50,   3.21E-013, 
 11.60,   3.61E-013, 
 11.70,   2.41E-013, 
 11.80,   9.00E-013, 
 11.90,   1.21E-012, 
 12.00,   8.24E-013, 
 12.10,   5.61E-013, 
 12.20,   4.53E-013, 
 12.30,   4.92E-013, 
 12.40,   5.05E-013, 
 12.50,   8.08E-013, 
 12.60,   5.66E-013, 
 12.70,   4.86E-013, 
 12.80,   8.41E-013, 
 12.90,   8.01E-013, 
 13.00,   6.27E-013, 
 13.10,   1.13E-012, 
 13.20,   8.03E-013, 
 13.30,   5.98E-013, 
 13.40,   1.20E-012, 
 13.50,   5.69E-012, 
 13.60,   6.10E-012, 
 13.70,   7.07E-012, 
 13.80,   8.29E-012, 
 13.90,   1.01E-011, 
 14.00,   7.38E-012, 
 14.10,   8.19E-012, 
 14.20,   8.23E-012, 
 14.30,   6.65E-012, 
 14.40,   3.49E-012, 
 14.50,  -2.86E-013, 
 14.60,   4.08E-013, 
 14.70,   3.05E-012, 
 14.80,   5.07E-012, 
 14.90,   4.45E-012, 
 15.00,   4.30E-012, 
 15.10,   4.01E-012, 
 15.20,   2.92E-012, 
 15.30,   1.84E-012, 
 15.40,   1.84E-012, 
 15.50,  -2.05E-014, 
 15.60,   6.33E-013, 
 15.70,   2.56E-012, 
 15.80,   4.12E-012, 
 15.90,   4.64E-012, 
 16.00,   4.74E-012, 
 16.10,   4.31E-012, 
 16.20,   3.92E-012, 
 16.30,   2.30E-012, 
 16.40,   2.86E-012, 
 16.50,   5.34E-012, 
 16.60,   3.13E-012, 
 16.70,   1.92E-012, 
 16.80,   3.26E-012, 
 16.90,   7.46E-013, 
 17.00,  -2.82E-012, 
 17.10,  -4.26E-012, 
 17.20,  -7.09E-012, 
 17.30,  -3.19E-012, 
 17.40,   6.99E-012, 
 17.50,   2.09E-011, 
 17.60,   9.10E-012, 
 17.70,   5.85E-012, 
 17.80,   1.18E-011, 
 17.90,  -2.91E-013, 
 18.00,  -8.69E-012, 
 18.10,  -2.31E-011, 
 18.20,  -3.67E-011, 
 18.30,  -1.44E-011, 
 18.40,  -1.96E-012, 
 18.50,  -5.23E-013, 
 18.60,  -3.42E-013, 
 18.70,  -9.95E-013, 
 18.80,   4.10E-014, 
 18.90,   1.55E-012, 
 19.00,   1.14E-012, 
 19.10,   9.18E-013, 
 19.20,   9.87E-013, 
 19.30,   9.05E-013, 
 19.40,   4.07E-012, 
 19.50,   4.61E-012, 
 19.60,   1.43E-012, 
 19.70,   2.81E-012, 
 19.80,   4.68E-012, 
 19.90,   5.77E-012, 
 20.00,   5.63E-012, 
 20.10,   5.56E-012, 
 20.20,   6.73E-012, 
 20.30,   3.37E-012, 
 20.40,  -6.52E-013, 
 20.50,  -2.17E-013, 
 20.60,   3.47E-013, 
 20.70,   4.54E-013, 
 20.80,   5.29E-013, 
 20.90,   4.47E-013, 
 21.00,   5.90E-013, 
 21.10,   7.09E-013, 
 21.20,   9.63E-013, 
 21.30,   5.24E-013, 
 21.40,   2.21E-013, 
 21.50,   2.34E-013, 
 21.60,   5.38E-013, 
 21.70,   7.23E-013, 
 21.80,   1.03E-012, 
 21.90,   7.53E-013, 
 22.00,   6.80E-013, 
 22.10,   4.86E-013, 
 22.20,   5.27E-013, 
 22.30,   9.93E-013, 
 22.40,   1.25E-012, 
 22.50,   1.45E-012, 
 22.60,   8.46E-013, 
 22.70,   8.82E-013, 
 22.80,   7.65E-013, 
 22.90,   8.81E-013, 
 23.00,   9.16E-013, 
 23.10,   6.86E-013, 
 23.20,   2.71E-013, 
 23.30,   8.24E-013, 
 23.40,   6.33E-013, 
 23.50,   4.62E-013, 
 23.60,   7.44E-013, 
 23.70,   7.69E-013, 
 23.80,   5.63E-013, 
 23.90,   5.86E-013, 
 24.00,   8.28E-013, 
 24.10,   8.07E-013, 
 24.20,   8.67E-013, 
 24.30,   8.10E-013, 
 24.40,   7.65E-013, 
 24.50,   9.23E-013, 
 24.60,   7.64E-013, 
 24.70,   6.13E-013, 
 24.80,   8.21E-013, 
 24.90,   9.48E-013, 
 25.00,   7.89E-013, 
 25.10,   9.27E-013, 
 25.20,   1.08E-012, 
 25.30,   9.51E-013, 
 25.40,   1.00E-012, 
 25.50,   7.93E-013, 
 25.60,   9.02E-013, 
 25.70,   1.08E-012, 
 25.80,   9.35E-013, 
 25.90,   9.38E-013, 
 26.00,   8.38E-013, 
 26.10,   4.92E-013, 
 26.20,   7.29E-013, 
 26.30,   1.07E-012, 
 26.40,   6.79E-013, 
 26.50,   6.45E-013, 
 26.60,   8.77E-013, 
 26.70,   9.02E-013, 
 26.80,   1.26E-012, 
 26.90,   1.48E-012, 
 27.00,   4.32E-012, 
 27.10,   3.57E-012, 
 27.20,   3.45E-012, 
 27.30,   5.43E-012, 
 27.40,   1.49E-011, 
 27.50,   4.70E-011, 
 27.60,   8.07E-011, 
 27.70,   9.76E-011, 
 27.80,   1.15E-010, 
 27.90,   1.22E-010, 
 28.00,   1.20E-010, 
 28.10,   9.86E-011, 
 28.20,   4.45E-011, 
 28.30,   1.02E-011, 
 28.40,   4.31E-012, 
 28.50,   4.31E-012, 
 28.60,   3.82E-012, 
 28.70,   9.01E-014, 
 28.80,   2.75E-013, 
 28.90,   8.39E-013, 
 29.00,   4.12E-012, 
 29.10,   3.53E-012, 
 29.20,   1.04E-012, 
 29.30,  -7.26E-013, 
 29.40,   1.98E-013, 
 29.50,   5.45E-013, 
 29.60,   8.15E-013, 
 29.70,   6.72E-013, 
 29.80,   3.58E-012, 
 29.90,   3.37E-012, 
 30.00,  -5.79E-013, 
 30.10,  -7.94E-014, 
 30.20,   6.63E-013, 
 30.30,   1.43E-013, 
 30.40,   4.69E-013, 
 30.50,   7.91E-013, 
 30.60,   1.02E-012, 
 30.70,   1.07E-012, 
 30.80,   6.99E-013, 
 30.90,   6.28E-013, 
 31.00,   5.38E-013, 
 31.10,   6.48E-013, 
 31.20,   7.28E-013, 
 31.30,   3.02E-012, 
 31.40,   1.31E-012, 
 31.50,   2.59E-012, 
 31.60,   4.78E-012, 
 31.70,   6.52E-012, 
 31.80,   7.60E-012, 
 31.90,   8.32E-012, 
 32.00,   7.47E-012, 
 32.10,   5.28E-012, 
 32.20,   1.91E-012, 
 32.30,   7.58E-013, 
 32.40,   1.28E-012, 
 32.50,   2.01E-012, 
 32.60,   3.24E-013, 
 32.70,   8.57E-013, 
 32.80,   9.19E-013, 
 32.90,   7.41E-013, 
 33.00,   6.15E-013, 
 33.10,   7.55E-013, 
 33.20,   8.13E-013, 
 33.30,   8.15E-013, 
 33.40,   7.63E-013, 
 33.50,   7.55E-013, 
 33.60,   5.37E-013, 
 33.70,   4.85E-013, 
 33.80,   7.37E-013, 
 33.90,   1.06E-012, 
 34.00,   9.90E-013, 
 34.10,   7.46E-013, 
 34.20,   7.12E-013, 
 34.30,   6.06E-013, 
 34.40,   6.67E-013, 
 34.50,   8.81E-013, 
 34.60,   8.24E-013, 
 34.70,   8.43E-013, 
 34.80,   7.56E-013, 
 34.90,   7.14E-013, 
 35.00,   5.05E-013, 
 35.10,   6.66E-013, 
 35.20,   7.73E-013, 
 35.30,   1.12E-012, 
 35.40,   8.69E-013, 
 35.50,   9.00E-013, 
 35.60,   8.92E-013, 
 35.70,   9.28E-013, 
 35.80,   7.55E-013, 
 35.90,   7.30E-013, 
 36.00,   8.04E-013, 
 36.10,   7.24E-013, 
 36.20,   7.95E-013, 
 36.30,   5.73E-013, 
 36.40,   5.68E-013, 
 36.50,   4.73E-013, 
 36.60,   3.26E-013, 
 36.70,   5.71E-013, 
 36.80,   7.74E-013, 
 36.90,   8.21E-013, 
 37.00,   9.40E-013, 
 37.10,   8.31E-013, 
 37.20,   4.74E-013, 
 37.30,   3.18E-013, 
 37.40,   6.51E-013, 
 37.50,   6.74E-013, 
 37.60,   7.01E-013, 
 37.70,   5.56E-013, 
 37.80,   7.88E-013, 
 37.90,   1.00E-012, 
 38.00,   1.01E-012, 
 38.10,   1.05E-012, 
 38.20,   7.94E-013, 
 38.30,   5.68E-013, 
 38.40,   8.11E-013, 
 38.50,   8.67E-013, 
 38.60,   9.11E-013, 
 38.70,   8.46E-013, 
 38.80,   9.60E-013, 
 38.90,   1.05E-012, 
 39.00,   3.98E-012, 
 39.10,   4.10E-012, 
 39.20,   8.16E-013, 
 39.30,   3.68E-012, 
 39.40,   1.34E-011, 
 39.50,   2.97E-011, 
 39.60,   4.10E-011, 
 39.70,   5.09E-011, 
 39.80,   5.85E-011, 
 39.90,   6.23E-011, 
 40.00,   5.65E-011, 
 40.10,   3.76E-011, 
 40.20,   1.20E-011, 
 40.30,   5.85E-012, 
 40.40,   7.21E-012, 
 40.50,   1.17E-011, 
 40.60,   1.29E-011, 
 40.70,   1.53E-011, 
 40.80,   1.90E-011, 
 40.90,   2.31E-011, 
 41.00,   2.74E-011, 
 41.10,   2.56E-011, 
 41.20,   2.17E-011, 
 41.30,   2.60E-011, 
 41.40,   4.41E-011, 
 41.50,   6.22E-011, 
 41.60,   6.56E-011, 
 41.70,   7.11E-011, 
 41.80,   8.17E-011, 
 41.90,   8.63E-011, 
 42.00,   7.75E-011, 
 42.10,   4.95E-011, 
 42.20,   1.80E-011, 
 42.30,   8.49E-012, 
 42.40,   8.80E-012, 
 42.50,   1.27E-011, 
 42.60,   1.59E-011, 
 42.70,   1.93E-011, 
 42.80,   2.41E-011, 
 42.90,   2.59E-011, 
 43.00,   2.47E-011, 
 43.10,   1.81E-011, 
 43.20,   8.19E-012, 
 43.30,   4.39E-012, 
 43.40,   2.94E-012, 
 43.50,   2.63E-012, 
 43.60,   2.90E-012, 
 43.70,   1.37E-012, 
 43.80,   1.19E-012, 
 43.90,   2.09E-012, 
 44.00,   2.77E-012, 
 44.10,   2.91E-012, 
 44.20,   2.48E-012, 
 44.30,   3.49E-012, 
 44.40,  -2.50E-014, 
 44.50,   3.29E-013, 
 44.60,   5.94E-013, 
 44.70,   7.38E-013, 
 44.80,   8.36E-013, 
 44.90,   5.22E-013, 
 45.00,   5.22E-013, 
 45.10,   7.16E-013, 
 45.20,   5.54E-013, 
 45.30,   2.79E-013, 
 45.40,   4.29E-013, 
 45.50,   4.66E-013, 
 45.60,   6.08E-013, 
 45.70,   1.02E-012, 
 45.80,   1.02E-012, 
 45.90,   9.81E-013, 
 46.00,   9.11E-013, 
 46.10,   7.25E-013, 
 46.20,   5.83E-013, 
 46.30,   5.63E-013, 
 46.40,   9.53E-013, 
 46.50,   8.22E-013, 
 46.60,   5.40E-013, 
 46.70,   5.53E-013, 
 46.80,   7.39E-013, 
 46.90,   8.64E-013, 
 47.00,   6.40E-013, 
 47.10,   7.50E-013, 
 47.20,   7.15E-013, 
 47.30,   7.82E-013, 
 47.40,   8.39E-013, 
 47.50,   4.18E-013, 
 47.60,   2.54E-013, 
 47.70,   5.00E-013, 
 47.80,   6.00E-013, 
 47.90,   9.19E-013, 
 48.00,   7.71E-013, 
 48.10,   3.49E-013, 
 48.20,   4.98E-013, 
 48.30,   6.84E-013, 
 48.40,   6.14E-013, 
 48.50,   4.32E-013, 
 48.60,   4.68E-013, 
 48.70,   8.28E-013, 
 48.80,   1.00E-012, 
 48.90,   8.48E-013, 
 49.00,   6.62E-013, 
 49.10,   6.23E-013, 
 49.20,   6.12E-013, 
 49.30,   8.28E-013, 
 49.40,   1.26E-012, 
 49.50,   1.10E-012, 
 49.60,   5.67E-013, 
 49.70,   6.33E-013, 
 49.80,   7.46E-013, 
 49.90,   7.00E-013, 
 50.00,   5.08E-013, 
 50.10,   3.91E-013, 
 50.20,   5.91E-013, 
 50.30,   4.52E-013, 
 50.40,   4.84E-013, 
 50.50,   5.72E-013, 
 50.60,   5.00E-013, 
 50.70,   5.75E-013, 
 50.80,   4.01E-013, 
 50.90,   6.24E-013, 
 51.00,   5.40E-013, 
 51.10,   6.24E-013, 
 51.20,   7.62E-013, 
 51.30,   7.87E-013, 
 51.40,   8.36E-013, 
 51.50,   9.73E-013, 
 51.60,   8.00E-013, 
 51.70,   7.04E-013, 
 51.80,   8.28E-013, 
 51.90,   9.52E-013, 
 52.00,   5.80E-013, 
 52.10,   5.56E-013, 
 52.20,   8.94E-013, 
 52.30,   9.74E-013, 
 52.40,   7.94E-013, 
 52.50,   6.73E-013, 
 52.60,   6.39E-013, 
 52.70,   8.28E-013, 
 52.80,   6.72E-013, 
 52.90,   9.04E-013, 
 53.00,   7.65E-013, 
 53.10,   5.11E-013, 
 53.20,   5.13E-013, 
 53.30,   2.74E-013, 
 53.40,   4.16E-013, 
 53.50,   5.71E-013, 
 53.60,   6.18E-013, 
 53.70,   6.47E-013, 
 53.80,   6.54E-013, 
 53.90,   7.19E-013, 
 54.00,   4.08E-013, 
 54.10,  -2.95E-012, 
 54.20,  -1.44E-012, 
 54.30,   2.49E-012, 
 54.40,   1.97E-012, 
 54.50,   1.37E-012, 
 54.60,   1.22E-012, 
 54.70,   1.30E-012, 
 54.80,   1.03E-012, 
 54.90,   5.68E-013, 
 55.00,   5.07E-013, 
 55.10,   7.61E-013, 
 55.20,   3.86E-013, 
 55.30,   6.73E-013, 
 55.40,   8.01E-013, 
 55.50,   6.80E-013, 
 55.60,   9.25E-013, 
 55.70,   7.21E-013, 
 55.80,   6.63E-013, 
 55.90,   7.18E-013, 
 56.00,   7.66E-013, 
 56.10,   7.14E-013, 
 56.20,   3.86E-013, 
 56.30,   4.55E-013, 
 56.40,   6.41E-013, 
 56.50,   7.42E-013, 
 56.60,   1.01E-012, 
 56.70,   8.76E-013, 
 56.80,   7.39E-013, 
 56.90,   1.02E-012, 
 57.00,   7.52E-013, 
 57.10,   1.04E-012, 
 57.20,   3.81E-013, 
 57.30,   4.61E-013, 
 57.40,   9.68E-013, 
 57.50,   7.47E-013, 
 57.60,   7.30E-013, 
 57.70,   5.85E-013, 
 57.80,   4.12E-013, 
 57.90,   2.63E-013, 
 58.00,   5.73E-013, 
 58.10,   6.39E-013, 
 58.20,   4.73E-013, 
 58.30,   5.92E-013, 
 58.40,   5.39E-013, 
 58.50,   6.33E-013, 
 58.60,   5.29E-013, 
 58.70,   6.67E-013, 
 58.80,   5.66E-013, 
 58.90,   5.71E-013, 
 59.00,   6.50E-013, 
 59.10,   6.87E-013, 
 59.20,   5.95E-013, 
 59.30,   5.02E-013, 
 59.40,   7.53E-013, 
 59.50,   7.38E-013, 
 59.60,   5.22E-013, 
 59.70,   6.59E-013, 
 59.80,   8.56E-013, 
 59.90,   7.95E-013, 
 60.00,   6.98E-013, 
 60.10,   6.32E-013, 
 60.20,   4.74E-013, 
 60.30,   5.75E-013, 
 60.40,   8.74E-013, 
 60.50,   7.17E-013, 
 60.60,   5.97E-013, 
 60.70,   7.66E-013, 
 60.80,   7.97E-013, 
 60.90,   7.25E-013, 
 61.00,   7.50E-013, 
 61.10,   7.22E-013, 
 61.20,   7.29E-013, 
 61.30,   7.07E-013, 
 61.40,   5.96E-013, 
 61.50,   5.41E-013, 
 61.60,   5.15E-013, 
 61.70,   6.84E-013, 
 61.80,   5.28E-013, 
 61.90,   7.54E-013, 
 62.00,   8.94E-013, 
 62.10,   7.87E-013, 
 62.20,   8.57E-013, 
 62.30,   9.38E-013, 
 62.40,   8.91E-013, 
 62.50,   5.92E-013, 
 62.60,   4.83E-013, 
 62.70,   6.01E-013, 
 62.80,   5.80E-013, 
 62.90,   6.25E-013, 
 63.00,   6.50E-013, 
 63.10,   4.80E-013, 
 63.20,   8.29E-013, 
 63.30,   9.26E-013, 
 63.40,   1.15E-012, 
 63.50,   6.81E-013, 
 63.60,   5.31E-013, 
 63.70,   5.14E-013, 
 63.80,   9.42E-013, 
 63.90,   6.39E-013, 
 64.00,   5.39E-013, 
 64.10,   8.00E-013, 
 64.20,   9.60E-013, 
 64.30,   8.54E-013, 
 64.40,   6.35E-013, 
 64.50,   3.68E-013, 
 64.60,   4.34E-013, 
 64.70,   4.32E-013, 
 64.80,   5.78E-013, 
 64.90,   8.46E-013, 
 65.00,   1.02E-012, 
 65.10,   1.07E-012, 
 65.20,   8.70E-013, 
 65.30,   6.28E-013, 
 65.40,   6.59E-013, 
 65.50,   8.91E-013, 
 65.60,   7.38E-013, 
 65.70,   4.92E-013, 
 65.80,   4.63E-013, 
 65.90,   4.20E-013, 
 66.00,   9.10E-013, 
 66.10,   4.48E-013, 
 66.20,   6.62E-013, 
 66.30,   7.35E-013, 
 66.40,   7.08E-013, 
 66.50,   8.20E-013, 
 66.60,   8.68E-013, 
 66.70,   1.05E-012, 
 66.80,   8.23E-013, 
 66.90,   4.07E-013, 
 67.00,   7.90E-013, 
 67.10,   6.47E-013, 
 67.20,   6.03E-013, 
 67.30,   7.51E-013, 
 67.40,   7.20E-013, 
 67.50,   7.88E-013, 
 67.60,   4.00E-013, 
 67.70,   6.38E-013, 
 67.80,   7.85E-013, 
 67.90,   5.79E-013, 
 68.00,   4.46E-013, 
 68.10,   4.30E-013, 
 68.20,   4.51E-013, 
 68.30,   6.47E-013, 
 68.40,   6.45E-013, 
 68.50,   4.24E-013, 
 68.60,   2.59E-013, 
 68.70,   3.47E-013, 
 68.80,   5.64E-013, 
 68.90,   7.37E-013, 
 69.00,   6.52E-013, 
 69.10,   7.95E-013, 
 69.20,   7.39E-013, 
 69.30,   4.96E-013, 
 69.40,   2.93E-013, 
 69.50,   5.96E-013, 
 69.60,   6.28E-013, 
 69.70,   7.17E-013, 
 69.80,   6.08E-013, 
 69.90,   6.83E-013, 
 70.00,   6.97E-013, 
 70.10,   8.86E-013, 
 70.20,   6.74E-013, 
 70.30,   4.74E-013, 
 70.40,   3.42E-013, 
 70.50,   7.10E-013, 
 70.60,   8.36E-013, 
 70.70,   6.67E-013, 
 70.80,   6.13E-013, 
 70.90,   6.63E-013, 
 71.00,   8.97E-013, 
 71.10,   7.22E-013, 
 71.20,   6.91E-013, 
 71.30,   7.62E-013, 
 71.40,   7.51E-013, 
 71.50,   7.56E-013, 
 71.60,   8.85E-013, 
 71.70,   4.42E-013, 
 71.80,   6.32E-013, 
 71.90,   5.54E-013, 
 72.00,   6.92E-013, 
 72.10,   6.30E-013, 
 72.20,   5.62E-013, 
 72.30,   5.20E-013, 
 72.40,   6.20E-013, 
 72.50,   4.49E-013, 
 72.60,   5.90E-013, 
 72.70,   6.71E-013, 
 72.80,   8.74E-013, 
 72.90,   1.10E-012, 
 73.00,   1.06E-012, 
 73.10,   6.38E-013, 
 73.20,   6.40E-013, 
 73.30,   6.15E-013, 
 73.40,   6.88E-013, 
 73.50,   5.06E-013, 
 73.60,   5.61E-013, 
 73.70,   4.59E-013, 
 73.80,   3.93E-013, 
 73.90,   6.01E-013, 
 74.00,   7.37E-013, 
 74.10,   7.83E-013, 
 74.20,   5.94E-013, 
 74.30,   6.30E-013, 
 74.40,   6.39E-013, 
 74.50,   4.62E-013, 
 74.60,   4.32E-013, 
 74.70,   4.81E-013, 
 74.80,   5.30E-013, 
 74.90,   4.52E-013, 
 75.00,   6.34E-013, 
 75.10,   7.02E-013, 
 75.20,   7.33E-013, 
 75.30,   6.03E-013, 
 75.40,   7.27E-013, 
 75.50,   6.82E-013, 
 75.60,   7.29E-013, 
 75.70,   7.19E-013, 
 75.80,   6.28E-013, 
 75.90,   7.45E-013, 
 76.00,   6.22E-013, 
 76.10,   3.86E-013, 
 76.20,   6.60E-013, 
 76.30,   7.29E-013, 
 76.40,   9.78E-013, 
 76.50,   6.98E-013, 
 76.60,   8.63E-013, 
 76.70,   8.12E-013, 
 76.80,   7.80E-013, 
 76.90,   7.42E-013, 
 77.00,   8.60E-013, 
 77.10,   1.04E-012, 
 77.20,   6.55E-013, 
 77.30,   8.37E-013, 
 77.40,   1.27E-012, 
 77.50,   4.96E-012, 
 77.60,   3.83E-012, 
 77.70,   2.97E-012, 
 77.80,   3.16E-012, 
 77.90,   3.72E-012, 
 78.00,   3.37E-012, 
 78.10,   2.81E-012, 
 78.20,  -6.36E-013, 
 78.30,  -3.17E-013, 
 78.40,   4.28E-014, 
 78.50,   3.05E-013, 
 78.60,   7.57E-013, 
 78.70,   9.41E-013, 
 78.80,   7.62E-013, 
 78.90,   5.59E-013, 
 79.00,   5.72E-013, 
 79.10,   1.30E-012, 
 79.20,   1.41E-012, 
 79.30,   4.15E-012, 
 79.40,   6.48E-012, 
 79.50,   8.30E-012, 
 79.60,   9.92E-012, 
 79.70,   1.31E-011, 
 79.80,   1.76E-011, 
 79.90,   2.03E-011, 
 80.00,   1.79E-011, 
 80.10,   1.12E-011, 
 80.20,   5.43E-012, 
 80.30,   3.28E-012, 
 80.40,   2.49E-012, 
 80.50,   1.87E-014, 
 80.60,   4.43E-013, 
 80.70,   1.31E-012, 
 80.80,   5.17E-012, 
 80.90,   4.09E-012, 
 81.00,   3.71E-012, 
 81.10,   4.12E-012, 
 81.20,   4.63E-012, 
 81.30,   8.08E-012, 
 81.40,   2.37E-011, 
 81.50,   4.47E-011, 
 81.60,   5.52E-011, 
 81.70,   7.63E-011, 
 81.80,   9.94E-011, 
 81.90,   1.10E-010, 
 82.00,   7.87E-011, 
 82.10,   3.72E-011, 
 82.20,   1.67E-011, 
 82.30,   1.43E-011, 
 82.40,   2.79E-011, 
 82.50,   4.99E-011, 
 82.60,   6.00E-011, 
 82.70,   8.16E-011, 
 82.80,   1.07E-010, 
 82.90,   1.17E-010, 
 83.00,   8.55E-011, 
 83.10,   4.75E-011, 
 83.20,   2.68E-011, 
 83.30,   4.24E-011, 
 83.40,   1.50E-010, 
 83.50,   2.36E-010, 
 83.60,   2.76E-010, 
 83.70,   3.94E-010, 
 83.80,   5.17E-010, 
 83.90,   5.37E-010, 
 84.00,   3.13E-010, 
 84.10,   1.14E-010, 
 84.20,   2.21E-011, 
 84.30,   8.86E-012, 
 84.40,   5.26E-012, 
 84.50,   4.32E-012, 
 84.60,   4.19E-012, 
 84.70,   4.15E-012, 
 84.80,   4.26E-012, 
 84.90,   4.24E-012, 
 85.00,   4.28E-012, 
 85.10,   4.82E-012, 
 85.20,   5.57E-012, 
 85.30,   9.99E-012, 
 85.40,   3.28E-011, 
 85.50,   6.23E-011, 
 85.60,   7.54E-011, 
 85.70,   1.08E-010, 
 85.80,   1.41E-010, 
 85.90,   1.53E-010, 
 86.00,   1.02E-010, 
 86.10,   4.22E-011, 
 86.20,   1.32E-011, 
 86.30,   5.73E-012, 
 86.40,   3.55E-012, 
 86.50,   2.39E-012, 
 86.60,  -1.15E-012, 
 86.70,   1.46E-013, 
 86.80,   6.35E-013, 
 86.90,   1.00E-012, 
 87.00,   7.53E-013, 
 87.10,   4.54E-013, 
 87.20,   6.51E-013, 
 87.30,   6.96E-013, 
 87.40,   6.53E-013, 
 87.50,   5.64E-013, 
 87.60,   8.71E-013, 
 87.70,   1.08E-012, 
 87.80,   8.18E-013, 
 87.90,   5.66E-013, 
 88.00,   5.52E-013, 
 88.10,   8.35E-013, 
 88.20,   8.03E-013, 
 88.30,   7.73E-013, 
 88.40,   7.70E-013, 
 88.50,   7.68E-013, 
 88.60,   8.35E-013, 
 88.70,   7.95E-013, 
 88.80,   6.23E-013, 
 88.90,   8.12E-013, 
 89.00,   8.74E-013, 
 89.10,   9.25E-013, 
 89.20,   8.42E-013, 
 89.30,   9.67E-013, 
 89.40,   8.73E-013, 
 89.50,   6.24E-013, 
 89.60,   4.38E-013, 
 89.70,   5.56E-013, 
 89.80,   6.99E-013, 
 89.90,   7.11E-013, 
 90.00,   5.31E-013, 
