Jul 16, 2026  01:16:35 PM
Residual Gas Analyzer Software 
RGA Software Version, 3.214.004

Pressure vs Time Scan Setup:

Active channels in Scan, 8 
Units, Torr
Sample Period, 1.00, sec
Focus Voltage, 90, Volts 
Ion Energy, HIGH 
Electron Energy, 70, eV 
CEM Voltage, 1159, Volts
CEM Gain, 1.01E+003 
Sensitivity Factor, 1.11E-004 
Filament Current, 1.00, mAmps
Start time, Jul 16, 2026  01:16:35 PM 
Channel,  Mass(amu),     Name,                 Cal Factor,  Noise Floor, CEM Status

1         2.00           Hydrogen              1.00         3            OFF
2         4.00           Helium                1.00         3            OFF
3         26.00          Dummy-26              1.00         3            ON
4         28.00          Nitrogen              1.00         3            ON
5         32.00          Oxygen                1.00         3            ON
6         40.00          Argon                 1.00         3            ON
7         44.00          Carbon dioxide        1.00         3            ON
8         84.00          Krypton               1.00         3            ON


Time(s)      Channel#1   Channel#2   Channel#3   Channel#4   Channel#5   Channel#6   Channel#7   Channel#8   

0.000,   5.3422E-008,   2.6597E-006,   2.1924E-011,   2.7164E-010,   1.0730E-010,   6.0193E-012,   2.7993E-011,   5.6448E-013,  
5.609,   6.0169E-008,   2.9957E-006,   3.0607E-011,   8.6565E-011,   3.0578E-011,   7.4827E-012,   2.7931E-011,   7.8117E-013,  
11.609,   6.7309E-008,   3.1253E-006,   3.2830E-011,   6.9007E-011,   2.4661E-011,   8.7561E-012,   2.7328E-011,   5.2435E-013,  
17.593,   6.8621E-008,   3.1533E-006,   3.1097E-011,   6.6389E-011,   2.2493E-011,   6.6052E-012,   2.7579E-011,   3.1211E-013,  
22.609,   6.7005E-008,   3.1519E-006,   3.0971E-011,   6.5473E-011,   2.2486E-011,   7.4309E-012,   2.8414E-011,   3.8167E-013,  
27.609,   7.0026E-008,   3.1281E-006,   3.1191E-011,   6.5258E-011,   2.3523E-011,   7.0145E-012,   2.6767E-011,   3.6562E-013,  
33.609,   6.9879E-008,   3.1619E-006,   3.2275E-011,   6.7402E-011,   2.3075E-011,   8.7980E-012,   2.7109E-011,   4.1912E-013,  
38.609,   6.6908E-008,   3.1647E-006,   3.0747E-011,   6.5934E-011,   2.2847E-011,   8.4449E-012,   2.7045E-011,   5.6359E-013,  
44.593,   6.6052E-008,   3.1598E-006,   6.6828E-012,   6.5266E-011,   2.3299E-011,   6.5686E-012,   2.7051E-011,   4.8690E-013,  
49.609,   6.7535E-008,   3.1490E-006,   3.1435E-011,   6.6299E-011,   2.3535E-011,   7.5415E-012,   2.6199E-011,   7.7404E-013,  
54.609,   7.1012E-008,   3.1429E-006,   1.0314E-011,   6.2645E-011,   2.3389E-011,   8.1559E-012,   2.6996E-011,   4.5301E-013,  
59.593,   7.0325E-008,   3.1444E-006,   3.1530E-011,   6.4484E-011,   2.3550E-011,   6.9111E-012,   2.6769E-011,   7.2143E-013,  
64.609,   6.8956E-008,   3.1393E-006,   6.8228E-012,   6.3132E-011,   2.3265E-011,   6.7586E-012,   2.6925E-011,   5.1721E-013,  
69.593,   6.6628E-008,   3.1233E-006,   3.0958E-011,   6.3817E-011,   2.3734E-011,   8.4618E-012,   2.6116E-011,   2.5682E-013,  
74.609,   7.0285E-008,   3.1274E-006,   8.8444E-012,   6.3273E-011,   3.8703E-011,   8.4342E-012,   2.6116E-011,   7.7850E-013,  
79.609,   6.5945E-008,   3.1342E-006,   2.9301E-011,   6.3222E-011,   5.0946E-011,   8.6509E-012,   2.6781E-011,   8.3379E-013,  
85.609,   6.7222E-008,   3.1445E-006,   3.2260E-011,   6.3369E-011,   2.7867E-011,   7.4301E-012,   2.6270E-011,   4.7084E-013,  
90.609,   6.5308E-008,   3.1295E-006,   3.0418E-011,   6.3195E-011,   2.8764E-011,   8.6544E-012,   2.6170E-011,   7.0002E-013,  
95.609,   6.6670E-008,   3.1400E-006,   7.3971E-012,   6.0813E-011,   2.5518E-011,   6.4001E-012,   2.5849E-011,   4.4855E-013,  
100.609,   6.5664E-008,   3.1205E-006,   3.1578E-011,   6.3213E-011,   2.4106E-011,   6.8593E-012,   2.5820E-011,   8.6500E-013,  
105.609,   6.5560E-008,   3.1265E-006,   7.7011E-012,   6.2931E-011,   2.2857E-011,   7.9892E-012,   2.5132E-011,   3.5492E-013,  
110.609,   6.7284E-008,   3.1120E-006,   3.3129E-011,   6.1715E-011,   2.2571E-011,   7.2205E-012,   2.4488E-011,   7.8296E-013,  
115.609,   6.2974E-008,   3.1068E-006,   3.2739E-011,   6.1035E-011,   2.2237E-011,   8.1747E-012,   2.5428E-011,   9.0513E-013,  
120.609,   6.6173E-008,   3.1023E-006,   3.2111E-011,   6.3427E-011,   2.2028E-011,   6.7871E-012,   2.5844E-011,   6.2155E-013,  
125.609,   6.4542E-008,   3.1076E-006,   3.0777E-011,   6.2027E-011,   1.7650E-011,   8.1568E-012,   2.5056E-011,   6.9021E-013,  
130.609,   6.3081E-008,   3.0926E-006,   3.2854E-011,   5.9661E-011,   2.2311E-011,   8.0454E-012,   2.5760E-011,   8.4181E-013,  
135.593,   6.8219E-008,   3.1130E-006,   3.2405E-011,   6.0692E-011,   2.2878E-011,   7.1732E-012,   2.4583E-011,   4.3785E-013,  
140.609,   6.5863E-008,   3.0857E-006,   1.0197E-011,   6.0381E-011,   2.2697E-011,   7.9384E-012,   2.5467E-011,   4.3428E-013,  
145.609,   6.4207E-008,   3.0944E-006,   7.5513E-012,   6.0014E-011,   2.1454E-011,   8.9737E-012,   2.5303E-011,   5.0116E-013,  
150.609,   6.3730E-008,   3.1146E-006,   2.9792E-011,   6.1525E-011,   2.2168E-011,   7.8465E-012,   2.5326E-011,   3.6829E-013,  
155.593,   6.3942E-008,   3.0850E-006,   3.1420E-011,   6.0613E-011,   2.1904E-011,   8.6892E-012,   2.4438E-011,   7.0716E-013,  
160.593,   6.5592E-008,   3.0908E-006,   3.0447E-011,   5.9687E-011,   2.2209E-011,   6.0728E-012,   1.5340E-011,   4.7619E-013,  
165.625,   6.5603E-008,   3.0863E-006,   3.0859E-011,   6.1109E-011,   2.2133E-011,   7.4613E-012,   2.5005E-011,   8.1060E-013,  
171.640,   6.4571E-008,   3.0898E-006,   2.8936E-011,   5.8923E-011,   2.1238E-011,   7.6271E-012,   2.4029E-011,   3.3708E-013,  
177.609,   6.3350E-008,   3.0851E-006,   8.1898E-012,   5.9308E-011,   2.1545E-011,   7.2901E-012,   2.4523E-011,   6.2958E-013,  
182.625,   6.4859E-008,   3.0752E-006,   2.8569E-011,   5.7758E-011,   2.2098E-011,   7.2089E-012,   2.3945E-011,   7.1875E-013,  
188.640,   6.4961E-008,   3.0705E-006,   2.9533E-011,   5.8818E-011,   2.1773E-011,   8.1987E-012,   2.5018E-011,   2.9606E-013,  
194.625,   6.3935E-008,   3.0820E-006,   2.9771E-011,   6.0122E-011,   2.1860E-011,   7.2036E-012,   2.4202E-011,   1.0041E-012,  
200.625,   6.3631E-008,   3.0730E-006,   2.6928E-011,   5.7925E-011,   2.1989E-011,   6.9378E-012,   2.4251E-011,   1.0540E-012,  
205.625,   6.2681E-008,   3.0563E-006,   1.0267E-011,   5.8982E-011,   2.1579E-011,   6.8272E-012,   2.4528E-011,   7.1875E-013,  
211.625,   6.2306E-008,   3.0670E-006,   7.0520E-012,   5.6566E-011,   2.1824E-011,   6.7657E-012,   2.3383E-011,   3.7721E-013,  
216.625,   6.5556E-008,   3.0598E-006,   3.0749E-011,   5.8075E-011,   2.1906E-011,   7.0359E-012,   2.4856E-011,   7.3659E-013,  
221.609,   6.2472E-008,   3.0709E-006,   3.0510E-011,   5.7285E-011,   2.0978E-011,   9.1806E-012,   2.3663E-011,   5.5021E-013,  
226.625,   6.2148E-008,   3.0333E-006,   7.0377E-012,   5.6957E-011,   2.0923E-011,   7.6682E-012,   2.4168E-011,   7.5085E-013,  
231.609,   6.3158E-008,   3.0564E-006,   3.0366E-011,   5.7507E-011,   2.2055E-011,   7.1420E-012,   2.3498E-011,   4.7798E-013,  
236.625,   6.2996E-008,   3.0600E-006,   1.2849E-011,   5.9986E-011,   2.0862E-011,   7.3150E-012,   2.3103E-011,   5.5378E-013,  
241.625,   6.2691E-008,   3.0305E-006,   2.3704E-011,   7.0962E-011,   2.1744E-011,   7.3293E-012,   2.3580E-011,   7.0537E-013,  
246.640,   5.9576E-008,   3.0333E-006,   3.1404E-011,   8.6646E-011,   2.1593E-011,   7.7885E-012,   2.3662E-011,   2.6485E-013,  
252.625,   5.9806E-008,   3.0201E-006,   8.6491E-012,   9.5654E-011,   2.2123E-011,   6.5677E-012,   2.2543E-011,   9.2742E-013,  
257.625,   6.1354E-008,   3.0347E-006,   2.8449E-011,   8.7465E-011,   2.1769E-011,   6.8531E-012,   2.2960E-011,   6.6346E-013,  
262.609,   6.3901E-008,   3.0428E-006,   2.9095E-011,   7.5027E-011,   2.1659E-011,   6.3778E-012,   2.2978E-011,   8.0436E-013,  
267.625,   6.0094E-008,   3.0103E-006,   2.8361E-011,   6.4446E-011,   2.0648E-011,   9.3553E-012,   2.2409E-011,   7.8563E-013,  
272.625,   6.2023E-008,   3.0115E-006,   2.8681E-011,   5.8682E-011,   2.2032E-011,   7.9098E-012,   2.2625E-011,   6.4206E-013,  
277.625,   5.9706E-008,   3.0386E-006,   3.0719E-011,   5.6142E-011,   1.9426E-011,   7.4069E-012,   2.2971E-011,   6.0371E-013,  
282.609,   6.2526E-008,   3.0338E-006,   8.2879E-012,   5.4992E-011,   2.1540E-011,   7.3052E-012,   2.3416E-011,   2.8714E-013,  
287.640,   5.7713E-008,   3.0117E-006,   2.9520E-011,   5.2185E-011,   2.0929E-011,   8.0480E-012,   2.3533E-011,   6.6525E-013,  
293.625,   6.0258E-008,   3.0145E-006,   2.7494E-011,   5.0094E-011,   2.2011E-011,   7.2098E-012,   2.2944E-011,   8.5608E-013,  
298.625,   6.0271E-008,   3.0235E-006,   2.8619E-011,   5.1113E-011,   2.1176E-011,   8.2630E-012,   2.2150E-011,   3.5848E-013,  
303.609,   6.0519E-008,   3.0232E-006,   2.9147E-011,   5.2147E-011,   2.0417E-011,   7.8982E-012,   2.2518E-011,  -3.4689E-013,  
308.625,   6.0170E-008,   3.0132E-006,   1.3002E-012,   5.2335E-011,   2.0963E-011,   6.2895E-012,   2.2436E-011,   8.1863E-013,  
313.625,   6.0252E-008,   3.0127E-006,   2.5825E-011,   5.1751E-011,   2.1652E-011,   6.9494E-012,   2.2935E-011,   4.5212E-013,  
318.625,   5.7390E-008,   3.0070E-006,   7.8715E-012,   5.1511E-011,   2.1027E-011,   8.5340E-012,   2.2897E-011,   5.6180E-013,  
323.625,   5.9164E-008,   2.9897E-006,   7.5050E-012,   5.0419E-011,   2.1159E-011,   7.9535E-012,   2.2452E-011,   7.5888E-013,  
328.609,   6.0423E-008,   3.0033E-006,   8.1675E-012,   5.1269E-011,   2.0829E-011,   8.3887E-012,   2.2130E-011,   4.5925E-013,  
333.640,   5.9990E-008,   2.9875E-006,   2.6915E-011,   5.0708E-011,   2.0780E-011,   7.8679E-012,   2.1228E-011,   4.1377E-013,  
339.625,   5.6379E-008,   3.0034E-006,   7.5879E-012,   5.0738E-011,   2.1067E-011,   7.1206E-012,   2.2090E-011,   6.9824E-013,  
344.625,   5.7783E-008,   2.9858E-006,   3.0962E-011,   5.2077E-011,   2.1207E-011,   6.6596E-012,   2.1590E-011,   4.1645E-013,  
349.625,   5.9444E-008,   2.9907E-006,   7.6280E-012,   5.1595E-011,   2.0570E-011,   8.1649E-012,   2.1711E-011,   5.6983E-013,  
354.625,   5.7158E-008,   3.0091E-006,   2.7927E-011,   5.1168E-011,   2.1453E-011,   8.7819E-012,   2.1863E-011,   7.0270E-013,  
359.625,   5.6886E-008,   2.9796E-006,   2.5650E-011,   4.9892E-011,   2.1595E-011,   1.3002E-012,   2.1525E-011,   1.0255E-013,  
364.625,   5.7699E-008,   2.9707E-006,   7.7422E-012,   5.0385E-011,   2.0006E-011,   7.7609E-012,   2.1905E-011,   1.8459E-013,  
370.609,   5.8807E-008,   2.9789E-006,   6.7238E-013,   5.0240E-011,   2.1653E-011,   7.3578E-012,   2.1621E-011,   9.7557E-013,  
375.625,   5.6949E-008,   2.9804E-006,   2.6364E-011,   4.9159E-011,   2.0997E-011,   6.6007E-012,   2.2032E-011,   5.6804E-013,  
380.625,   5.4640E-008,   2.9888E-006,   2.6364E-011,   5.0358E-011,   2.1499E-011,   8.5216E-012,   2.1431E-011,   2.6663E-013,  
385.609,   5.8006E-008,   2.9963E-006,   2.5956E-011,   5.0082E-011,   2.0682E-011,   6.6355E-012,   2.0859E-011,   4.6282E-013,  
390.609,   5.7851E-008,   2.9825E-006,   7.1411E-012,   4.9515E-011,   2.0159E-011,   7.9901E-012,   2.1104E-011,   7.2232E-014,  
395.625,   5.8333E-008,   2.9599E-006,   2.6167E-011,   4.9316E-011,   2.1225E-011,   7.0564E-012,   2.1181E-011,   3.8702E-013,  
401.625,   5.7426E-008,   2.9787E-006,   2.7518E-011,   4.8801E-011,   2.1449E-011,   6.9779E-012,   2.0895E-011,   5.7964E-013,  
406.625,   5.7360E-008,   2.9792E-006,   2.6490E-011,   4.9579E-011,   2.0810E-011,   6.8344E-012,   2.1118E-011,   2.6485E-013,  
412.609,   5.7625E-008,   2.9684E-006,   6.4670E-012,   4.9919E-011,   2.1161E-011,   7.8447E-012,   2.0985E-011,   4.5033E-013,  
417.625,   5.9414E-008,   2.9547E-006,   6.2405E-012,   5.0220E-011,   2.1002E-011,   7.0671E-012,   2.0806E-011,   7.1429E-013,  
422.609,   5.9042E-008,   2.9839E-006,   7.5736E-012,   4.8149E-011,   2.0723E-011,   6.2164E-012,   2.0926E-011,   7.7850E-013,  
427.625,   5.8759E-008,   2.9706E-006,   2.6597E-011,   4.7904E-011,   2.0682E-011,   7.5067E-012,   1.9933E-011,   5.3773E-013,  
432.625,   6.1082E-008,   2.9751E-006,   2.6635E-011,   4.7751E-011,   2.0795E-011,   7.5763E-012,   2.0815E-011,   5.0741E-013,  
437.609,   5.5807E-008,   2.9440E-006,   2.4709E-011,   4.8814E-011,   2.0067E-011,   7.8117E-012,   2.0686E-011,   8.1060E-013,  
442.625,   5.7902E-008,   2.9749E-006,   7.7127E-012,   4.8478E-011,   2.1031E-011,   7.3293E-012,   2.0410E-011,   6.7505E-013,  
448.625,   5.5571E-008,   2.9698E-006,   2.7144E-011,   4.7802E-011,   2.0693E-011,   7.7386E-012,   2.0526E-011,   5.8855E-013,  
454.625,   5.6219E-008,   2.9729E-006,   2.5657E-011,   4.7684E-011,   2.0614E-011,   7.7948E-012,   2.0557E-011,   8.6678E-013,  
459.609,   5.7468E-008,   2.9618E-006,   6.0042E-012,   4.8394E-011,   2.1085E-011,   8.0766E-012,   2.0420E-011,   5.3773E-013,  
464.625,   5.5164E-008,   2.9565E-006,   2.4508E-011,   4.7660E-011,   2.1489E-011,   8.7044E-012,   2.0129E-011,   1.2502E-012,  
469.625,   5.7017E-008,   2.9594E-006,   2.7018E-011,   4.8822E-011,   2.0130E-011,   1.4964E-012,   2.0556E-011,   6.0996E-013,  
474.625,   5.7083E-008,   2.9476E-006,   2.4363E-011,   4.7780E-011,   2.0363E-011,   8.2424E-012,   2.0565E-011,   4.2358E-013,  
479.609,   5.5765E-008,   2.9367E-006,   2.4538E-011,   4.8110E-011,   2.0861E-011,   8.3263E-012,   2.0496E-011,   7.6869E-013,  
484.625,   5.4564E-008,   2.9440E-006,   6.4197E-012,   4.7215E-011,   2.0834E-011,   5.8615E-012,   2.0172E-011,   6.2066E-013,  
490.625,   5.6774E-008,   2.9382E-006,   6.1664E-012,   4.6565E-011,   2.0893E-011,   8.6045E-012,   1.9551E-011,   4.5747E-013,  
495.625,   5.6042E-008,   2.9348E-006,   6.2021E-012,   4.6309E-011,   2.0653E-011,   7.6735E-012,   1.9856E-011,   5.4486E-013,  
501.625,   5.4078E-008,   2.9372E-006,   2.5506E-011,   4.8253E-011,   2.0670E-011,   7.9838E-012,   1.9315E-011,   4.1912E-013,  
506.609,   5.5806E-008,   2.9507E-006,   2.6341E-011,   4.6935E-011,   2.0422E-011,   6.9039E-012,   1.9627E-011,   4.7441E-013,  
511.625,   5.7752E-008,   2.9432E-006,   2.4750E-011,   4.7146E-011,   2.0109E-011,   7.8822E-012,   1.8888E-011,   4.9046E-013,  
516.625,   5.6449E-008,   2.9582E-006,   5.6564E-012,   4.5897E-011,   2.0662E-011,   7.3409E-012,   1.9418E-011,   5.1454E-013,  
521.625,   5.7311E-008,   2.9626E-006,   2.4757E-011,   4.6309E-011,   2.0267E-011,   6.7773E-012,   1.8454E-011,   2.7198E-013,  
526.609,   5.8051E-008,   2.9387E-006,   1.9938E-011,   4.6059E-011,   2.0492E-011,   7.3409E-012,   1.9502E-011,   3.6918E-013,  
531.625,   5.5516E-008,   2.9492E-006,   2.5811E-011,   4.7092E-011,   2.0268E-011,   8.4440E-012,   1.8784E-011,   7.8385E-013,  
536.625,   5.5654E-008,   2.9401E-006,   2.5439E-011,   4.5687E-011,   2.0497E-011,   8.0712E-012,   1.9509E-011,   2.5326E-013,  
542.609,   5.5957E-008,   2.9274E-006,   6.9369E-012,   4.6335E-011,   2.0579E-011,   8.4645E-012,   1.8849E-011,   8.1773E-013,  
547.625,   5.6204E-008,   2.9385E-006,   5.8008E-012,   4.5985E-011,   2.0092E-011,   8.4912E-012,   1.9897E-011,   3.1211E-013,  
552.625,   5.5065E-008,   2.9304E-006,   6.1281E-012,   4.5817E-011,   2.0660E-011,   8.3084E-012,   2.0518E-011,   4.1288E-013,  
557.625,   5.4307E-008,   2.9191E-006,   2.4797E-011,   4.5918E-011,   2.0727E-011,   8.1970E-012,   1.9068E-011,   3.9059E-013,  
562.625,   5.5017E-008,   2.9196E-006,   2.6343E-011,   4.4782E-011,   2.0663E-011,   7.5585E-012,   1.9587E-011,   1.6765E-013,  
567.609,   5.4582E-008,   2.9123E-006,   5.7643E-012,   4.4963E-011,   1.9867E-011,   7.7038E-012,   1.9279E-011,   6.8219E-013,  
572.625,   5.6402E-008,   2.9064E-006,   2.4033E-011,   4.5595E-011,   2.1224E-011,   7.1839E-012,   1.9350E-011,   2.0332E-013,  
577.625,   5.3855E-008,   2.9139E-006,   2.5828E-011,   4.4896E-011,   2.0926E-011,   7.4015E-012,   1.8203E-011,   3.8613E-013,  
582.609,   5.4785E-008,   2.9311E-006,   2.5856E-011,   4.5765E-011,   1.9985E-011,   6.8763E-012,   1.9028E-011,   7.1607E-013,  
587.625,   5.3022E-008,   2.9108E-006,   2.3898E-011,   4.5284E-011,   2.0492E-011,   7.8563E-012,   1.8203E-011,   3.7543E-013,  
592.640,   5.3958E-008,   2.9115E-006,   2.3540E-011,   4.4940E-011,   2.0756E-011,   8.4788E-012,   1.8636E-011,   2.4969E-013,  
598.625,   5.4800E-008,   2.9279E-006,   5.6697E-012,   4.3895E-011,   1.9929E-011,   7.8938E-012,   1.8317E-011,   3.2281E-013,  
604.625,   5.3316E-008,   2.9180E-006,   2.3000E-011,   4.5328E-011,   1.9820E-011,   5.0295E-012,   1.8026E-011,   4.4142E-013,  
609.625,   5.3697E-008,   2.9013E-006,   2.4552E-011,   4.5568E-011,   1.9819E-011,   5.8847E-012,   1.8499E-011,   4.1377E-013,  
614.609,   5.4466E-008,   2.9024E-006,   2.3836E-011,   4.3903E-011,   1.9956E-011,   6.6105E-012,   1.8890E-011,   6.6079E-013,  
619.625,   5.1772E-008,   2.8548E-006,   2.3723E-011,   4.4780E-011,   2.0412E-011,   4.5658E-013,   1.8462E-011,   9.2118E-013,  
625.609,   5.2705E-008,   2.8707E-006,   6.0889E-012,   5.3094E-011,   2.5193E-011,   6.9993E-012,   1.8300E-011,   3.0498E-013,  
630.625,   5.2445E-008,   2.8906E-006,   1.4598E-012,   4.5392E-011,   2.1050E-011,   6.3707E-012,   1.7617E-011,   7.2945E-013,  
635.625,   5.5157E-008,   2.8991E-006,   6.3671E-012,   4.4641E-011,   1.9183E-011,   7.7056E-012,   1.8751E-011,   6.6792E-013,  
640.625,   5.6685E-008,   2.8988E-006,   2.4686E-011,   4.4095E-011,   1.9438E-011,   8.4056E-012,   1.7619E-011,   3.8791E-013,  
645.625,   5.4584E-008,   2.9054E-006,   2.5261E-011,   4.3434E-011,   2.0210E-011,   6.9565E-012,   1.7081E-011,   1.5873E-013,  
650.609,   5.4866E-008,   2.9091E-006,   6.3938E-012,   4.3214E-011,   2.0273E-011,   7.0921E-012,   1.7348E-011,   2.4791E-013,  
655.625,   5.6166E-008,   2.9073E-006,   2.2743E-011,   4.3742E-011,   2.0629E-011,   8.0686E-012,   1.8045E-011,   4.5925E-013,  
661.625,   5.5054E-008,   2.9165E-006,   2.3112E-011,   4.4085E-011,   2.0309E-011,   6.7077E-012,   1.7329E-011,   2.7912E-013,  
666.625,   5.2662E-008,   2.8973E-006,   2.3826E-011,   3.1995E-011,   2.0095E-011,   8.9442E-012,   1.8134E-011,   6.2601E-013,  
671.609,   5.6314E-008,   2.8949E-006,   2.2695E-011,   4.5082E-011,   2.2139E-011,   7.1367E-012,   1.7326E-011,   7.8474E-014,  
676.625,   5.3993E-008,   2.9101E-006,   2.3317E-011,   3.9236E-011,   2.1043E-011,   6.3742E-012,   1.8021E-011,   5.3951E-013,  
681.609,   5.3818E-008,   2.8843E-006,   2.3649E-011,   4.4126E-011,   2.0484E-011,   6.8629E-012,   1.7948E-011,   4.2715E-013,  
686.625,   5.4182E-008,   2.8969E-006,   2.2995E-011,   4.4623E-011,   2.0674E-011,   6.5169E-012,   1.6316E-011,   4.3072E-013,  
691.625,   5.5607E-008,   2.8742E-006,   6.6979E-012,   4.2334E-011,   1.9646E-011,   8.5590E-012,   1.7879E-011,   4.1556E-013,  
696.625,   5.1732E-008,   2.9032E-006,   2.3134E-011,   4.3508E-011,   1.9951E-011,   7.8617E-012,   1.7667E-011,   8.6500E-013,  
701.609,   5.3100E-008,   2.8973E-006,   6.8781E-012,   4.3011E-011,   2.0589E-011,   8.1595E-012,   1.7445E-011,   4.4052E-013,  
706.625,   5.3903E-008,   2.8805E-006,   2.3264E-011,   4.2625E-011,   2.0370E-011,   7.0314E-012,   1.6732E-011,   2.9339E-013,  
711.625,   5.4609E-008,   2.8938E-006,   6.2137E-012,   4.3873E-011,   1.9490E-011,   6.8049E-012,   1.7195E-011,   3.4065E-013,  
716.609,   5.6565E-008,   2.9011E-006,   2.2688E-011,   4.3343E-011,   2.0158E-011,   1.0933E-012,   1.7213E-011,   8.1328E-013,  
721.625,   5.5412E-008,   2.8887E-006,   2.3648E-011,   4.2087E-011,   2.0564E-011,   6.3555E-012,   1.6902E-011,   2.7020E-013,  
726.625,   5.3601E-008,   2.8764E-006,   2.1841E-011,   4.3063E-011,   1.9350E-011,   6.1486E-012,   1.6966E-011,   3.3173E-013,  
731.625,   5.3780E-008,   2.8769E-006,   2.1832E-011,   4.3568E-011,   1.9583E-011,   5.5066E-012,   1.7122E-011,   6.0550E-013,  
737.625,   5.6285E-008,   2.8907E-006,   2.2069E-011,   4.2449E-011,   2.1480E-011,   8.3798E-012,   1.7192E-011,   1.2395E-013,  
742.625,   5.6195E-008,   2.8891E-006,   2.2565E-011,   4.2083E-011,   3.0702E-011,   7.1081E-012,   1.7286E-011,   3.9148E-013,  
747.625,   5.3065E-008,   2.8659E-006,   2.0821E-011,   4.1658E-011,   4.1715E-011,   7.3346E-012,   1.6866E-011,   4.8600E-013,  
753.625,   5.4287E-008,   2.8797E-006,   7.3409E-012,   4.1933E-011,   3.2554E-011,   7.4399E-012,   1.6868E-011,   2.4969E-013,  
758.609,   5.5492E-008,   2.8760E-006,   2.2469E-011,   4.3255E-011,   2.5352E-011,   7.2134E-012,   1.6544E-011,   4.3696E-013,  
763.625,   5.4297E-008,   2.8656E-006,   2.3723E-011,   4.2449E-011,   2.2073E-011,   7.8563E-013,   1.6546E-011,   3.2281E-013,  
768.625,   5.3447E-008,   2.8804E-006,   2.1259E-011,   4.1951E-011,   2.0126E-011,   6.3501E-012,   1.7554E-011,   2.8001E-013,  
773.609,   5.5747E-008,   2.8776E-006,   2.3427E-011,   4.2432E-011,   2.0517E-011,   7.5790E-012,   1.7514E-011,   1.0344E-013,  
778.625,   5.1181E-008,   2.8642E-006,   2.1574E-011,   4.2579E-011,   2.0414E-011,   8.4012E-012,   1.7260E-011,   5.2078E-013,  
784.609,   4.9749E-008,   2.8546E-006,   2.1729E-011,   4.2342E-011,   2.0609E-011,   6.6703E-012,   1.4564E-011,   5.2970E-013,  
789.625,   5.2231E-008,   2.8666E-006,   6.7149E-012,   4.2431E-011,   2.0737E-011,   6.9842E-012,   1.6816E-011,   4.0842E-013,  
794.625,   5.1921E-008,   2.8756E-006,   6.5107E-012,   4.1425E-011,   1.9713E-011,   7.7796E-012,   1.6726E-011,   6.2512E-013,  
799.625,   5.0115E-008,   2.8701E-006,   2.1743E-011,   4.1146E-011,   1.9795E-011,   7.6869E-012,   1.6447E-011,   4.8690E-013,  
804.625,   5.2584E-008,   2.8802E-006,   5.9774E-012,   4.1603E-011,   2.0311E-011,   7.4577E-012,   1.6686E-011,   3.5670E-013,  
809.625,   5.1254E-008,   2.8722E-006,   2.2656E-011,   4.1079E-011,   2.0650E-011,   6.1147E-012,   1.6621E-011,   4.2536E-013,  
814.609,   5.0118E-008,   2.8488E-006,   6.0273E-012,   4.1738E-011,   1.9651E-011,   6.1254E-012,   1.6746E-011,   2.1670E-013,  
819.625,   5.1725E-008,   2.8830E-006,   5.7438E-012,   4.1818E-011,   1.9755E-011,   6.3287E-012,   1.6326E-011,   6.0282E-013,  
824.625,   5.3764E-008,   2.8632E-006,   2.2526E-011,   4.0086E-011,   1.9335E-011,   7.7752E-012,   1.6192E-011,   3.6294E-013,  
829.609,   5.3609E-008,   2.8751E-006,   5.4504E-012,   4.3785E-011,   2.1086E-011,   7.7065E-012,   1.6621E-011,  -3.1211E-014,  
834.625,   5.3367E-008,   2.8657E-006,   2.2267E-011,   4.1237E-011,   1.9625E-011,   7.8884E-012,   1.6747E-011,   3.0409E-013,  
839.609,   5.1833E-008,   2.8724E-006,   2.2622E-011,   4.1267E-011,   1.9458E-011,   4.0280E-012,   1.6447E-011,   5.1008E-013,  
844.625,   5.0142E-008,   2.8777E-006,   1.2183E-011,   4.1370E-011,   2.0229E-011,   7.2526E-012,   1.5929E-011,   5.3594E-013,  
849.640,   5.2935E-008,   2.8527E-006,   2.2728E-011,   4.0824E-011,   1.9462E-011,   7.7796E-012,   1.5773E-011,   5.0919E-013,  
855.625,   5.2687E-008,   2.8695E-006,   2.2818E-011,   4.0089E-011,   1.9568E-011,   7.8599E-012,   1.6256E-011,   5.4486E-013,  
860.609,   5.3374E-008,   2.8591E-006,   3.4002E-012,   3.9562E-011,   2.0253E-011,   7.2410E-012,   1.5813E-011,   1.9351E-013,  
865.625,   5.3054E-008,   2.8659E-006,   2.2483E-011,   4.0923E-011,   2.0310E-011,   8.2201E-012,   1.4492E-011,   2.8179E-013,  
870.625,   5.2725E-008,   2.8269E-006,   2.0561E-011,   3.9834E-011,   1.9800E-011,   7.3097E-012,   1.5574E-011,   4.0842E-013,  
875.625,   5.3066E-008,   2.8660E-006,   5.6394E-012,   4.1020E-011,   2.0173E-011,   7.5148E-012,   1.6314E-011,   5.3327E-013,  
880.625,   5.2788E-008,   2.8789E-006,   6.1602E-012,   3.9598E-011,   1.9258E-011,   5.8490E-012,   1.5914E-011,   3.3797E-013,  
885.625,   5.4604E-008,   2.8578E-006,   5.8115E-012,   3.9603E-011,   1.9232E-011,   7.0047E-012,   1.5011E-011,   2.8090E-013,  
890.625,   5.3722E-008,   2.8435E-006,   2.0607E-011,   3.8854E-011,   2.0257E-011,   3.8425E-012,   1.5475E-011,   4.5568E-013,  
895.625,   5.3983E-008,   2.8678E-006,   6.7202E-012,   4.0295E-011,   2.0420E-011,   6.2315E-012,   1.5218E-011,   2.2294E-014,  
901.625,   5.0117E-008,   2.8397E-006,   1.9890E-011,   4.4437E-011,   1.9593E-011,   7.2740E-012,   1.5488E-011,   3.8702E-013,  
906.609,   5.1324E-008,   2.8507E-006,   2.1826E-011,   5.7867E-011,   1.9994E-011,   8.4377E-012,   1.5543E-011,   2.6752E-013,  
911.625,   5.2682E-008,   2.8550E-006,   2.0967E-011,   9.2506E-011,   1.9799E-011,   6.2538E-012,   1.5143E-011,   5.6359E-013,  
916.625,   5.1907E-008,   2.8460E-006,   5.2809E-012,   1.3982E-010,   2.0047E-011,   7.7493E-012,   1.5408E-011,   4.4855E-013,  
921.625,   5.1360E-008,   2.8501E-006,   5.5217E-012,   1.6337E-010,   2.0299E-011,   6.0024E-012,   1.5718E-011,   3.8969E-013,  
926.609,   5.3484E-008,   2.8421E-006,   2.3218E-011,   1.5148E-010,   2.0428E-011,   6.3065E-012,   1.5537E-011,   3.1122E-013,  
931.625,   5.2727E-008,   2.9436E-006,   5.7438E-012,   1.1409E-010,   2.0307E-011,   7.3881E-012,   1.5608E-011,   3.4511E-013,  
937.609,   1.4849E-007,   7.7683E-006,   2.3271E-011,   3.6789E-010,   4.5548E-011,   8.2549E-012,   2.9601E-011,   4.8422E-013,  
942.625,   5.9639E-008,   3.3412E-006,   2.1976E-011,   1.0285E-010,   2.0919E-011,   7.7761E-012,   1.6521E-011,   3.5581E-013,  
947.625,   6.2104E-008,   3.2956E-006,   2.1981E-011,   7.0860E-011,   2.0408E-011,   7.0671E-012,   1.6209E-011,   2.4880E-013,  
952.625,   6.0812E-008,   3.3096E-006,   5.4067E-012,   6.3176E-011,   2.0151E-011,   7.4639E-012,   1.5961E-011,  -4.4587E-014,  
957.625,   6.0521E-008,   3.3152E-006,   7.0698E-012,   5.4251E-011,   2.0491E-011,   6.7140E-012,   1.4973E-011,   2.1937E-013,  
962.625,   6.0160E-008,   3.2842E-006,   2.1620E-011,   5.1007E-011,   1.9751E-011,   6.2815E-012,   1.6094E-011,   9.8092E-014,  
967.625,   6.1242E-008,   3.3006E-006,   6.4117E-012,   4.7570E-011,   2.0102E-011,   6.4358E-012,   1.5740E-011,   2.5058E-013,  
972.609,   6.1426E-008,   3.3142E-006,   2.1788E-011,   4.5115E-011,   2.0776E-011,   6.8344E-012,   1.5559E-011,   1.6854E-013,  
977.625,   6.1448E-008,   3.3089E-006,   2.1454E-011,   4.5345E-011,   2.0294E-011,   7.3275E-012,   1.5425E-011,   3.9950E-013,  
982.625,   5.9208E-008,   3.3063E-006,   2.1749E-011,   4.4171E-011,   2.1045E-011,   6.9432E-012,   1.5491E-011,   5.7250E-013,  
987.625,   5.9682E-008,   3.2914E-006,   1.0523E-012,   4.1948E-011,   2.0692E-011,   8.3209E-012,   1.5654E-011,   6.9021E-013,  
992.625,   6.0990E-008,   3.3021E-006,   5.7054E-012,   4.2696E-011,   2.0923E-011,   7.5380E-012,   1.6289E-011,  -9.5417E-014,  
997.609,   5.9346E-008,   3.2982E-006,   2.1694E-011,   4.1680E-011,   2.0351E-011,   6.3394E-012,   1.5653E-011,   4.8779E-013,  
1002.625,   6.3356E-008,   3.3071E-006,   2.1064E-011,   4.2610E-011,   1.8865E-011,   7.6378E-012,   1.4731E-011,   6.9289E-013,  
1007.625,   6.0865E-008,   3.2977E-006,   2.1703E-011,   4.1688E-011,   2.0182E-011,   7.7894E-012,   1.5034E-011,   3.2192E-013,  
1012.609,   5.8300E-008,   3.2918E-006,   5.3220E-012,   4.1417E-011,   1.9605E-011,   6.1254E-012,   1.5509E-011,   2.3542E-013,  
1017.625,   5.8190E-008,   3.2969E-006,   2.1904E-011,   4.0442E-011,   2.0061E-011,   8.2897E-012,   1.4942E-011,   2.9339E-013,  
1022.625,   6.2235E-008,   3.2813E-006,   5.4976E-012,   4.1209E-011,   2.1052E-011,   6.0229E-012,   1.4883E-011,   4.1199E-013,  
1027.625,   6.0013E-008,   3.2887E-006,   2.1366E-011,   4.0706E-011,   2.0358E-011,   7.0225E-012,   1.4943E-011,   8.9175E-016,  
1032.609,   5.6297E-008,   3.2740E-006,   2.1053E-011,   4.0960E-011,   2.0294E-011,   6.7657E-012,   1.3029E-011,   1.8994E-013,  
1037.625,   5.7661E-008,   3.2679E-006,   2.2419E-011,   4.0077E-011,   2.1129E-011,   7.2223E-012,   1.5383E-011,   2.4880E-013,  
1043.625,   5.8423E-008,   3.3007E-006,   2.2625E-011,   4.0839E-011,   2.0339E-011,   7.7252E-012,   1.4790E-011,   3.5492E-013,  
1048.609,   5.7508E-008,   3.2840E-006,   4.9929E-012,   4.0781E-011,   1.9997E-011,   7.8028E-012,   1.5078E-011,  -1.6051E-013,  
1053.609,   6.1896E-008,   3.2782E-006,   2.1358E-011,   4.0543E-011,   1.9503E-011,   6.6694E-012,   1.5215E-011,   4.9492E-013,  
1058.625,   6.0410E-008,   3.2830E-006,   6.3368E-012,   4.0386E-011,   2.0434E-011,   6.8486E-012,   1.5061E-011,   4.5747E-013,  
1063.640,   5.9425E-008,   3.2761E-006,   2.1579E-011,   3.9497E-011,   2.0383E-011,   8.0891E-012,   1.4733E-011,   3.4332E-013,  
1069.609,   6.2070E-008,   3.2793E-006,   2.2992E-011,   4.0339E-011,   2.1379E-011,   6.4509E-012,   1.4798E-011,   3.7632E-013,  
1074.625,   5.9277E-008,   3.2906E-006,   6.1326E-012,   3.9633E-011,   1.9371E-011,   7.9384E-012,   1.4965E-011,   1.8905E-013,  
1079.609,   6.0943E-008,   3.2673E-006,   7.4675E-012,   4.0408E-011,   2.0582E-011,   7.4577E-012,   1.5137E-011,   2.2650E-013,  
1084.609,   5.8128E-008,   3.2892E-006,   2.1042E-011,   4.0133E-011,   2.0902E-011,   7.9464E-012,   1.4883E-011,   1.3555E-013,  
1089.625,   6.0018E-008,   3.2745E-006,   2.0228E-011,   4.0993E-011,   2.0670E-011,   6.5954E-012,   1.4997E-011,   4.4587E-014,  
1094.609,   5.8440E-008,   3.2946E-006,   2.1234E-011,   4.0607E-011,   2.0790E-011,   3.9308E-012,   1.4478E-011,   4.1734E-013,  
1099.625,   5.7708E-008,   3.3013E-006,   5.5030E-012,   3.9702E-011,   2.0809E-011,   6.5419E-012,   1.4030E-011,   2.5058E-013,  
1104.625,   5.9289E-008,   3.2730E-006,   5.5092E-012,   3.9457E-011,   2.0670E-011,   6.4482E-012,   1.4614E-011,   6.0371E-013,  
1109.609,   5.7703E-008,   3.2736E-006,   7.1162E-013,   3.9250E-011,   2.0934E-011,   7.3641E-012,   1.4626E-011,   2.3096E-013,  
1114.625,   5.9600E-008,   3.2924E-006,   6.4313E-012,   3.9131E-011,   2.0210E-011,   7.4631E-012,   1.4917E-011,   2.5058E-013,  
1120.625,   5.7165E-008,   3.2727E-006,   1.9734E-011,   4.0414E-011,   2.0393E-011,   6.2877E-012,   1.4645E-011,   3.8969E-013,  
1125.625,   5.6996E-008,   3.2982E-006,   7.3123E-012,   3.9842E-011,   2.0001E-011,   6.8014E-012,   1.4567E-011,   6.9556E-013,  
1131.625,   5.8090E-008,   3.3012E-006,   2.1956E-011,   3.9445E-011,   2.1235E-011,   7.4524E-012,   1.4489E-011,   5.4664E-013,  
1136.609,   5.8027E-008,   3.2828E-006,   2.0475E-011,   3.9009E-011,   2.1126E-011,   6.6917E-012,   1.4703E-011,   2.5861E-013,  
1141.625,   3.1999E-008,   1.3558E-006,   2.3985E-011,   3.9628E-011,   2.0516E-011,   6.5044E-012,   1.4291E-011,   5.4843E-013,  
1146.656,   2.5890E-009,   6.6173E-007,   4.8868E-013,   2.7250E-011,   1.3710E-011,   4.4347E-012,   1.0890E-011,   1.6854E-013,  
