Aug 04, 2026  11:17:41 AM
Residual Gas Analyzer Software 
Software Version, 3.214.004

Analog Scan Setup:

Data Points in Scan, 891 
Units, Torr 
Noise Floor, 2 
CEM Status, OFF 
Points Per AMU, 10
Scan Start Mass, 1, amu 
Scan Stop Mass, 90, amu
Focus Voltage, 90, Volts 
Ion Energy, HIGH 
Electron Energy, 70, eV 
CEM Voltage, 1159, Volts
CEM Gain, 1.01E+003 
Sensitivity Factor, 1.11E-004 
Filament Current, 1.00, mAmps


  1.00,   5.56E-009, 
  1.10,   6.62E-009, 
  1.20,   8.14E-009, 
  1.30,   1.05E-008, 
  1.40,   1.36E-008, 
  1.50,   1.69E-008, 
  1.60,   1.66E-008, 
  1.70,   1.34E-008, 
  1.80,   1.06E-008, 
  1.90,   8.80E-009, 
  2.00,   8.32E-009, 
  2.10,   8.07E-009, 
  2.20,   8.12E-009, 
  2.30,   7.27E-009, 
  2.40,   4.47E-009, 
  2.50,   2.10E-009, 
  2.60,   1.12E-009, 
  2.70,   6.02E-010, 
  2.80,   2.65E-010, 
  2.90,  -1.04E-010, 
  3.00,  -2.89E-010, 
  3.10,  -4.43E-011, 
  3.20,   3.50E-010, 
  3.30,  -3.94E-010, 
  3.40,  -1.83E-010, 
  3.50,   4.68E-010, 
  3.60,   7.71E-010, 
  3.70,   1.15E-009, 
  3.80,   1.41E-009, 
  3.90,   1.63E-009, 
  4.00,   2.18E-009, 
  4.10,   2.58E-009, 
  4.20,   2.67E-009, 
  4.30,   2.34E-009, 
  4.40,   1.16E-009, 
  4.50,   5.65E-010, 
  4.60,  -1.16E-010, 
  4.70,  -1.32E-010, 
  4.80,   2.98E-010, 
  4.90,  -4.61E-010, 
  5.00,   1.89E-010, 
  5.10,  -1.56E-010, 
  5.20,  -4.12E-010, 
  5.30,  -2.80E-010, 
  5.40,  -3.25E-011, 
  5.50,   3.43E-010, 
  5.60,  -1.15E-010, 
  5.70,  -1.77E-010, 
  5.80,  -5.87E-011, 
  5.90,  -3.37E-010, 
  6.00,  -3.56E-010, 
  6.10,  -4.16E-010, 
  6.20,  -2.84E-010, 
  6.30,   1.08E-010, 
  6.40,   2.55E-010, 
  6.50,   2.00E-010, 
  6.60,  -1.91E-010, 
  6.70,  -4.73E-010, 
  6.80,  -4.54E-010, 
  6.90,  -4.81E-010, 
  7.00,  -2.92E-010, 
  7.10,  -2.71E-010, 
  7.20,  -3.38E-010, 
  7.30,  -1.36E-010, 
  7.40,   3.26E-010, 
  7.50,  -1.87E-010, 
  7.60,  -4.72E-010, 
  7.70,  -1.58E-010, 
  7.80,   2.80E-010, 
  7.90,  -3.91E-010, 
  8.00,  -3.22E-010, 
  8.10,  -6.14E-011, 
  8.20,   3.48E-010, 
  8.30,  -1.16E-010, 
  8.40,  -1.76E-010, 
  8.50,   2.93E-010, 
  8.60,  -5.96E-011, 
  8.70,  -3.40E-010, 
  8.80,  -1.04E-010, 
  8.90,   2.83E-010, 
  9.00,   1.73E-010, 
  9.10,  -4.82E-010, 
  9.20,  -3.26E-010, 
  9.30,  -3.62E-010, 
  9.40,   2.01E-010, 
  9.50,   1.81E-012, 
  9.60,  -4.34E-010, 
  9.70,  -4.07E-010, 
  9.80,  -2.55E-010, 
  9.90,   2.93E-010, 
 10.00,   2.82E-010, 
 10.10,   2.90E-010, 
 10.20,  -1.68E-010, 
 10.30,  -4.51E-010, 
 10.40,  -1.47E-010, 
 10.50,   3.75E-010, 
 10.60,  -1.59E-010, 
 10.70,  -4.52E-010, 
 10.80,   2.55E-010, 
 10.90,   3.31E-010, 
 11.00,  -1.68E-010, 
 11.10,  -4.12E-010, 
 11.20,   9.67E-011, 
 11.30,   1.86E-010, 
 11.40,  -4.17E-010, 
 11.50,  -4.32E-010, 
 11.60,  -3.35E-010, 
 11.70,   2.05E-010, 
 11.80,   2.17E-011, 
 11.90,  -4.63E-010, 
 12.00,   7.50E-011, 
 12.10,   3.51E-010, 
 12.20,  -3.63E-010, 
 12.30,  -2.96E-010, 
 12.40,  -1.18E-010, 
 12.50,  -6.78E-011, 
 12.60,  -4.84E-010, 
 12.70,  -1.82E-010, 
 12.80,   3.01E-010, 
 12.90,  -9.58E-011, 
 13.00,   2.10E-010, 
 13.10,  -1.38E-010, 
 13.20,  -3.63E-010, 
 13.30,   2.99E-010, 
 13.40,   3.89E-010, 
 13.50,   4.81E-010, 
 13.60,   2.16E-009, 
 13.70,   4.21E-009, 
 13.80,   5.82E-009, 
 13.90,   8.39E-009, 
 14.00,   1.04E-008, 
 14.10,   1.14E-008, 
 14.20,   1.05E-008, 
 14.30,   7.40E-009, 
 14.40,   3.46E-009, 
 14.50,   1.66E-009, 
 14.60,   8.45E-010, 
 14.70,   4.01E-010, 
 14.80,   1.97E-010, 
 14.90,  -1.41E-010, 
 15.00,  -3.37E-010, 
 15.10,   2.52E-010, 
 15.20,   3.55E-010, 
 15.30,  -5.24E-011, 
 15.40,  -3.53E-010, 
 15.50,   2.98E-010, 
 15.60,   8.33E-010, 
 15.70,   1.36E-009, 
 15.80,   1.78E-009, 
 15.90,   2.37E-009, 
 16.00,   2.99E-009, 
 16.10,   3.27E-009, 
 16.20,   3.20E-009, 
 16.30,   2.46E-009, 
 16.40,   1.30E-009, 
 16.50,   9.02E-010, 
 16.60,   1.09E-009, 
 16.70,   1.67E-009, 
 16.80,   2.15E-009, 
 16.90,   2.71E-009, 
 17.00,   3.41E-009, 
 17.10,   3.68E-009, 
 17.20,   3.50E-009, 
 17.30,   2.76E-009, 
 17.40,   1.86E-009, 
 17.50,   2.39E-009, 
 17.60,   6.64E-009, 
 17.70,   1.10E-008, 
 17.80,   1.40E-008, 
 17.90,   1.87E-008, 
 18.00,   2.27E-008, 
 18.10,   2.49E-008, 
 18.20,   2.20E-008, 
 18.30,   1.39E-008, 
 18.40,   6.10E-009, 
 18.50,   2.97E-009, 
 18.60,   1.99E-009, 
 18.70,   1.84E-009, 
 18.80,   2.23E-009, 
 18.90,   3.10E-009, 
 19.00,   4.57E-009, 
 19.10,   7.41E-009, 
 19.20,   1.41E-008, 
 19.30,   3.73E-008, 
 19.40,   1.47E-007, 
 19.50,   8.65E-007, 
 19.60,   1.64E-006, 
 19.70,   1.64E-006, 
 19.80,   2.15E-006, 
 19.90,   2.39E-006, 
 20.00,   2.82E-006, 
 20.10,   2.41E-006, 
 20.20,   1.85E-006, 
 20.30,   2.16E-007, 
 20.40,   2.10E-008, 
 20.50,   8.32E-009, 
 20.60,   4.38E-009, 
 20.70,   2.57E-009, 
 20.80,   1.54E-009, 
 20.90,   9.41E-010, 
 21.00,   6.13E-010, 
 21.10,   4.70E-010, 
 21.20,   3.12E-010, 
 21.30,   2.23E-010, 
 21.40,  -2.05E-010, 
 21.50,   3.56E-010, 
 21.60,  -3.88E-010, 
 21.70,  -1.53E-010, 
 21.80,   4.73E-010, 
 21.90,   2.29E-010, 
 22.00,   2.16E-010, 
 22.10,  -3.15E-010, 
 22.20,   3.74E-010, 
 22.30,  -7.77E-011, 
 22.40,  -3.05E-010, 
 22.50,   2.11E-010, 
 22.60,   2.57E-010, 
 22.70,  -4.18E-010, 
 22.80,  -3.28E-010, 
 22.90,   3.59E-010, 
 23.00,   7.05E-011, 
 23.10,  -3.53E-010, 
 23.20,   1.90E-010, 
 23.30,   3.13E-010, 
 23.40,  -4.19E-010, 
 23.50,   1.15E-010, 
 23.60,  -2.98E-011, 
 23.70,  -2.63E-010, 
 23.80,   3.54E-010, 
 23.90,  -1.48E-010, 
 24.00,  -4.85E-010, 
 24.10,  -3.02E-010, 
 24.20,  -3.09E-010, 
 24.30,  -3.02E-010, 
 24.40,   1.66E-010, 
 24.50,  -3.88E-011, 
 24.60,  -3.95E-010, 
 24.70,   1.28E-010, 
 24.80,   2.12E-010, 
 24.90,  -4.36E-010, 
 25.00,  -3.35E-010, 
 25.10,  -2.18E-010, 
 25.20,   2.92E-010, 
 25.30,  -3.55E-010, 
 25.40,  -3.88E-010, 
 25.50,  -2.95E-010, 
 25.60,   2.33E-010, 
 25.70,  -3.99E-010, 
 25.80,  -2.39E-010, 
 25.90,   3.86E-010, 
 26.00,   2.09E-010, 
 26.10,  -3.65E-010, 
 26.20,  -3.41E-010, 
 26.30,   1.36E-010, 
 26.40,   2.45E-010, 
 26.50,  -2.69E-010, 
 26.60,  -1.66E-010, 
 26.70,   4.52E-010, 
 26.80,   2.54E-010, 
 26.90,  -1.73E-010, 
 27.00,   3.12E-010, 
 27.10,   7.96E-010, 
 27.20,   1.26E-009, 
 27.30,   2.70E-009, 
 27.40,   6.46E-009, 
 27.50,   3.13E-008, 
 27.60,   1.31E-007, 
 27.70,   1.74E-007, 
 27.80,   2.23E-007, 
 27.90,   2.54E-007, 
 28.00,   2.76E-007, 
 28.10,   2.70E-007, 
 28.20,   2.41E-007, 
 28.30,   9.64E-008, 
 28.40,   1.72E-008, 
 28.50,   7.02E-009, 
 28.60,   4.00E-009, 
 28.70,   2.91E-009, 
 28.80,   2.38E-009, 
 28.90,   2.11E-009, 
 29.00,   2.14E-009, 
 29.10,   2.19E-009, 
 29.20,   2.15E-009, 
 29.30,   1.53E-009, 
 29.40,   1.00E-009, 
 29.50,   8.61E-010, 
 29.60,   1.55E-009, 
 29.70,   2.34E-009, 
 29.80,   3.09E-009, 
 29.90,   3.87E-009, 
 30.00,   4.46E-009, 
 30.10,   4.70E-009, 
 30.20,   4.71E-009, 
 30.30,   3.55E-009, 
 30.40,   1.95E-009, 
 30.50,   1.20E-009, 
 30.60,   6.27E-010, 
 30.70,   2.93E-010, 
 30.80,  -3.33E-010, 
 30.90,   1.82E-010, 
 31.00,   3.40E-010, 
 31.10,  -5.15E-011, 
 31.20,   3.16E-011, 
 31.30,   7.62E-010, 
 31.40,   1.48E-009, 
 31.50,   5.61E-009, 
 31.60,   1.87E-008, 
 31.70,   2.96E-008, 
 31.80,   4.12E-008, 
 31.90,   4.93E-008, 
 32.00,   5.31E-008, 
 32.10,   5.28E-008, 
 32.20,   4.86E-008, 
 32.30,   2.33E-008, 
 32.40,   8.22E-009, 
 32.50,   3.87E-009, 
 32.60,   2.13E-009, 
 32.70,   1.24E-009, 
 32.80,   9.53E-010, 
 32.90,   6.14E-010, 
 33.00,   2.82E-010, 
 33.10,  -7.86E-011, 
 33.20,  -3.40E-010, 
 33.30,   1.62E-010, 
 33.40,   2.70E-010, 
 33.50,   1.82E-010, 
 33.60,  -3.97E-010, 
 33.70,   1.64E-010, 
 33.80,   3.24E-010, 
 33.90,   2.95E-010, 
 34.00,   2.15E-010, 
 34.10,   2.50E-010, 
 34.20,   2.03E-010, 
 34.30,  -2.62E-011, 
 34.40,  -4.18E-010, 
 34.50,   1.87E-010, 
 34.60,   2.02E-010, 
 34.70,  -8.04E-011, 
 34.80,  -2.12E-010, 
 34.90,   4.06E-010, 
 35.00,   2.88E-010, 
 35.10,   3.04E-010, 
 35.20,   6.67E-010, 
 35.30,   1.35E-009, 
 35.40,   3.24E-009, 
 35.50,   1.21E-008, 
 35.60,   3.62E-008, 
 35.70,   4.94E-008, 
 35.80,   6.95E-008, 
 35.90,   7.74E-008, 
 36.00,   8.54E-008, 
 36.10,   8.29E-008, 
 36.20,   6.70E-008, 
 36.30,   2.28E-008, 
 36.40,   8.04E-009, 
 36.50,   3.93E-009, 
 36.60,   2.22E-009, 
 36.70,   1.50E-009, 
 36.80,   1.01E-009, 
 36.90,   7.38E-010, 
 37.00,   6.96E-010, 
 37.10,   4.90E-010, 
 37.20,   5.09E-010, 
 37.30,   8.05E-010, 
 37.40,   1.24E-009, 
 37.50,   2.71E-009, 
 37.60,   5.71E-009, 
 37.70,   8.32E-009, 
 37.80,   1.17E-008, 
 37.90,   1.45E-008, 
 38.00,   1.68E-008, 
 38.10,   1.77E-008, 
 38.20,   1.66E-008, 
 38.30,   1.14E-008, 
 38.40,   9.05E-009, 
 38.50,   1.02E-008, 
 38.60,   1.38E-008, 
 38.70,   2.03E-008, 
 38.80,   3.38E-008, 
 38.90,   6.06E-008, 
 39.00,   1.06E-007, 
 39.10,   2.25E-007, 
 39.20,   4.79E-007, 
 39.30,   9.06E-007, 
 39.40,   2.21E-006, 
 39.50,   8.00E-006, 
 39.60,   1.47E-005, 
 39.70,   1.68E-005, 
 39.80,   2.24E-005, 
 39.90,   2.41E-005, 
 40.00,   2.69E-005, 
 40.10,   2.48E-005, 
 40.20,   1.63E-005, 
 40.30,   1.29E-006, 
 40.40,   4.68E-008, 
 40.50,   1.62E-008, 
 40.60,   7.91E-009, 
 40.70,   4.34E-009, 
 40.80,   2.60E-009, 
 40.90,   1.69E-009, 
 41.00,   1.29E-009, 
 41.10,   9.56E-010, 
 41.20,   6.17E-010, 
 41.30,   4.35E-010, 
 41.40,   3.32E-010, 
 41.50,   2.79E-010, 
 41.60,   4.65E-010, 
 41.70,   5.00E-010, 
 41.80,   5.65E-010, 
 41.90,   4.10E-010, 
 42.00,   3.92E-010, 
 42.10,   2.66E-010, 
 42.20,   2.66E-010, 
 42.30,  -3.20E-010, 
 42.40,  -2.64E-010, 
 42.50,   3.52E-010, 
 42.60,   1.68E-010, 
 42.70,  -3.86E-010, 
 42.80,  -2.31E-010, 
 42.90,   3.34E-010, 
 43.00,   2.03E-010, 
 43.10,   1.89E-010, 
 43.20,  -3.29E-010, 
 43.30,  -3.31E-010, 
 43.40,   1.78E-010, 
 43.50,   4.31E-010, 
 43.60,   6.02E-010, 
 43.70,   9.07E-010, 
 43.80,   1.44E-009, 
 43.90,   2.02E-009, 
 44.00,   2.43E-009, 
 44.10,   2.62E-009, 
 44.20,   2.62E-009, 
 44.30,   1.93E-009, 
 44.40,   9.99E-010, 
 44.50,   5.51E-010, 
 44.60,   2.83E-010, 
 44.70,   1.83E-010, 
 44.80,  -2.96E-010, 
 44.90,  -1.92E-010, 
 45.00,   3.74E-010, 
 45.10,  -6.23E-011, 
 45.20,  -3.37E-010, 
 45.30,   4.13E-010, 
 45.40,  -3.25E-010, 
 45.50,  -2.82E-010, 
 45.60,   3.09E-010, 
 45.70,   1.54E-011, 
 45.80,  -3.55E-010, 
 45.90,  -3.52E-010, 
 46.00,  -2.20E-010, 
 46.10,   1.29E-010, 
 46.20,  -4.23E-010, 
 46.30,  -2.77E-010, 
 46.40,   5.51E-011, 
 46.50,   1.90E-011, 
 46.60,  -3.89E-010, 
 46.70,   2.46E-010, 
 46.80,  -3.22E-010, 
 46.90,  -2.01E-010, 
 47.00,   2.85E-010, 
 47.10,   1.92E-010, 
 47.20,  -4.31E-010, 
 47.30,  -3.48E-010, 
 47.40,  -2.17E-010, 
 47.50,   3.29E-010, 
 47.60,   4.52E-012, 
 47.70,  -4.35E-010, 
 47.80,  -3.04E-010, 
 47.90,   8.85E-011, 
 48.00,  -5.15E-011, 
 48.10,  -4.52E-010, 
 48.20,  -3.85E-010, 
 48.30,  -3.05E-010, 
 48.40,   8.85E-011, 
 48.50,  -4.97E-011, 
 48.60,  -4.30E-010, 
 48.70,   5.42E-011, 
 48.80,   2.39E-010, 
 48.90,  -3.42E-010, 
 49.00,  -3.77E-010, 
 49.10,   2.91E-010, 
 49.20,   9.03E-013, 
 49.30,  -3.98E-010, 
 49.40,   0.00E+000, 
 49.50,   9.94E-011, 
 49.60,  -2.77E-010, 
 49.70,   2.82E-010, 
 49.80,  -4.12E-010, 
 49.90,  -3.79E-010, 
 50.00,  -2.17E-011, 
 50.10,  -3.80E-010, 
 50.20,  -2.89E-011, 
 50.30,  -2.08E-011, 
 50.40,  -3.95E-010, 
 50.50,  -2.85E-010, 
 50.60,  -3.25E-011, 
 50.70,  -4.75E-010, 
 50.80,   1.07E-010, 
 50.90,   3.69E-010, 
 51.00,  -4.52E-011, 
 51.10,  -4.10E-010, 
 51.20,  -3.12E-010, 
 51.30,   1.90E-011, 
 51.40,   2.50E-010, 
 51.50,  -1.62E-010, 
 51.60,   1.54E-010, 
 51.70,   6.87E-011, 
 51.80,  -3.88E-010, 
 51.90,  -2.48E-010, 
 52.00,   3.09E-010, 
 52.10,   1.10E-010, 
 52.20,  -3.96E-010, 
 52.30,   5.24E-011, 
 52.40,  -1.76E-010, 
 52.50,  -1.99E-011, 
 52.60,   2.61E-010, 
 52.70,   5.15E-011, 
 52.80,  -4.63E-010, 
 52.90,  -3.98E-010, 
 53.00,  -3.03E-010, 
 53.10,  -3.13E-010, 
 53.20,  -3.31E-010, 
 53.30,   4.07E-011, 
 53.40,  -2.56E-010, 
 53.50,   8.22E-011, 
 53.60,   1.55E-010, 
 53.70,  -1.08E-011, 
 53.80,  -3.42E-010, 
 53.90,   2.98E-010, 
 54.00,  -4.64E-010, 
 54.10,  -4.35E-010, 
 54.20,  -2.50E-010, 
 54.30,  -3.50E-010, 
 54.40,  -3.16E-010, 
 54.50,  -2.18E-010, 
 54.60,   3.19E-010, 
 54.70,   5.24E-011, 
 54.80,  -4.06E-010, 
 54.90,  -2.51E-010, 
 55.00,  -2.68E-010, 
 55.10,  -3.39E-010, 
 55.20,  -2.86E-010, 
 55.30,  -3.17E-010, 
 55.40,   2.34E-010, 
 55.50,  -2.62E-010, 
 55.60,   7.14E-011, 
 55.70,  -3.26E-010, 
 55.80,  -3.47E-010, 
 55.90,   6.87E-011, 
 56.00,   2.76E-010, 
 56.10,   1.17E-011, 
 56.20,  -4.25E-010, 
 56.30,  -3.42E-010, 
 56.40,   8.49E-011, 
 56.50,   2.21E-010, 
 56.60,   3.00E-010, 
 56.70,  -4.18E-010, 
 56.80,  -3.63E-010, 
 56.90,   1.14E-010, 
 57.00,   3.43E-010, 
 57.10,  -3.16E-011, 
 57.20,  -4.09E-010, 
 57.30,   2.29E-010, 
 57.40,   2.52E-010, 
 57.50,  -2.96E-010, 
 57.60,  -4.19E-010, 
 57.70,  -3.28E-010, 
 57.80,  -3.54E-010, 
 57.90,   1.28E-010, 
 58.00,   4.64E-010, 
 58.10,   3.30E-010, 
 58.20,  -2.92E-010, 
 58.30,  -2.54E-010, 
 58.40,   4.34E-010, 
 58.50,   2.42E-010, 
 58.60,  -4.42E-010, 
 58.70,  -2.93E-010, 
 58.80,   2.68E-010, 
 58.90,   2.08E-011, 
 59.00,  -3.26E-010, 
 59.10,   3.03E-010, 
 59.20,   1.08E-011, 
 59.30,  -3.77E-010, 
 59.40,  -3.69E-010, 
 59.50,  -3.66E-010, 
 59.60,   4.32E-010, 
 59.70,   4.07E-011, 
 59.80,  -4.07E-010, 
 59.90,   7.41E-011, 
 60.00,   7.77E-011, 
 60.10,  -4.00E-010, 
 60.20,   6.87E-011, 
 60.30,   6.59E-011, 
 60.40,  -4.40E-010, 
 60.50,   6.87E-011, 
 60.60,   3.69E-010, 
 60.70,   2.10E-010, 
 60.80,  -2.28E-010, 
 60.90,  -4.44E-010, 
 61.00,   1.34E-010, 
 61.10,   2.65E-010, 
 61.20,   6.23E-011, 
 61.30,  -6.96E-011, 
 61.40,   2.94E-010, 
 61.50,  -3.97E-011, 
 61.60,  -4.46E-010, 
 61.70,   8.94E-011, 
 61.80,   2.94E-010, 
 61.90,   2.17E-011, 
 62.00,  -4.01E-010, 
 62.10,   3.79E-010, 
 62.20,   1.82E-010, 
 62.30,  -2.79E-010, 
 62.40,   3.37E-010, 
 62.50,   2.20E-010, 
 62.60,  -4.38E-010, 
 62.70,  -4.81E-010, 
 62.80,  -3.41E-010, 
 62.90,   7.86E-011, 
 63.00,  -4.15E-010, 
 63.10,   1.36E-010, 
 63.20,   3.09E-010, 
 63.30,  -3.26E-010, 
 63.40,  -3.13E-010, 
 63.50,   1.43E-010, 
 63.60,  -2.08E-011, 
 63.70,  -4.91E-010, 
 63.80,  -3.04E-010, 
 63.90,   2.76E-010, 
 64.00,  -2.85E-010, 
 64.10,   1.51E-010, 
 64.20,   2.20E-010, 
 64.30,   1.82E-010, 
 64.40,  -1.73E-010, 
 64.50,   1.08E-010, 
 64.60,   2.66E-010, 
 64.70,  -2.76E-010, 
 64.80,  -3.36E-010, 
 64.90,   3.46E-010, 
 65.00,   1.73E-010, 
 65.10,  -4.79E-011, 
 65.20,  -3.14E-010, 
 65.30,   4.04E-010, 
 65.40,   2.66E-010, 
 65.50,  -7.95E-011, 
 65.60,  -4.01E-010, 
 65.70,  -3.25E-011, 
 65.80,  -2.25E-010, 
 65.90,   2.82E-010, 
 66.00,  -2.83E-010, 
 66.10,   2.17E-011, 
 66.20,   3.16E-010, 
 66.30,   2.29E-010, 
 66.40,   1.90E-010, 
 66.50,  -2.46E-010, 
 66.60,   2.95E-010, 
 66.70,  -3.54E-010, 
 66.80,  -3.31E-010, 
 66.90,   3.78E-010, 
 67.00,  -9.03E-013, 
 67.10,   3.25E-011, 
 67.20,   2.45E-010, 
 67.30,   2.99E-010, 
 67.40,  -2.74E-010, 
 67.50,  -3.08E-010, 
 67.60,   2.48E-010, 
 67.70,  -2.08E-010, 
 67.80,  -3.42E-010, 
 67.90,   7.59E-011, 
 68.00,   4.07E-011, 
 68.10,  -3.47E-010, 
 68.20,   2.80E-011, 
 68.30,   1.85E-010, 
 68.40,  -1.79E-010, 
 68.50,   2.14E-010, 
 68.60,   1.17E-011, 
 68.70,  -3.08E-010, 
 68.80,   5.60E-011, 
 68.90,   5.42E-012, 
 69.00,  -3.30E-010, 
 69.10,   3.16E-011, 
 69.20,   3.15E-010, 
 69.30,  -2.91E-010, 
 69.40,  -3.72E-010, 
 69.50,  -4.02E-010, 
 69.60,  -3.57E-010, 
 69.70,   1.02E-010, 
 69.80,   2.71E-010, 
 69.90,  -4.25E-011, 
 70.00,  -4.16E-011, 
 70.10,   1.17E-010, 
 70.20,  -3.88E-010, 
 70.30,  -2.81E-010, 
 70.40,   2.16E-010, 
 70.50,  -3.16E-010, 
 70.60,  -3.50E-010, 
 70.70,   4.50E-010, 
 70.80,   2.68E-010, 
 70.90,   2.41E-010, 
 71.00,  -2.02E-010, 
 71.10,   3.60E-010, 
 71.20,   1.81E-010, 
 71.30,   5.15E-011, 
 71.40,  -3.87E-010, 
 71.50,   5.06E-011, 
 71.60,   3.33E-010, 
 71.70,  -2.02E-010, 
 71.80,   2.92E-010, 
 71.90,   1.86E-010, 
 72.00,  -3.41E-010, 
 72.10,   1.26E-010, 
 72.20,   4.00E-010, 
 72.30,  -5.24E-011, 
 72.40,  -4.82E-010, 
 72.50,  -3.25E-011, 
 72.60,   1.99E-010, 
 72.70,  -3.36E-010, 
 72.80,   9.58E-011, 
 72.90,   3.29E-010, 
 73.00,  -4.44E-010, 
 73.10,  -3.60E-010, 
 73.20,   3.74E-010, 
 73.30,   1.98E-010, 
 73.40,  -3.16E-010, 
 73.50,  -4.25E-010, 
 73.60,  -2.57E-010, 
 73.70,   4.09E-010, 
 73.80,   2.88E-010, 
 73.90,   2.78E-010, 
 74.00,   2.80E-010, 
 74.10,   1.72E-011, 
 74.20,  -3.38E-010, 
 74.30,   4.91E-010, 
 74.40,   1.17E-011, 
 74.50,  -3.65E-010, 
 74.60,   2.21E-010, 
 74.70,  -4.65E-010, 
 74.80,  -3.50E-010, 
 74.90,   3.86E-010, 
 75.00,  -1.28E-010, 
 75.10,  -6.32E-011, 
 75.20,  -3.14E-010, 
 75.30,  -3.53E-010, 
 75.40,   3.13E-010, 
 75.50,   2.35E-011, 
 75.60,  -4.03E-010, 
 75.70,   3.52E-010, 
 75.80,   2.87E-010, 
 75.90,   2.61E-010, 
 76.00,   3.79E-011, 
 76.10,   1.36E-011, 
 76.20,   2.92E-010, 
 76.30,   1.81E-011, 
 76.40,  -3.68E-010, 
 76.50,   2.10E-010, 
 76.60,   1.00E-010, 
 76.70,  -3.09E-010, 
 76.80,   1.97E-010, 
 76.90,   7.23E-011, 
 77.00,  -2.64E-010, 
 77.10,   2.95E-010, 
 77.20,   6.32E-011, 
 77.30,  -4.07E-010, 
 77.40,  -3.09E-010, 
 77.50,   2.79E-010, 
 77.60,   3.88E-011, 
 77.70,  -4.16E-010, 
 77.80,   2.97E-010, 
 77.90,  -2.25E-010, 
 78.00,  -2.85E-010, 
 78.10,   3.59E-010, 
 78.20,   1.56E-010, 
 78.30,  -3.30E-010, 
 78.40,  -5.51E-011, 
 78.50,   4.28E-010, 
 78.60,  -5.42E-012, 
 78.70,  -3.89E-010, 
 78.80,   3.84E-010, 
 78.90,   3.13E-010, 
 79.00,   9.21E-011, 
 79.10,  -3.21E-010, 
 79.20,   6.32E-011, 
 79.30,   2.71E-012, 
 79.40,  -4.44E-010, 
 79.50,  -8.22E-011, 
 79.60,   3.88E-011, 
 79.70,  -1.84E-010, 
 79.80,   2.75E-010, 
 79.90,  -3.40E-010, 
 80.00,  -3.91E-010, 
 80.10,   2.07E-010, 
 80.20,   1.92E-010, 
 80.30,  -4.26E-010, 
 80.40,  -3.96E-010, 
 80.50,  -2.51E-010, 
 80.60,   2.69E-010, 
 80.70,  -3.41E-010, 
 80.80,  -3.79E-010, 
 80.90,   2.80E-010, 
 81.00,   2.68E-010, 
 81.10,   2.03E-010, 
 81.20,  -1.74E-010, 
 81.30,  -3.55E-010, 
 81.40,   4.79E-010, 
 81.50,   3.09E-010, 
 81.60,   1.73E-010, 
 81.70,  -1.82E-010, 
 81.80,   2.98E-010, 
 81.90,  -1.73E-010, 
 82.00,   4.11E-010, 
 82.10,   3.54E-010, 
 82.20,   1.98E-010, 
 82.30,   1.35E-010, 
 82.40,  -2.69E-010, 
 82.50,  -1.17E-011, 
 82.60,   4.61E-010, 
 82.70,   3.17E-010, 
 82.80,   2.32E-010, 
 82.90,   2.01E-010, 
 83.00,  -2.48E-010, 
 83.10,  -1.40E-010, 
 83.20,   3.26E-010, 
 83.30,   3.80E-010, 
 83.40,   3.20E-010, 
 83.50,   3.77E-010, 
 83.60,   3.91E-010, 
 83.70,   3.32E-010, 
 83.80,   4.10E-010, 
 83.90,   3.93E-010, 
 84.00,   6.69E-010, 
 84.10,   9.79E-010, 
 84.20,   8.63E-010, 
 84.30,   5.21E-010, 
 84.40,   2.13E-010, 
 84.50,  -3.54E-010, 
 84.60,   1.07E-010, 
 84.70,   3.49E-010, 
 84.80,   1.62E-010, 
 84.90,  -5.39E-010, 
 85.00,  -3.30E-010, 
 85.10,  -3.54E-010, 
 85.20,   2.47E-010, 
 85.30,  -2.39E-010, 
 85.40,  -3.36E-010, 
 85.50,   2.85E-010, 
 85.60,   2.56E-010, 
 85.70,  -3.14E-010, 
 85.80,  -3.12E-010, 
 85.90,   3.12E-010, 
 86.00,   3.37E-010, 
 86.10,   2.74E-010, 
 86.20,  -2.38E-010, 
 86.30,   1.44E-010, 
 86.40,   6.78E-011, 
 86.50,  -3.67E-010, 
 86.60,   8.76E-011, 
 86.70,  -3.25E-010, 
 86.80,   2.51E-010, 
 86.90,   7.77E-011, 
 87.00,  -5.87E-010, 
 87.10,  -4.55E-010, 
 87.20,  -6.32E-012, 
 87.30,   1.82E-010, 
 87.40,  -2.85E-010, 
 87.50,  -3.13E-010, 
 87.60,   2.38E-010, 
 87.70,  -3.82E-010, 
 87.80,  -3.96E-010, 
 87.90,   3.34E-010, 
 88.00,   2.49E-010, 
 88.10,  -2.01E-010, 
 88.20,  -3.13E-010, 
 88.30,   3.96E-010, 
 88.40,   2.37E-010, 
 88.50,   2.38E-010, 
 88.60,   2.21E-010, 
 88.70,  -2.33E-010, 
 88.80,  -2.96E-010, 
 88.90,   3.62E-010, 
 89.00,   2.71E-011, 
 89.10,  -3.81E-010, 
 89.20,   2.63E-010, 
 89.30,   2.99E-010, 
 89.40,  -6.87E-011, 
 89.50,   1.73E-010, 
 89.60,  -1.66E-010, 
 89.70,   2.04E-010, 
 89.80,   2.91E-010, 
 89.90,   1.64E-010, 
 90.00,   1.71E-010, 
