Aug 04, 2026  11:35:40 AM
Residual Gas Analyzer Software 
RGA Software Version, 3.214.004

Pressure vs Time Scan Setup:

Active channels in Scan, 10 
Units, Torr
Sample Period, 1.00, sec
Focus Voltage, 90, Volts 
Ion Energy, HIGH 
Electron Energy, 70, eV 
CEM Voltage, 1159, Volts
CEM Gain, 1.01E+003 
Sensitivity Factor, 1.11E-004 
Filament Current, 1.00, mAmps
Start time, Aug 04, 2026  11:35:40 AM 
Channel,  Mass(amu),     Name,                 Cal Factor,  Noise Floor, CEM Status

1         2.00           Hydrogen              1.00         3            OFF
2         4.00           Helium                1.00         3            OFF
3         26.00          Dummy-26              1.00         3            ON
4         28.00          Nitrogen              1.00         3            ON
5         32.00          Oxygen                1.00         3            ON
6         34.00          Dummy-34              1.00         3            OFF
7         40.00          Argon                 1.00         3            OFF
8         42.00          Dummy-42              1.00         3            ON
9         44.00          Carbon dioxide        1.00         3            ON
10        84.00          Krypton               1.00         3            ON


Time(s)      Channel#1   Channel#2   Channel#3   Channel#4   Channel#5   Channel#6   Channel#7   Channel#8   Channel#9   Channel#10  

0.000,   7.6105E-008,   3.9992E-006,   2.0254E-011,   2.1345E-011,   2.0583E-011,   3.1057E-009,   2.8202E-009,   5.9747E-013,   5.0723E-012,   8.2933E-013,  
5.610,   7.5132E-008,   3.9608E-006,   3.3684E-011,   2.1632E-011,   2.0506E-011,   3.3442E-009,   2.6350E-009,   2.5415E-013,   9.4169E-012,   1.1084E-012,  
11.672,   7.1539E-008,   3.8576E-006,   3.3553E-011,   2.0275E-011,   1.9447E-011,   3.0334E-009,   2.5799E-009,   9.1494E-013,   7.5718E-012,   7.8474E-013,  
17.688,   7.0044E-008,   3.8207E-006,   3.1519E-011,   2.0483E-011,   1.9767E-011,   2.7778E-009,   2.7218E-009,   8.8551E-013,   7.0243E-012,   6.8665E-013,  
23.703,   6.7286E-008,   3.7924E-006,   3.2775E-011,   1.9907E-011,   1.8848E-011,   3.0488E-009,   2.5619E-009,   6.1263E-013,   7.2169E-012,   7.0181E-013,  
29.782,   6.9274E-008,   3.7971E-006,   3.3858E-011,   2.0181E-011,   1.7710E-011,   2.9892E-009,   2.4860E-009,   5.8855E-013,   8.6562E-012,   7.5442E-013,  
35.766,   7.2338E-008,   3.7719E-006,   3.2889E-011,   1.9328E-011,   1.8744E-011,   3.1545E-009,   2.6748E-009,   4.7441E-013,   8.0026E-012,   7.2856E-013,  
41.844,   7.1762E-008,   3.7875E-006,   7.6922E-012,   1.9000E-011,   1.9373E-011,   2.9512E-009,   2.6450E-009,   7.7850E-013,   6.9592E-012,   6.8397E-013,  
47.860,   6.6276E-008,   3.7584E-006,   3.1166E-011,   1.9717E-011,   1.8951E-011,   3.0416E-009,   2.8058E-009,   9.6844E-013,   5.6608E-012,   8.2041E-013,  
53.938,   6.5544E-008,   3.6976E-006,   6.0345E-012,   1.9146E-011,   1.9184E-011,   3.0903E-009,   2.7425E-009,   7.1607E-013,   8.3200E-012,   6.7951E-013,  
59.985,   6.9659E-008,   3.7001E-006,   3.0545E-011,   2.0219E-011,   1.9283E-011,   3.2394E-009,   2.6387E-009,   3.6116E-013,   6.5374E-012,   6.8308E-013,  
66.016,   6.9997E-008,   3.6543E-006,   3.1375E-011,   1.9041E-011,   1.8669E-011,   3.3604E-009,   2.6802E-009,   7.3213E-013,   7.5273E-012,   3.0052E-013,  
72.047,   6.6393E-008,   3.6570E-006,   3.2542E-011,   1.9166E-011,   1.8492E-011,   3.2827E-009,   2.4435E-009,   4.1823E-013,   6.4304E-012,   5.3951E-013,  
78.078,   6.5861E-008,   3.6419E-006,   3.3497E-011,   1.8851E-011,   1.6653E-011,   3.2258E-009,   2.7218E-009,   3.5402E-013,   6.8094E-012,   4.9135E-013,  
84.078,   6.5530E-008,   3.6404E-006,   3.3214E-011,   1.9396E-011,   1.9772E-011,   2.9187E-009,   2.7118E-009,   3.5135E-013,   4.2670E-012,   8.5786E-013,  
90.141,   6.7786E-008,   3.6500E-006,   3.2352E-011,   1.8920E-011,   1.8880E-011,   2.9106E-009,   2.6098E-009,   3.2371E-013,   7.9901E-012,   9.4169E-013,  
96.203,   6.8381E-008,   3.6371E-006,   8.0908E-012,   1.9541E-011,   2.8419E-011,   3.1084E-009,   3.2502E-009,   5.6359E-013,   4.5551E-012,   7.7404E-013,  
102.250,   6.5654E-008,   3.5962E-006,   3.3246E-011,   1.8807E-011,   1.3677E-010,   3.1084E-009,   3.3135E-009,   8.3824E-013,   4.4748E-012,   8.0257E-013,  
108.282,   6.2387E-008,   3.5915E-006,   3.1797E-011,   1.8352E-011,   2.2681E-010,   2.8753E-009,   3.0379E-009,   7.2767E-013,   4.0521E-012,   7.0002E-013,  
114.344,   6.6762E-008,   3.5902E-006,   5.3933E-012,   1.9062E-011,   1.4015E-010,   3.0551E-009,   2.6495E-009,   8.2130E-013,   7.0814E-012,   7.6869E-013,  
120.375,   6.4757E-008,   3.5716E-006,   3.2965E-011,   1.9248E-011,   6.4317E-011,   2.9584E-009,   2.5068E-009,   6.0996E-013,   8.5323E-012,   4.7709E-013,  
126.485,   6.5453E-008,   3.5406E-006,   7.8679E-012,   1.8854E-011,   3.2774E-011,   3.2791E-009,   2.5763E-009,   6.8754E-013,   4.8511E-012,   1.1941E-012,  
132.516,   6.0736E-008,   3.5186E-006,   3.2103E-011,   1.8679E-011,   1.9378E-011,   2.9883E-009,   2.5772E-009,   6.9021E-013,   9.1654E-012,   5.2881E-013,  
138.547,   6.1505E-008,   3.5132E-006,   9.7950E-012,   1.8873E-011,   2.0284E-011,   3.0108E-009,   2.3586E-009,   6.7327E-013,   8.1310E-012,   3.7364E-013,  
144.578,   6.3350E-008,   3.4970E-006,   3.2778E-011,   1.8646E-011,   1.9732E-011,   3.1716E-009,   2.7118E-009,   9.9787E-013,   4.3179E-012,   8.8105E-013,  
150.578,   6.1155E-008,   3.4427E-006,   3.3271E-011,   1.8862E-011,   1.9437E-011,   2.7353E-009,   2.1743E-009,   1.0879E-013,   6.6462E-012,   8.3370E-012,  
156.578,   6.2145E-008,   3.4385E-006,   3.1348E-011,   1.8443E-011,   1.7987E-011,   3.0063E-009,   2.2656E-009,   2.0243E-013,   4.7923E-012,   7.5442E-013,  
162.672,   6.2281E-008,   3.3853E-006,   3.0301E-011,   1.8063E-011,   1.8970E-011,   2.9603E-009,   2.2728E-009,   2.9784E-013,   7.1777E-012,   5.5110E-013,  
168.719,   5.7318E-008,   3.3936E-006,   3.1893E-011,   1.8337E-011,   1.9127E-011,   2.9205E-009,   2.2150E-009,   6.7505E-013,   8.5421E-012,   1.0737E-012,  
174.750,   6.1365E-008,   3.3867E-006,   3.1494E-011,   1.8688E-011,   1.5286E-011,   3.3098E-009,   2.4110E-009,   3.4689E-013,   4.3562E-012,   9.9430E-013,  
180.828,   5.7379E-008,   3.3500E-006,   3.2229E-011,   1.8041E-011,   1.8681E-011,   2.9178E-009,   2.2195E-009,   5.9391E-013,   8.4021E-012,   7.9098E-013,  
186.860,   6.0858E-008,   3.3355E-006,   3.0942E-011,   1.7158E-011,   1.7946E-011,   2.9196E-009,   2.2186E-009,   9.0067E-013,   3.7908E-012,   7.6245E-013,  
192.938,   5.8065E-008,   3.3186E-006,   8.8988E-012,   1.7840E-011,   1.8583E-011,   2.9404E-009,   2.5032E-009,   8.2754E-013,   6.8620E-012,   5.1276E-013,  
198.985,   5.8023E-008,   3.3156E-006,   3.0140E-011,   1.8239E-011,   1.6455E-011,   3.2005E-009,   2.2421E-009,   6.9556E-013,   5.6055E-012,   5.1097E-013,  
205.078,   5.5811E-008,   3.2931E-006,   3.1471E-011,   1.7678E-011,   1.8341E-011,   2.7398E-009,   2.1969E-009,   4.2715E-013,   7.6423E-012,   9.5952E-013,  
211.141,   5.5758E-008,   3.2717E-006,   3.0713E-011,   1.8956E-011,   1.7164E-011,   2.8555E-009,   2.0921E-009,   1.0130E-012,   7.3373E-012,   8.8105E-013,  
217.188,   5.5443E-008,   3.2674E-006,   3.0478E-011,   1.7805E-011,   1.7642E-011,   2.7281E-009,   2.3107E-009,   4.2180E-013,   4.4802E-012,   9.4436E-013,  
223.235,   5.3247E-008,   3.2339E-006,   3.1926E-011,   1.7328E-011,   1.7823E-011,   3.0587E-009,   2.3207E-009,   5.5021E-013,   4.4873E-012,   4.5479E-013,  
229.282,   5.4597E-008,   3.2081E-006,   3.0065E-011,   1.7468E-011,   1.8407E-011,   3.0434E-009,   2.0271E-009,   6.6792E-013,   7.7618E-012,   8.9086E-013,  
235.344,   5.3681E-008,   3.2026E-006,   3.0714E-011,   1.7941E-011,   1.7823E-011,   3.0271E-009,   2.1906E-009,   6.5722E-013,   7.5941E-012,   6.4919E-013,  
241.375,   5.3645E-008,   3.1771E-006,   3.0046E-011,   1.8320E-011,   1.8576E-011,   2.9946E-009,   2.1861E-009,   2.9606E-013,   7.9321E-012,   6.3849E-013,  
247.391,   5.4531E-008,   3.1478E-006,   2.9925E-011,   1.6708E-011,   1.7797E-011,   3.0714E-009,   2.2249E-009,   7.5174E-013,   7.2820E-012,   9.6131E-013,  
253.453,   5.2671E-008,   3.1399E-006,   3.1162E-011,   1.6549E-011,   1.7584E-011,   2.9196E-009,   1.9792E-009,   5.1276E-013,   7.2847E-012,   5.2346E-013,  
259.485,   5.0313E-008,   3.1200E-006,   3.1274E-011,   1.7264E-011,   1.7515E-011,   3.2385E-009,   2.1780E-009,   6.1709E-013,   6.8959E-012,   6.2422E-013,  
265.532,   5.1674E-008,   3.0967E-006,   9.2189E-012,   1.7116E-011,   1.7727E-011,   3.1752E-009,   2.2141E-009,   4.1556E-013,   3.9282E-012,   7.6512E-013,  
271.547,   5.3398E-008,   3.0950E-006,   9.9564E-012,   1.6829E-011,   1.7607E-011,   2.9530E-009,   2.3379E-009,   7.5977E-013,   7.9910E-012,   5.0651E-013,  
277.578,   5.1863E-008,   3.1106E-006,   3.1039E-011,   1.9489E-011,   1.7070E-011,   3.2773E-009,   2.1364E-009,   6.4919E-013,   3.8738E-012,   7.3748E-013,  
283.625,   5.2821E-008,   3.0802E-006,   2.9785E-011,   3.6098E-011,   1.7673E-011,   3.0768E-009,   1.9458E-009,   9.4080E-013,   8.4645E-012,   7.2053E-013,  
289.688,   5.2640E-008,   3.0704E-006,   3.0252E-011,   1.1339E-010,   1.8589E-011,   3.0840E-009,   2.3966E-009,   5.3059E-013,   9.0602E-012,   5.9034E-013,  
295.750,   5.2675E-008,   3.0467E-006,   3.1536E-011,   3.1558E-010,   1.8167E-011,   3.3586E-009,   2.0750E-009,   5.3237E-013,   7.1706E-012,   5.4218E-013,  
301.797,   5.4438E-008,   3.0478E-006,   3.0735E-011,   5.4729E-010,   1.8407E-011,   3.1147E-009,   2.1906E-009,   4.1556E-013,   6.6828E-012,   6.7416E-013,  
307.828,   5.0140E-008,   3.0540E-006,   2.9968E-011,   6.0849E-010,   1.8020E-011,   3.0181E-009,   2.2005E-009,   4.7976E-013,   5.9720E-012,   6.6614E-013,  
313.922,   5.1534E-008,   3.0448E-006,   3.0324E-011,   4.9759E-010,   1.8500E-011,   3.2421E-009,   2.2439E-009,   2.9249E-013,   7.6459E-012,   7.3302E-013,  
319.953,   5.4282E-008,   3.0521E-006,   2.9601E-011,   3.1874E-010,   1.7242E-011,   3.1310E-009,   2.1156E-009,   8.2665E-013,   5.1151E-012,   6.9735E-013,  
325.969,   5.2760E-008,   3.0222E-006,   4.3785E-012,   1.8281E-010,   1.7872E-011,   3.0253E-009,   1.8509E-009,   5.8677E-013,   4.6808E-012,   5.6894E-013,  
332.032,   5.2225E-008,   3.0382E-006,   2.8688E-011,   9.6449E-011,   1.8119E-011,   3.1057E-009,   2.1391E-009,   5.6359E-013,   5.7643E-012,   8.2398E-013,  
338.078,   5.2112E-008,   3.0383E-006,   6.0915E-012,   5.2113E-011,   1.7683E-011,   3.2430E-009,   2.0099E-009,   7.1964E-013,   4.7165E-012,   6.8397E-013,  
344.125,   5.0757E-008,   3.0168E-006,   2.9396E-011,   3.3189E-011,   1.7435E-011,   3.1337E-009,   1.9892E-009,   4.4498E-013,   5.1106E-012,   1.8548E-013,  
350.203,   5.2650E-008,   3.0108E-006,   2.7881E-011,   2.3526E-011,   1.7546E-011,   3.1689E-009,   2.0605E-009,   2.5861E-013,   5.3166E-012,   1.8994E-013,  
356.219,   5.3388E-008,   3.0184E-006,   2.8145E-011,   2.0833E-011,   1.7740E-011,   3.1581E-009,   2.1734E-009,   5.5467E-013,   7.6459E-012,   4.6103E-013,  
362.282,   5.4054E-008,   3.1065E-006,   2.8900E-011,   1.8806E-011,   1.7010E-011,   3.2674E-009,   2.1762E-009,   6.3849E-013,   5.8748E-012,   5.8499E-013,  
368.328,   5.2387E-008,   3.1224E-006,   2.8583E-011,   1.7807E-011,   1.7588E-011,   2.9910E-009,   2.2240E-009,   2.9784E-013,   9.3081E-012,   6.7416E-013,  
374.344,   5.3493E-008,   3.1156E-006,   5.5021E-013,   1.6973E-011,   1.6982E-011,   3.0524E-009,   1.8609E-009,   8.4270E-013,   8.7846E-012,   8.8372E-013,  
380.375,   5.5011E-008,   3.1110E-006,   9.4499E-012,   1.6971E-011,   1.8134E-011,   3.1373E-009,   2.0063E-009,   4.9581E-013,   4.1119E-012,   5.1543E-013,  
386.407,   5.1805E-008,   3.1034E-006,   8.5189E-012,   1.6756E-011,   1.8082E-011,   3.0425E-009,   1.9115E-009,   3.9950E-013,   6.2039E-012,   8.5430E-013,  
392.453,   5.1836E-008,   3.1009E-006,   2.7855E-011,   1.7224E-011,   1.7686E-011,   2.9810E-009,   1.9223E-009,   3.5313E-013,   6.8201E-012,   3.7899E-013,  
398.516,   5.1646E-008,   3.1140E-006,   2.7448E-011,   1.6874E-011,   1.7416E-011,   3.1075E-009,   2.1427E-009,   6.9556E-013,   6.7461E-012,   7.1697E-013,  
404.532,   5.2118E-008,   3.1049E-006,   2.8471E-011,   1.7282E-011,   1.8277E-011,   3.2520E-009,   1.9178E-009,   8.4092E-013,   7.5594E-012,   9.9519E-013,  
410.578,   4.9855E-008,   3.0828E-006,   2.9176E-011,   1.6392E-011,   1.7550E-011,   3.0343E-009,   2.0506E-009,   4.6371E-013,   6.5749E-012,   7.5977E-013,  
416.625,   5.1540E-008,   3.1048E-006,   7.2339E-012,   1.6935E-011,   1.7550E-011,   3.1725E-009,   1.8934E-009,   7.3569E-013,   7.5772E-012,   5.6537E-013,  
422.625,   5.3964E-008,   3.0946E-006,   2.6189E-011,   1.6354E-011,   1.7403E-011,   3.3288E-009,   2.1364E-009,   4.3607E-013,   7.4185E-012,   2.6931E-013,  
428.641,   5.3668E-008,   3.0959E-006,   2.9940E-011,   1.5543E-011,   1.7582E-011,   3.1762E-009,   2.1933E-009,  -6.3582E-013,   7.6200E-012,   4.2893E-013,  
434.657,   5.0545E-008,   3.1189E-006,   2.7514E-011,   1.5815E-011,   1.7199E-011,   3.1942E-009,   2.0199E-009,   2.6039E-013,   8.5394E-012,   6.0282E-013,  
440.641,   5.0982E-008,   3.1184E-006,   2.7383E-011,   1.7600E-011,   1.7397E-011,   3.0172E-009,   1.9991E-009,   5.3773E-013,   5.8579E-012,   5.5824E-013,  
446.641,   5.2538E-008,   3.0883E-006,   2.8087E-011,   1.7530E-011,   1.7672E-011,   3.0759E-009,   2.0000E-009,   3.2192E-013,   7.4131E-012,   6.5633E-013,  
452.641,   5.1934E-008,   3.0735E-006,   2.6636E-011,   1.6853E-011,   1.7283E-011,   3.0054E-009,   2.2249E-009,   1.2146E-012,   6.9869E-012,   5.6359E-013,  
458.641,   5.2308E-008,   3.0530E-006,   2.7563E-011,   1.6403E-011,   1.7334E-011,   3.1427E-009,   2.1328E-009,   3.2727E-013,   7.2624E-012,   5.6894E-013,  
464.641,   5.0568E-008,   3.0646E-006,   2.7609E-011,   1.6041E-011,   1.7704E-011,   3.0659E-009,   2.0985E-009,   4.9225E-013,   7.4051E-012,   6.0015E-013,  
470.641,   5.3622E-008,   3.0723E-006,   6.1771E-012,   1.5866E-011,   1.6492E-011,   3.2023E-009,   2.0912E-009,   6.4295E-013,   7.2776E-012,   5.1097E-013,  
476.641,   4.7504E-008,   3.0557E-006,   2.7849E-011,   1.5502E-011,   1.7001E-011,   3.0379E-009,   2.0099E-009,   6.3493E-013,   5.1820E-012,   2.1759E-013,  
482.672,   5.0974E-008,   3.0643E-006,   2.7949E-011,   1.6089E-011,   1.6969E-011,   3.0244E-009,   2.1960E-009,   4.2001E-013,   4.8199E-012,   5.2078E-013,  
488.688,   5.2278E-008,   3.0530E-006,   2.8268E-011,   1.5244E-011,   1.6752E-011,   3.2204E-009,   1.8166E-009,   8.8462E-013,   7.5558E-012,   5.6091E-013,  
494.735,   4.9940E-008,   3.0370E-006,   2.8250E-011,   1.5380E-011,   1.7527E-011,   2.9386E-009,   2.2204E-009,   5.2613E-013,   7.1973E-012,   5.0741E-013,  
500.719,   4.7954E-008,   3.0685E-006,   2.8969E-011,   1.7209E-011,   1.7972E-011,   3.1545E-009,   1.9042E-009,   6.3136E-013,   8.2888E-012,   9.0067E-013,  
506.735,   4.9732E-008,   3.0696E-006,   2.7347E-011,   1.6256E-011,   1.7324E-011,   3.3595E-009,   1.8040E-009,   7.7582E-013,   6.7835E-012,   5.3327E-013,  
512.735,   4.7080E-008,   3.0521E-006,   2.7515E-011,   1.5089E-011,   1.6851E-011,   3.1247E-009,   1.9964E-009,   5.7161E-013,   7.2571E-012,   4.9938E-013,  
518.735,   4.9551E-008,   3.0464E-006,   2.7354E-011,   1.6389E-011,   1.7573E-011,   3.1861E-009,   2.0840E-009,   7.8028E-013,   5.6483E-012,   6.2066E-013,  
524.735,   4.7893E-008,   3.0377E-006,   2.6944E-011,   1.5618E-011,   1.7428E-011,   3.0506E-009,   1.8338E-009,   1.0077E-013,   8.7097E-012,   3.7364E-013,  
530.735,   5.0024E-008,   3.0580E-006,   2.5904E-011,   1.5885E-011,   1.6922E-011,   3.2150E-009,   1.7127E-009,   5.5021E-013,   8.1399E-012,   1.0951E-012,  
536.735,   5.0191E-008,   3.0285E-006,   2.6628E-011,   1.6091E-011,   1.6982E-011,   3.3117E-009,   2.0334E-009,   9.6398E-013,   8.3200E-012,   6.3314E-013,  
542.735,   5.1764E-008,   3.0482E-006,   2.7488E-011,   1.6463E-011,   1.6819E-011,   3.3631E-009,   1.7091E-009,   8.3824E-013,   6.3189E-012,   6.0996E-013,  
548.750,   5.0810E-008,   3.0430E-006,   1.4991E-011,   1.6053E-011,   1.7237E-011,   3.2276E-009,   2.0885E-009,   9.6131E-013,   2.9401E-012,   6.5009E-013,  
554.766,   4.8696E-008,   3.0537E-006,   2.7995E-011,   1.6045E-011,   1.7673E-011,   3.3749E-009,   2.1120E-009,   5.3237E-013,   8.8078E-012,   8.0882E-013,  
560.797,   5.1575E-008,   3.0453E-006,   2.7477E-011,   1.6233E-011,   1.7060E-011,   3.0714E-009,   2.0777E-009,   4.8511E-013,   7.1028E-012,   4.6460E-013,  
566.844,   4.8646E-008,   3.0612E-006,   9.8645E-012,   1.5702E-011,   1.7310E-011,   3.4508E-009,   1.9765E-009,   6.3403E-013,   9.9822E-012,   8.0436E-013,  
572.875,   4.8612E-008,   3.0454E-006,   1.2424E-011,   1.6757E-011,   1.7662E-011,   3.0804E-009,   1.9901E-009,   6.7595E-013,   7.8893E-012,   7.1518E-013,  
578.891,   4.5662E-008,   3.0293E-006,   2.5643E-011,   1.4438E-011,   1.6989E-011,   3.2710E-009,   1.9395E-009,   5.0473E-013,   7.7814E-012,   4.0485E-013,  
584.985,   4.7779E-008,   3.0066E-006,   7.9767E-012,   1.6778E-011,   1.8036E-011,   2.9485E-009,   1.8374E-009,   6.1085E-013,   8.5367E-012,   6.9200E-013,  
591.032,   4.9346E-008,   3.0290E-006,   8.5394E-012,   1.6070E-011,   1.7357E-011,   3.1509E-009,   1.7227E-009,   1.0478E-012,   8.9371E-012,   5.7518E-013,  
597.078,   4.6263E-008,   3.0311E-006,   2.4495E-011,   1.6041E-011,   1.7095E-011,   3.0181E-009,   1.7769E-009,   4.2001E-013,   7.0555E-012,   5.5110E-013,  
603.094,   4.5872E-008,   3.0204E-006,   7.6423E-012,   1.6529E-011,   1.6529E-011,   3.1743E-009,   1.8509E-009,   5.1900E-013,   8.6901E-012,   6.0550E-013,  
609.078,   4.7014E-008,   3.0257E-006,   2.6802E-011,   1.6131E-011,   1.7259E-011,   3.1192E-009,   1.9828E-009,   6.4563E-013,   9.4811E-012,   4.6103E-013,  
615.141,   4.8481E-008,   3.0123E-006,   2.7263E-011,   1.4494E-011,   1.7191E-011,   3.2014E-009,   2.0687E-009,   2.7377E-013,   6.2003E-012,   5.1989E-013,  
621.188,   4.8186E-008,   3.0211E-006,   1.0112E-012,   1.5909E-011,   1.8009E-011,   3.1021E-009,   2.0063E-009,   7.1162E-013,   8.6865E-012,   7.2143E-013,  
627.235,   4.9801E-008,   2.9932E-006,   2.6439E-011,   1.7027E-011,   1.7642E-011,   3.0407E-009,   1.9756E-009,   4.4855E-013,   8.1096E-012,   3.3530E-013,  
633.282,   4.8370E-008,   3.1634E-006,   2.5663E-011,   1.5767E-011,   1.7813E-011,   2.9630E-009,   2.1942E-009,   8.1149E-013,   1.3813E-012,   1.1236E-013,  
639.344,   5.2666E-008,   3.1546E-006,   8.3441E-012,   1.6849E-011,   1.8641E-011,   3.4517E-009,   1.9214E-009,   6.2244E-013,   8.4021E-012,  -1.4803E-013,  
645.360,   4.7836E-008,   2.9817E-006,   2.5248E-011,   1.5958E-011,   1.7097E-011,   3.0199E-009,   1.7127E-009,   4.6995E-013,   4.9769E-012,   1.2823E-012,  
651.391,   4.2170E-008,   2.7375E-006,   2.5346E-011,   1.6685E-011,   1.6880E-011,   3.1816E-009,   1.6965E-009,   8.4270E-013,   6.7140E-012,   4.3696E-013,  
657.438,   4.0950E-008,   2.5458E-006,   2.5761E-011,   1.5697E-011,   1.7213E-011,   2.9819E-009,   1.6793E-009,   4.0218E-013,   3.5010E-012,   3.9415E-013,  
663.453,   3.9924E-008,   2.4590E-006,   6.8237E-012,   1.5400E-011,   1.5139E-011,   3.0876E-009,   1.9223E-009,   7.9009E-013,   6.1245E-012,   4.6639E-013,  
669.485,   3.4700E-008,   2.4395E-006,   6.5820E-012,   1.9971E-011,   1.8805E-011,   3.1256E-009,   1.7191E-009,   5.7607E-013,   6.8995E-012,   1.0282E-012,  
675.578,   3.6509E-008,   2.4285E-006,   2.5232E-011,   1.6421E-011,   1.6559E-011,   3.4011E-009,   1.6594E-009,   8.9799E-013,   7.2196E-012,   8.0257E-013,  
681.594,   3.6078E-008,   2.4198E-006,   2.5120E-011,   1.5222E-011,   1.6226E-011,   3.0596E-009,   1.9991E-009,   1.3644E-013,   6.9886E-012,   9.9965E-013,  
687.641,   3.5313E-008,   2.4414E-006,   2.3439E-011,   1.5865E-011,   1.7442E-011,   3.0452E-009,   1.6992E-009,   6.7416E-013,   8.6660E-012,   3.4867E-013,  
693.688,   3.6682E-008,   2.4176E-006,   2.6019E-011,   1.4864E-011,   1.6606E-011,   3.4390E-009,   1.9015E-009,   6.7060E-013,   1.1691E-012,   3.3619E-013,  
699.735,   4.6302E-008,   2.3897E-006,   2.4725E-011,   1.5267E-011,   1.6430E-011,   3.2331E-009,   1.8040E-009,   1.4981E-013,   6.7612E-012,   6.7327E-013,  
705.766,   3.5232E-008,   2.3485E-006,   2.2946E-011,   1.4697E-011,   1.3947E-011,   3.2367E-009,   1.8844E-009,   4.5212E-013,   6.7951E-012,   4.4677E-013,  
711.828,   3.5622E-008,   2.3055E-006,   2.3874E-011,   1.4423E-011,   1.5186E-011,   3.1608E-009,   1.6215E-009,   4.5747E-013,   7.4443E-012,   6.5454E-013,  
717.844,   3.0575E-008,   2.1596E-006,   2.4535E-011,   1.4609E-011,   1.6588E-011,   2.8871E-009,   1.7200E-009,   4.8957E-013,   7.3525E-012,   4.6728E-013,  
723.891,   3.0197E-008,   1.7546E-006,   2.5227E-011,   1.5919E-011,   2.1080E-011,   3.4860E-009,   1.7703E-006,   2.5772E-013,   8.9014E-012,   9.0513E-013,  
729.969,   3.3608E-008,   1.7308E-006,   8.3628E-012,   3.7972E-011,   6.3504E-011,   3.2267E-009,   2.7637E-006,   3.4332E-013,   9.2394E-012,   7.4372E-012,  
735.969,   3.5303E-008,   1.7806E-006,   2.7762E-011,   4.6643E-011,   7.1314E-011,   3.3957E-009,   2.9842E-006,   2.9026E-012,   1.0575E-011,   6.1620E-012,  
742.032,   3.6497E-008,   1.8381E-006,   2.9169E-011,   4.7594E-011,   7.4845E-011,   3.5872E-009,   3.0105E-006,   8.0971E-013,   1.1197E-011,   7.9277E-012,  
748.063,   3.6790E-008,   1.9072E-006,   2.6423E-011,   5.1895E-011,   7.4745E-011,   3.6820E-009,   2.9266E-006,   5.9934E-012,   1.1334E-011,   7.6682E-012,  
754.094,   3.9386E-008,   1.9777E-006,   2.7047E-011,   4.9940E-011,   8.3742E-011,   3.4164E-009,   2.7930E-006,   9.8182E-013,   1.1952E-011,   6.8032E-012,  
760.110,   4.1195E-008,   2.0608E-006,   2.7833E-011,   4.9108E-011,   8.9391E-011,   3.4806E-009,   2.6555E-006,   9.0602E-013,   1.0841E-011,   7.7190E-012,  
766.172,   4.1670E-008,   2.1209E-006,   1.2106E-011,   4.7177E-011,   1.0298E-010,   3.2900E-009,   2.4832E-006,   5.3951E-013,   1.1767E-011,   7.4524E-012,  
772.172,   4.2482E-008,   2.1892E-006,   2.8433E-011,   4.8047E-011,   1.0908E-010,   3.3948E-009,   2.3048E-006,   7.3926E-013,   1.1299E-011,   9.4508E-012,  
778.219,   4.2686E-008,   2.2820E-006,   2.7166E-011,   4.6464E-011,   1.1566E-010,   3.4580E-009,   2.1269E-006,   6.6525E-013,   1.0386E-011,   6.5811E-012,  
784.250,   4.4189E-008,   2.3431E-006,   2.7511E-011,   4.2931E-011,   1.2268E-010,   3.6016E-009,   1.9361E-006,   7.8563E-013,   9.9707E-012,   5.7848E-012,  
790.313,   4.2990E-008,   2.4285E-006,   2.7936E-011,   4.0800E-011,   1.3056E-010,   3.4011E-009,   1.7430E-006,   4.4677E-013,   1.0237E-011,   7.5522E-012,  
796.313,   4.4890E-008,   2.4825E-006,   2.8444E-011,   3.8030E-011,   1.3665E-010,   3.2150E-009,   1.5406E-006,   1.0014E-012,   8.8221E-012,   6.0202E-012,  
802.344,   4.4446E-008,   2.5524E-006,   2.8545E-011,   3.6914E-011,   1.3982E-010,   3.3288E-009,   1.3466E-006,   1.7122E-013,   8.5082E-012,   9.4169E-013,  
808.407,   4.5150E-008,   2.6377E-006,   8.2897E-012,   3.4949E-011,   1.3457E-010,   3.6468E-009,   1.1496E-006,   4.7619E-013,   7.1715E-012,   7.8608E-012,  
814.453,   4.6473E-008,   2.7055E-006,   2.4956E-011,   3.1639E-011,   1.2306E-010,   3.4526E-009,   9.6850E-007,   1.9975E-013,   7.1643E-012,   9.8449E-013,  
820.453,   4.9286E-008,   2.7457E-006,   9.1003E-012,   2.8698E-011,   1.1007E-010,   3.3631E-009,   7.8210E-007,   8.4716E-014,   6.6257E-012,   5.7536E-012,  
826.516,   4.6933E-008,   2.7971E-006,   2.6863E-011,   2.5616E-011,   9.4708E-011,   3.3631E-009,   6.0653E-007,   3.2014E-013,   6.4340E-012,   9.3990E-013,  
832.578,   4.3504E-008,   2.8199E-006,   8.4226E-012,   2.4694E-011,   7.5273E-011,   3.4354E-009,   4.6076E-007,   4.8690E-013,   5.1677E-012,   1.2895E-012,  
838.641,   4.7295E-008,   2.8564E-006,   2.5863E-011,   2.2049E-011,   5.9971E-011,   3.3270E-009,   3.3229E-007,   2.4166E-013,   6.1067E-012,   6.1442E-013,  
844.703,   4.4998E-008,   2.8768E-006,   6.6828E-012,   2.0796E-011,   4.4758E-011,   3.3785E-009,   2.3260E-007,  -7.0448E-014,   4.4427E-012,   6.5544E-013,  
850.719,   4.6951E-008,   2.8670E-006,   7.6468E-012,   1.9660E-011,   3.4105E-011,   3.3884E-009,   1.5949E-007,   4.0931E-013,   4.7753E-012,   4.9135E-013,  
856.766,   4.5379E-008,   2.8715E-006,   1.0038E-011,   1.8723E-011,   2.7028E-011,   3.5068E-009,   1.1224E-007,   3.1568E-013,   9.1583E-012,   9.2474E-013,  
862.828,   4.8167E-008,   2.8609E-006,   2.6617E-011,   1.5282E-011,   2.3894E-011,   3.5501E-009,   8.3016E-008,   1.4803E-013,   8.1140E-012,   5.3505E-013,  
868.891,   4.8877E-008,   2.8477E-006,   2.6202E-011,   1.7515E-011,   2.2788E-011,   2.9494E-009,   6.3435E-008,   5.4308E-013,   4.8440E-012,   7.1162E-013,  
874.938,   4.5477E-008,   2.8458E-006,   2.3850E-011,   1.6041E-011,   2.0813E-011,   3.2394E-009,   5.1257E-008,   1.0879E-013,   6.0559E-012,   4.1020E-013,  
880.985,   4.6665E-008,   2.8600E-006,   2.5551E-011,   1.7380E-011,   2.1179E-011,   3.7949E-009,   4.2481E-008,   6.9556E-014,   7.2134E-012,   4.7530E-013,  
887.078,   4.4605E-008,   2.8709E-006,   1.0038E-011,   1.7030E-011,   1.9783E-011,   3.1120E-009,   3.6389E-008,   3.9415E-013,   6.7746E-012,   7.7047E-013,  
893.125,   4.4353E-008,   2.8460E-006,   2.4998E-011,   1.6523E-011,   1.8407E-011,   3.2999E-009,   3.2753E-008,   3.4689E-013,   7.3988E-012,   6.4830E-013,  
899.157,   4.3237E-008,   2.8487E-006,   2.4783E-011,   1.6002E-011,   1.8862E-011,   3.4246E-009,   2.9114E-008,   6.0282E-013,   8.4796E-012,   2.2561E-013,  
905.203,   4.6637E-008,   2.8644E-006,   2.5721E-011,   1.6219E-011,   1.8711E-011,   3.3857E-009,   2.6367E-008,   3.1390E-013,   7.4336E-012,   3.3173E-013,  
911.235,   4.3585E-008,   2.8480E-006,   2.4112E-011,   1.5224E-011,   1.7967E-011,   3.0479E-009,   2.4681E-008,   3.9237E-013,   6.9146E-012,   4.6728E-013,  
917.250,   4.4608E-008,   2.8642E-006,   2.2407E-011,   1.6211E-011,   1.7911E-011,   3.4119E-009,   2.2820E-008,   3.1835E-013,   6.6052E-012,   5.5288E-013,  
923.266,   4.7605E-008,   2.8448E-006,   7.2089E-012,   1.6191E-011,   1.7978E-011,   3.4688E-009,   2.1408E-008,   1.5606E-013,   7.7110E-012,   6.1085E-013,  
929.313,   4.6092E-008,   2.8461E-006,   2.3088E-011,   1.6228E-011,   1.7907E-011,   3.1129E-009,   2.0201E-008,   2.6128E-013,   7.2036E-012,   3.3708E-013,  
935.360,   4.5005E-008,   2.8259E-006,   5.4994E-012,   1.6640E-011,   1.8066E-011,   3.1545E-009,   1.9045E-008,   6.1085E-013,   7.7484E-012,   5.7518E-013,  
941.407,   4.4571E-008,   2.8382E-006,   2.3031E-011,   2.0750E-011,   1.9931E-011,   3.5402E-009,   1.8132E-008,   3.5492E-013,   8.6839E-012,   6.9378E-013,  
947.453,   4.5651E-008,   2.8441E-006,   2.3813E-011,   1.6819E-011,   1.7128E-011,   3.4833E-009,   1.7977E-008,   3.0052E-013,   5.4156E-012,   2.5682E-013,  
953.500,   4.7304E-008,   2.8322E-006,   2.4602E-011,   1.6645E-011,   1.7304E-011,   3.2728E-009,   1.7211E-008,   4.1466E-013,   4.2563E-012,   2.6842E-013,  
959.563,   4.4229E-008,   2.8336E-006,   2.3924E-011,   1.5902E-011,   1.6799E-011,   3.9024E-009,   1.6643E-008,  -3.7543E-013,   5.9613E-012,   6.7327E-013,  
965.594,   4.4941E-008,   2.8329E-006,   2.3584E-011,   1.8549E-011,   1.4535E-011,   3.3071E-009,   1.5878E-008,   3.5313E-013,   6.6614E-012,  -8.9175E-014,  
971.625,   4.6566E-008,   2.8421E-006,   2.4472E-011,   3.1258E-011,   1.7429E-011,   3.4101E-009,   1.4312E-008,   5.1721E-013,   7.2802E-012,   5.6715E-013,  
977.703,   4.5119E-008,   2.8475E-006,   2.3334E-011,   7.0190E-011,   1.7197E-011,   3.4950E-009,   1.1704E-008,   2.7377E-013,   8.3298E-012,   5.5021E-013,  
983.782,   4.3630E-008,   2.8366E-006,   2.4326E-011,   1.6329E-010,   1.5994E-011,   3.4806E-009,   9.1030E-009,   2.0867E-013,   8.3619E-012,   1.6051E-014,  
989.797,   4.4271E-008,   2.8297E-006,   2.2985E-011,   3.0886E-010,   1.7526E-011,   3.3478E-009,   7.8771E-009,   3.5313E-013,   7.5897E-012,  -2.8358E-013,  
995.797,   4.2288E-008,   2.8159E-006,   2.4793E-011,   4.7581E-010,   1.6863E-011,   3.5628E-009,   7.0587E-009,   5.3505E-014,   6.3751E-012,   5.4932E-013,  
1001.828,   4.4737E-008,   2.8260E-006,   6.7077E-012,   6.4292E-010,   1.7339E-011,   3.4490E-009,   6.6947E-009,   6.0996E-013,   6.4420E-012,   8.4716E-013,  
1007.860,   4.4702E-008,   2.8135E-006,   2.3494E-011,   7.9328E-010,   1.7294E-011,   3.4752E-009,   6.3650E-009,   6.7773E-013,   8.2630E-012,   6.5365E-013,  
1013.953,   4.4902E-008,   2.8066E-006,   2.4536E-011,   8.9455E-010,   1.7199E-011,   3.0181E-009,   5.7164E-009,   5.1008E-013,   8.3744E-012,   4.1556E-013,  
1020.016,   4.5407E-008,   2.8066E-006,   6.4465E-012,   9.5641E-010,   1.7234E-011,   3.7182E-009,   5.7471E-009,   4.6728E-013,   7.3828E-012,   7.4015E-013,  
1026.063,   4.2507E-008,   2.8140E-006,   2.4416E-011,   9.4932E-010,   1.7198E-011,   3.1247E-009,   5.9350E-009,   4.2358E-013,   4.6514E-012,   5.8142E-013,  
1032.172,   4.1872E-008,   2.8097E-006,   2.4188E-011,   8.7472E-010,   1.7259E-011,   2.9937E-009,   6.0054E-009,   2.9428E-013,   7.9892E-012,   5.4753E-013,  
1038.203,   4.5039E-008,   2.8073E-006,   2.4615E-011,   7.6021E-010,   1.7622E-011,   3.4860E-009,   5.6206E-009,   3.4957E-013,   7.2490E-012,   5.0473E-013,  
1044.235,   4.4686E-008,   2.8129E-006,   6.1611E-012,   6.1343E-010,   1.7817E-011,   3.6576E-009,   5.5709E-009,   3.2281E-013,   8.2531E-012,   9.2831E-013,  
1050.297,   2.1626E-009,   6.0868E-007,   2.2873E-011,   3.9891E-010,   1.5938E-011,   2.7109E-009,   2.7362E-009,   3.9415E-013,   6.8602E-012,   2.4166E-013,  
1056.313,   3.3319E-008,   2.2588E-006,   2.3325E-011,   1.9808E-010,   1.5915E-011,   3.2403E-009,   4.7724E-009,   3.5402E-013,   7.8180E-012,   6.0799E-012,  
1062.375,   3.3255E-008,   2.2729E-006,   3.2727E-012,   2.1024E-010,   1.6208E-011,   3.2313E-009,   4.5221E-009,   3.9059E-013,   6.4001E-012,   9.5417E-013,  
1068.391,   3.2027E-008,   2.2668E-006,   2.4768E-011,   1.6634E-010,   1.6214E-011,   3.2114E-009,   4.4571E-009,   6.9378E-013,   5.9596E-012,   9.0013E-012,  
1074.407,   3.5256E-008,   2.2722E-006,   5.9542E-012,   1.2036E-010,   1.6118E-011,   3.6838E-009,   4.3550E-009,   7.9455E-013,   9.1485E-012,   6.7425E-012,  
1080.500,   3.4846E-008,   2.2684E-006,   2.2374E-011,   8.5241E-011,   1.5241E-011,   3.4029E-009,   4.3135E-009,   1.1860E-012,   6.2351E-012,   7.5540E-012,  
1086.532,   3.4001E-008,   2.2762E-006,   2.2698E-011,   6.2256E-011,   1.5965E-011,   3.1915E-009,   4.3180E-009,   7.5059E-012,   6.3412E-012,   7.3115E-012,  
1092.594,   3.1778E-008,   2.2578E-006,   2.1384E-011,   4.7416E-011,   1.6141E-011,   3.4074E-009,   4.2963E-009,   7.5433E-012,   6.2048E-012,   1.1050E-011,  
1098.625,   3.3521E-008,   2.2593E-006,   2.1927E-011,   3.8350E-011,   1.6018E-011,   3.5402E-009,   4.3035E-009,   8.3824E-012,   6.7354E-012,   1.3286E-011,  
1104.641,   3.4091E-008,   2.2664E-006,   2.2077E-011,   3.1754E-011,   1.5830E-011,   3.3379E-009,   4.5384E-009,   7.6744E-012,   6.3716E-012,   1.6463E-011,  
1110.703,   3.3673E-008,   2.2742E-006,   5.5583E-012,   2.7553E-011,   1.6438E-011,   3.0497E-009,   4.2990E-009,   7.8260E-012,   7.8215E-012,   1.8757E-011,  
1116.750,   3.2864E-008,   2.2619E-006,   2.2629E-011,   2.6113E-011,   1.6572E-011,   3.3731E-009,   4.4327E-009,   6.8121E-012,   6.1317E-012,   1.8890E-011,  
1122.828,   3.2732E-008,   2.2748E-006,   2.0568E-011,   2.3756E-011,   1.5955E-011,   3.1825E-009,   4.4544E-009,   9.5096E-012,   7.1572E-012,   1.9106E-011,  
1128.891,   3.3183E-008,   2.2603E-006,   6.3760E-012,   2.2293E-011,   1.6154E-011,   3.4986E-009,   4.2439E-009,   8.0757E-012,   6.6935E-012,   1.9054E-011,  
1134.938,   3.2447E-008,   2.2502E-006,   2.3589E-011,   2.1644E-011,   1.6210E-011,   3.1644E-009,   4.2331E-009,   7.2562E-012,   9.0691E-012,   1.7033E-011,  
1140.985,   3.4201E-008,   2.2487E-006,   6.4277E-012,   2.1250E-011,   1.5511E-011,   3.2051E-009,   3.8808E-009,   7.8510E-012,   7.3605E-012,   1.4010E-011,  
1147.000,   3.3829E-008,   2.2659E-006,   5.7919E-012,   1.9881E-011,   1.5659E-011,   3.2945E-009,   4.0976E-009,   7.6414E-012,   6.4884E-012,   1.1778E-011,  
1153.047,   3.3132E-008,   2.2536E-006,   7.6949E-012,   2.0439E-011,   1.6586E-011,   3.0488E-009,   4.0876E-009,   5.6564E-012,   6.3359E-012,   1.0038E-011,  
1159.094,   3.3531E-008,   2.2633E-006,   2.2232E-011,   1.9229E-011,   1.6095E-011,   3.1771E-009,   3.8257E-009,   1.2502E-012,   6.6765E-012,   1.0212E-011,  
1165.141,   3.5202E-008,   2.2656E-006,   6.4803E-012,   1.7926E-011,   1.5327E-011,   3.1599E-009,   4.0217E-009,   7.4220E-012,   7.0038E-012,   1.0049E-011,  
1171.188,   3.0855E-008,   2.2751E-006,   2.1736E-011,   1.8968E-011,   1.5800E-011,   3.1572E-009,   3.6712E-009,   7.6245E-013,   7.3097E-012,   7.4390E-012,  
1177.250,   3.4120E-008,   2.2586E-006,   2.2640E-011,   1.9577E-011,   1.5976E-011,   3.0641E-009,   3.9973E-009,   8.2933E-013,   7.5085E-012,   7.2160E-012,  
1183.328,   3.2285E-008,   2.2563E-006,   2.2950E-011,   1.8282E-011,   1.4670E-011,   3.3044E-009,   4.0741E-009,   4.2536E-013,   7.8857E-012,   8.0525E-012,  
1189.391,   3.3822E-008,   2.2595E-006,   2.1455E-011,   1.7875E-011,   1.5346E-011,   3.2584E-009,   3.9494E-009,   3.4778E-013,   6.7942E-012,   9.0620E-012,  
1195.438,   3.2958E-008,   2.2478E-006,   2.1716E-011,   1.7487E-011,   1.5392E-011,   3.1319E-009,   3.8374E-009,   8.4449E-013,   8.3423E-012,   1.3421E-012,  
1201.485,   3.1779E-008,   2.2397E-006,   2.2197E-011,   1.7104E-011,   1.5830E-011,   3.2222E-009,   3.7182E-009,   5.3148E-013,   5.8401E-012,   1.2360E-012,  
1207.547,   3.0587E-008,   2.2590E-006,   2.2239E-011,   1.7241E-011,   1.5108E-011,   3.0063E-009,   3.6278E-009,   2.6128E-013,   7.3525E-012,   1.0639E-012,  
1213.610,   3.2385E-008,   2.2379E-006,   6.3270E-012,   1.6416E-011,   1.6254E-011,   3.6893E-009,   3.4779E-009,   3.5313E-013,   6.9797E-012,   1.1495E-012,  
1219.657,   3.4000E-008,   2.2519E-006,   2.2454E-011,   1.5935E-011,   1.5363E-011,   3.4390E-009,   4.0614E-009,   4.5925E-013,   7.5692E-012,   9.4971E-013,  
1225.703,   3.2880E-008,   2.2553E-006,   2.0957E-011,   1.6638E-011,   1.5436E-011,   3.3695E-009,   3.7109E-009,   4.3607E-013,   6.9146E-012,   7.8741E-013,  
1231.735,   3.4057E-008,   2.2432E-006,   2.0424E-011,   1.5993E-011,   1.5022E-011,   3.1229E-009,   3.9855E-009,   9.1850E-014,   6.8228E-012,   9.7914E-013,  
1237.797,   3.2542E-008,   2.2363E-006,   2.1844E-011,   1.5404E-011,   1.4988E-011,   3.5176E-009,   3.7570E-009,   2.8179E-013,   8.0222E-012,   5.6180E-013,  
1243.782,   3.3871E-008,   2.2504E-006,   2.0431E-011,   1.5129E-011,   1.5414E-011,   3.5375E-009,   3.8004E-009,   4.9046E-013,   6.8763E-012,   1.1361E-012,  
1249.828,   3.3808E-008,   2.2477E-006,   2.1320E-011,   1.5518E-011,   1.5310E-011,   3.3957E-009,   3.6143E-009,   4.1199E-013,   6.2815E-012,   4.3874E-013,  
1255.891,   3.1369E-008,   2.2585E-006,   6.4144E-012,   1.5875E-011,   1.5993E-011,   3.2638E-009,   4.0750E-009,   6.6614E-013,   8.2077E-012,   6.1887E-013,  
1261.907,   3.3838E-008,   2.2515E-006,   2.2273E-011,   1.6127E-011,   1.6203E-011,   3.3008E-009,   3.9024E-009,   3.3797E-013,   8.0596E-012,   4.5925E-013,  
1267.985,   3.4682E-008,   2.2472E-006,   2.0781E-011,   1.5509E-011,   1.5119E-011,   3.1888E-009,   3.9214E-009,   1.6051E-013,   7.0145E-012,   1.7924E-013,  
1274.063,   3.3683E-008,   2.2460E-006,   3.7882E-012,   1.5046E-011,   1.4538E-011,   3.5872E-009,   3.6712E-009,   4.0129E-013,   8.2897E-012,   2.5326E-013,  
1280.078,   2.4481E-009,   5.4354E-007,   6.6587E-012,   1.5269E-011,   1.5075E-011,   2.9106E-009,   2.3659E-009,   3.6562E-013,   7.9250E-012,   1.0398E-012,  
1286.125,   2.0985E-009,   4.6920E-007,   9.1253E-012,   1.2907E-011,   1.2620E-011,   2.7353E-009,   1.8473E-009,   3.5670E-015,   6.1477E-012,  -1.1013E-012,  
1292.157,   1.4779E-009,   4.1638E-008,   7.6806E-012,   1.3221E-011,   1.3731E-011,   1.7660E-009,   1.6089E-009,   4.2804E-013,   6.6409E-012,   4.6817E-013,  
