Aug 04, 2026  03:22:07 PM
Residual Gas Analyzer Software 
Software Version, 3.214.004

Analog Scan Setup:

Data Points in Scan, 891 
Units, Torr 
Noise Floor, 2 
CEM Status, OFF 
Points Per AMU, 10
Scan Start Mass, 1, amu 
Scan Stop Mass, 90, amu
Focus Voltage, 90, Volts 
Ion Energy, HIGH 
Electron Energy, 70, eV 
CEM Voltage, 1159, Volts
CEM Gain, 1.01E+003 
Sensitivity Factor, 1.11E-004 
Filament Current, 1.00, mAmps


  1.00,  -8.92E-015, 
  1.10,   1.39E-012, 
  1.20,   3.58E-013, 
  1.30,   1.48E-012, 
  1.40,   2.35E-012, 
  1.50,   1.27E-011, 
  1.60,   3.88E-011, 
  1.70,   5.62E-011, 
  1.80,   6.65E-011, 
  1.90,   7.46E-011, 
  2.00,   8.32E-011, 
  2.10,   8.37E-011, 
  2.20,   7.41E-011, 
  2.30,   4.71E-011, 
  2.40,   1.43E-011, 
  2.50,   4.06E-012, 
  2.60,   1.51E-012, 
  2.70,   2.54E-012, 
  2.80,  -4.26E-013, 
  2.90,  -2.63E-013, 
  3.00,  -1.39E-013, 
  3.10,   1.96E-013, 
  3.20,   4.37E-013, 
  3.30,   1.97E-012, 
  3.40,   3.67E-012, 
  3.50,   4.64E-012, 
  3.60,   9.13E-012, 
  3.70,   1.21E-011, 
  3.80,   1.74E-011, 
  3.90,   2.64E-011, 
  4.00,   3.59E-011, 
  4.10,   3.71E-011, 
  4.20,   3.18E-011, 
  4.30,   1.87E-011, 
  4.40,   9.29E-012, 
  4.50,   4.95E-012, 
  4.60,   2.21E-012, 
  4.70,  -1.71E-012, 
  4.80,  -9.41E-013, 
  4.90,  -5.09E-013, 
  5.00,  -2.14E-013, 
  5.10,   2.59E-014, 
  5.20,   1.87E-014, 
  5.30,  -1.37E-013, 
  5.40,  -9.45E-014, 
  5.50,   2.54E-013, 
  5.60,   2.15E-013, 
  5.70,   8.20E-014, 
  5.80,  -8.65E-014, 
  5.90,  -4.64E-014, 
  6.00,   1.26E-013, 
  6.10,   2.10E-013, 
  6.20,   3.12E-013, 
  6.30,  -1.96E-013, 
  6.40,  -3.58E-013, 
  6.50,  -1.21E-013, 
  6.60,   4.90E-014, 
  6.70,  -4.64E-014, 
  6.80,  -1.94E-013, 
  6.90,  -2.00E-013, 
  7.00,   2.05E-014, 
  7.10,   1.44E-013, 
  7.20,   1.12E-013, 
  7.30,   3.25E-013, 
  7.40,   1.75E-013, 
  7.50,  -3.83E-014, 
  7.60,   9.81E-015, 
  7.70,   1.99E-013, 
  7.80,   1.07E-013, 
  7.90,  -8.03E-014, 
  8.00,   1.12E-013, 
  8.10,   3.21E-014, 
  8.20,  -2.46E-013, 
  8.30,  -1.20E-013, 
  8.40,  -1.21E-013, 
  8.50,   3.57E-015, 
  8.60,  -7.76E-014, 
  8.70,  -2.51E-013, 
  8.80,  -8.03E-015, 
  8.90,  -2.47E-013, 
  9.00,  -1.78E-013, 
  9.10,  -2.10E-013, 
  9.20,  -3.73E-013, 
  9.30,  -2.23E-013, 
  9.40,  -2.77E-013, 
  9.50,  -5.53E-014, 
  9.60,   3.21E-014, 
  9.70,   2.68E-014, 
  9.80,  -1.34E-014, 
  9.90,   3.12E-014, 
 10.00,   4.46E-015, 
 10.10,  -3.21E-014, 
 10.20,  -1.54E-013, 
 10.30,  -1.28E-013, 
 10.40,  -2.44E-013, 
 10.50,  -4.01E-013, 
 10.60,  -3.76E-013, 
 10.70,  -2.76E-013, 
 10.80,  -1.27E-013, 
 10.90,  -1.63E-013, 
 11.00,  -1.32E-013, 
 11.10,  -1.25E-014, 
 11.20,   3.12E-014, 
 11.30,   8.38E-014, 
 11.40,   9.90E-014, 
 11.50,   1.10E-013, 
 11.60,   2.21E-013, 
 11.70,   2.08E-013, 
 11.80,   5.47E-013, 
 11.90,   3.25E-013, 
 12.00,   3.69E-013, 
 12.10,   3.98E-013, 
 12.20,   1.73E-013, 
 12.30,  -2.05E-014, 
 12.40,  -2.68E-013, 
 12.50,  -6.42E-014, 
 12.60,   2.50E-014, 
 12.70,   2.41E-014, 
 12.80,   1.92E-013, 
 12.90,   1.16E-013, 
 13.00,   1.36E-013, 
 13.10,   6.60E-014, 
 13.20,   1.97E-013, 
 13.30,   1.38E-013, 
 13.40,   9.36E-013, 
 13.50,   4.93E-012, 
 13.60,   6.81E-012, 
 13.70,   9.67E-012, 
 13.80,   1.23E-011, 
 13.90,   1.64E-011, 
 14.00,   1.81E-011, 
 14.10,   1.78E-011, 
 14.20,   1.47E-011, 
 14.30,   7.93E-012, 
 14.40,   3.47E-012, 
 14.50,   2.05E-012, 
 14.60,   1.56E-012, 
 14.70,   1.52E-012, 
 14.80,   1.50E-012, 
 14.90,   1.62E-012, 
 15.00,   1.95E-012, 
 15.10,   1.90E-012, 
 15.20,   1.73E-012, 
 15.30,  -9.27E-014, 
 15.40,  -1.41E-012, 
 15.50,  -7.74E-013, 
 15.60,   5.73E-013, 
 15.70,   1.21E-012, 
 15.80,   1.68E-012, 
 15.90,   3.19E-012, 
 16.00,   3.80E-012, 
 16.10,   3.23E-012, 
 16.20,   2.47E-012, 
 16.30,   1.32E-012, 
 16.40,   5.75E-013, 
 16.50,   1.01E-013, 
 16.60,  -1.52E-012, 
 16.70,  -7.40E-014, 
 16.80,  -8.56E-014, 
 16.90,   1.99E-013, 
 17.00,  -1.94E-012, 
 17.10,  -1.17E-012, 
 17.20,  -8.60E-013, 
 17.30,   3.13E-013, 
 17.40,  -1.02E-013, 
 17.50,  -6.28E-013, 
 17.60,  -1.71E-013, 
 17.70,  -1.80E-012, 
 17.80,   3.96E-013, 
 17.90,   2.11E-012, 
 18.00,   9.68E-013, 
 18.10,  -5.87E-013, 
 18.20,  -2.30E-012, 
 18.30,   8.51E-013, 
 18.40,   9.01E-014, 
 18.50,  -3.48E-014, 
 18.60,   1.11E-013, 
 18.70,   3.01E-013, 
 18.80,   8.65E-014, 
 18.90,   2.06E-012, 
 19.00,  -9.78E-013, 
 19.10,  -4.92E-013, 
 19.20,  -5.02E-013, 
 19.30,  -1.86E-013, 
 19.40,   3.83E-014, 
 19.50,   2.99E-013, 
 19.60,   3.86E-012, 
 19.70,   3.18E-012, 
 19.80,   2.89E-012, 
 19.90,   2.95E-012, 
 20.00,   3.10E-012, 
 20.10,  -9.63E-014, 
 20.20,   5.79E-013, 
 20.30,   1.09E-012, 
 20.40,  -2.95E-013, 
 20.50,   1.36E-013, 
 20.60,   3.03E-014, 
 20.70,   3.12E-014, 
 20.80,  -8.03E-014, 
 20.90,  -1.88E-013, 
 21.00,  -2.45E-013, 
 21.10,  -1.15E-013, 
 21.20,  -2.46E-013, 
 21.30,  -1.82E-013, 
 21.40,  -7.13E-014, 
 21.50,   2.42E-013, 
 21.60,   1.09E-013, 
 21.70,  -1.73E-013, 
 21.80,   1.19E-013, 
 21.90,   4.19E-014, 
 22.00,   6.69E-014, 
 22.10,   4.46E-015, 
 22.20,   2.12E-013, 
 22.30,   2.37E-013, 
 22.40,   6.60E-014, 
 22.50,   2.42E-013, 
 22.60,   3.30E-014, 
 22.70,  -1.52E-013, 
 22.80,   1.78E-014, 
 22.90,   1.49E-013, 
 23.00,   8.92E-016, 
 23.10,   3.57E-015, 
 23.20,  -2.44E-013, 
 23.30,  -1.25E-013, 
 23.40,   2.94E-014, 
 23.50,   3.04E-013, 
 23.60,   5.89E-014, 
 23.70,   4.46E-015, 
 23.80,   2.62E-013, 
 23.90,  -6.87E-014, 
 24.00,  -3.57E-014, 
 24.10,  -8.83E-014, 
 24.20,  -3.58E-013, 
 24.30,  -2.18E-013, 
 24.40,  -9.10E-014, 
 24.50,  -2.38E-013, 
 24.60,  -1.03E-013, 
 24.70,  -6.33E-014, 
 24.80,  -5.62E-014, 
 24.90,  -4.55E-014, 
 25.00,  -1.75E-013, 
 25.10,  -4.74E-013, 
 25.20,  -1.37E-013, 
 25.30,   7.67E-014, 
 25.40,   7.76E-014, 
 25.50,  -6.60E-014, 
 25.60,  -1.12E-013, 
 25.70,  -3.91E-013, 
 25.80,  -2.85E-013, 
 25.90,  -2.90E-013, 
 26.00,  -1.60E-013, 
 26.10,  -2.11E-013, 
 26.20,  -1.77E-013, 
 26.30,  -1.97E-013, 
 26.40,  -1.75E-013, 
 26.50,   9.10E-014, 
 26.60,   1.17E-013, 
 26.70,   3.12E-014, 
 26.80,   3.01E-013, 
 26.90,   2.35E-013, 
 27.00,   5.89E-013, 
 27.10,   3.16E-012, 
 27.20,   4.28E-012, 
 27.30,   5.46E-012, 
 27.40,   1.28E-011, 
 27.50,   5.23E-011, 
 27.60,   1.27E-010, 
 27.70,   1.64E-010, 
 27.80,   1.97E-010, 
 27.90,   2.26E-010, 
 28.00,   2.32E-010, 
 28.10,   2.12E-010, 
 28.20,   1.37E-010, 
 28.30,   3.50E-011, 
 28.40,   8.06E-012, 
 28.50,   3.99E-012, 
 28.60,   4.82E-012, 
 28.70,   3.18E-012, 
 28.80,   2.56E-012, 
 28.90,   1.98E-012, 
 29.00,   1.72E-012, 
 29.10,   1.68E-012, 
 29.20,   1.53E-012, 
 29.30,  -1.63E-012, 
 29.40,  -1.20E-012, 
 29.50,  -6.11E-013, 
 29.60,  -1.73E-013, 
 29.70,   1.58E-013, 
 29.80,   3.59E-012, 
 29.90,   2.71E-012, 
 30.00,   1.94E-012, 
 30.10,   1.53E-012, 
 30.20,   1.17E-012, 
 30.30,  -2.14E-012, 
 30.40,  -1.09E-012, 
 30.50,  -6.67E-013, 
 30.60,  -2.88E-013, 
 30.70,  -2.55E-013, 
 30.80,  -3.28E-013, 
 30.90,  -2.18E-013, 
 31.00,  -2.56E-013, 
 31.10,  -3.22E-013, 
 31.20,  -1.11E-013, 
 31.30,  -1.31E-013, 
 31.40,   4.24E-013, 
 31.50,   1.38E-013, 
 31.60,   1.10E-012, 
 31.70,   1.85E-012, 
 31.80,   2.43E-012, 
 31.90,   2.02E-012, 
 32.00,   2.67E-012, 
 32.10,   2.64E-012, 
 32.20,   1.94E-012, 
 32.30,   9.78E-013, 
 32.40,   3.66E-013, 
 32.50,   2.27E-013, 
 32.60,  -3.85E-013, 
 32.70,  -3.63E-013, 
 32.80,  -1.12E-013, 
 32.90,   2.05E-014, 
 33.00,  -9.54E-014, 
 33.10,   1.87E-014, 
 33.20,   8.92E-014, 
 33.30,  -8.03E-014, 
 33.40,   1.25E-014, 
 33.50,  -9.27E-014, 
 33.60,  -5.53E-014, 
 33.70,  -6.42E-014, 
 33.80,  -3.22E-013, 
 33.90,  -2.56E-013, 
 34.00,  -1.34E-013, 
 34.10,  -3.66E-014, 
 34.20,  -5.35E-015, 
 34.30,   0.00E+000, 
 34.40,   6.24E-014, 
 34.50,  -4.12E-013, 
 34.60,  -3.61E-013, 
 34.70,  -3.42E-013, 
 34.80,  -2.32E-014, 
 34.90,  -8.20E-014, 
 35.00,  -7.22E-014, 
 35.10,  -1.80E-013, 
 35.20,  -2.20E-013, 
 35.30,  -2.02E-013, 
 35.40,  -2.01E-013, 
 35.50,  -1.53E-013, 
 35.60,   9.27E-014, 
 35.70,   1.61E-014, 
 35.80,   2.14E-014, 
 35.90,  -8.47E-014, 
 36.00,   3.17E-013, 
 36.10,  -2.22E-013, 
 36.20,  -8.03E-014, 
 36.30,   1.11E-013, 
 36.40,   1.94E-013, 
 36.50,   2.85E-014, 
 36.60,  -1.24E-013, 
 36.70,   3.66E-014, 
 36.80,   1.15E-013, 
 36.90,   9.72E-014, 
 37.00,  -1.17E-013, 
 37.10,  -2.41E-014, 
 37.20,  -2.50E-014, 
 37.30,  -2.14E-013, 
 37.40,  -1.51E-013, 
 37.50,  -1.32E-013, 
 37.60,   4.55E-014, 
 37.70,   1.95E-013, 
 37.80,   3.66E-014, 
 37.90,   1.20E-013, 
 38.00,   2.85E-014, 
 38.10,  -2.53E-013, 
 38.20,  -1.24E-013, 
 38.30,  -2.44E-013, 
 38.40,   1.25E-014, 
 38.50,   2.42E-013, 
 38.60,   2.94E-013, 
 38.70,   9.90E-014, 
 38.80,   1.49E-013, 
 38.90,   4.57E-013, 
 39.00,   7.59E-013, 
 39.10,   2.87E-012, 
 39.20,   3.01E-012, 
 39.30,   2.49E-012, 
 39.40,   3.63E-012, 
 39.50,   7.98E-012, 
 39.60,   1.23E-011, 
 39.70,   2.06E-011, 
 39.80,   2.73E-011, 
 39.90,   3.16E-011, 
 40.00,   3.46E-011, 
 40.10,   3.10E-011, 
 40.20,   1.86E-011, 
 40.30,   8.70E-012, 
 40.40,   7.13E-012, 
 40.50,   7.97E-012, 
 40.60,   1.08E-011, 
 40.70,   1.37E-011, 
 40.80,   1.76E-011, 
 40.90,   2.22E-011, 
 41.00,   2.91E-011, 
 41.10,   3.09E-011, 
 41.20,   2.72E-011, 
 41.30,   2.51E-011, 
 41.40,   3.43E-011, 
 41.50,   6.15E-011, 
 41.60,   7.68E-011, 
 41.70,   7.97E-011, 
 41.80,   8.97E-011, 
 41.90,   9.97E-011, 
 42.00,   1.05E-010, 
 42.10,   8.58E-011, 
 42.20,   4.10E-011, 
 42.30,   1.38E-011, 
 42.40,   7.77E-012, 
 42.50,   1.06E-011, 
 42.60,   1.54E-011, 
 42.70,   1.85E-011, 
 42.80,   2.38E-011, 
 42.90,   2.86E-011, 
 43.00,   3.05E-011, 
 43.10,   2.69E-011, 
 43.20,   1.61E-011, 
 43.30,   6.99E-012, 
 43.40,   3.15E-012, 
 43.50,   2.26E-012, 
 43.60,   2.29E-012, 
 43.70,   2.64E-012, 
 43.80,   3.73E-012, 
 43.90,   4.70E-012, 
 44.00,   2.74E-012, 
 44.10,   3.32E-012, 
 44.20,   3.39E-012, 
 44.30,   4.13E-012, 
 44.40,   1.46E-012, 
 44.50,  -9.34E-013, 
 44.60,  -4.72E-013, 
 44.70,  -3.01E-013, 
 44.80,  -2.95E-013, 
 44.90,  -1.76E-013, 
 45.00,   8.92E-016, 
 45.10,  -3.03E-014, 
 45.20,   1.98E-013, 
 45.30,   2.38E-013, 
 45.40,   4.73E-014, 
 45.50,   1.61E-014, 
 45.60,  -1.36E-013, 
 45.70,  -2.41E-014, 
 45.80,   1.85E-013, 
 45.90,   3.13E-013, 
 46.00,  -9.45E-014, 
 46.10,  -8.83E-014, 
 46.20,  -8.92E-014, 
 46.30,  -2.21E-013, 
 46.40,  -3.94E-013, 
 46.50,  -4.19E-014, 
 46.60,   9.27E-014, 
 46.70,   2.68E-014, 
 46.80,  -3.50E-013, 
 46.90,  -4.37E-013, 
 47.00,  -3.66E-014, 
 47.10,   6.96E-014, 
 47.20,   3.10E-013, 
 47.30,   2.78E-013, 
 47.40,   3.46E-013, 
 47.50,   1.14E-013, 
 47.60,   2.68E-015, 
 47.70,  -4.46E-014, 
 47.80,  -5.44E-014, 
 47.90,  -3.21E-014, 
 48.00,  -1.34E-013, 
 48.10,  -2.56E-013, 
 48.20,  -1.25E-014, 
 48.30,  -1.80E-013, 
 48.40,  -9.72E-014, 
 48.50,   2.50E-014, 
 48.60,  -2.25E-013, 
 48.70,  -2.60E-013, 
 48.80,  -3.08E-013, 
 48.90,   6.87E-014, 
 49.00,   1.16E-014, 
 49.10,   2.68E-014, 
 49.20,   4.55E-014, 
 49.30,  -7.04E-014, 
 49.40,  -1.36E-013, 
 49.50,  -5.71E-014, 
 49.60,  -3.03E-014, 
 49.70,  -8.92E-014, 
 49.80,  -3.95E-013, 
 49.90,  -3.71E-013, 
 50.00,  -8.29E-014, 
 50.10,   4.46E-014, 
 50.20,   0.00E+000, 
 50.30,   2.32E-014, 
 50.40,   5.08E-014, 
 50.50,   6.33E-014, 
 50.60,   1.64E-013, 
 50.70,  -1.97E-013, 
 50.80,  -2.12E-013, 
 50.90,  -2.72E-013, 
 51.00,  -1.70E-013, 
 51.10,  -1.90E-013, 
 51.20,  -1.31E-013, 
 51.30,  -8.38E-014, 
 51.40,  -4.82E-014, 
 51.50,  -3.92E-014, 
 51.60,  -8.11E-014, 
 51.70,  -3.60E-013, 
 51.80,  -5.13E-013, 
 51.90,  -3.78E-013, 
 52.00,  -9.72E-014, 
 52.10,  -6.15E-014, 
 52.20,   1.69E-014, 
 52.30,  -1.51E-013, 
 52.40,   2.32E-014, 
 52.50,  -6.78E-014, 
 52.60,  -8.74E-014, 
 52.70,  -5.97E-014, 
 52.80,   1.01E-013, 
 52.90,   6.96E-014, 
 53.00,  -1.20E-013, 
 53.10,  -1.83E-013, 
 53.20,  -2.14E-014, 
 53.30,  -3.30E-014, 
 53.40,   7.85E-014, 
 53.50,  -2.05E-013, 
 53.60,  -1.87E-013, 
 53.70,  -2.47E-013, 
 53.80,  -1.08E-013, 
 53.90,  -7.94E-014, 
 54.00,   1.90E-013, 
 54.10,   2.41E-014, 
 54.20,   1.17E-013, 
 54.30,   1.65E-013, 
 54.40,   2.94E-014, 
 54.50,  -1.26E-013, 
 54.60,  -7.40E-014, 
 54.70,   8.11E-014, 
 54.80,   1.32E-013, 
 54.90,  -2.61E-013, 
 55.00,  -1.29E-013, 
 55.10,   1.33E-013, 
 55.20,   3.57E-015, 
 55.30,  -3.29E-013, 
 55.40,  -1.07E-014, 
 55.50,   1.57E-013, 
 55.60,   1.13E-013, 
 55.70,  -7.13E-015, 
 55.80,  -2.24E-013, 
 55.90,  -6.12E-013, 
 56.00,  -3.57E-013, 
 56.10,  -4.55E-014, 
 56.20,  -2.72E-013, 
 56.30,  -3.42E-013, 
 56.40,  -3.75E-013, 
 56.50,  -3.15E-013, 
 56.60,  -2.83E-013, 
 56.70,  -9.54E-014, 
 56.80,   7.13E-015, 
 56.90,  -8.38E-014, 
 57.00,   9.01E-014, 
 57.10,   7.49E-014, 
 57.20,  -8.74E-014, 
 57.30,  -1.98E-013, 
 57.40,  -6.24E-014, 
 57.50,  -1.77E-013, 
 57.60,   9.27E-014, 
 57.70,   6.96E-014, 
 57.80,   2.35E-013, 
 57.90,   1.15E-013, 
 58.00,   1.25E-014, 
 58.10,  -8.92E-016, 
 58.20,  -3.76E-013, 
 58.30,  -7.04E-014, 
 58.40,  -1.38E-013, 
 58.50,  -8.29E-014, 
 58.60,   5.80E-014, 
 58.70,   2.94E-014, 
 58.80,   2.64E-013, 
 58.90,   6.60E-014, 
 59.00,   3.57E-015, 
 59.10,  -2.21E-013, 
 59.20,  -4.82E-014, 
 59.30,  -2.07E-013, 
 59.40,  -1.86E-013, 
 59.50,  -2.24E-013, 
 59.60,  -2.45E-013, 
 59.70,   3.57E-014, 
 59.80,  -1.96E-014, 
 59.90,  -1.11E-013, 
 60.00,  -2.51E-013, 
 60.10,  -2.72E-013, 
 60.20,  -9.19E-014, 
 60.30,  -1.68E-013, 
 60.40,  -2.47E-013, 
 60.50,   3.66E-014, 
 60.60,  -4.10E-014, 
 60.70,  -1.58E-013, 
 60.80,  -1.87E-014, 
 60.90,  -1.54E-013, 
 61.00,  -2.18E-013, 
 61.10,   8.20E-014, 
 61.20,  -7.58E-014, 
 61.30,  -1.31E-013, 
 61.40,  -2.27E-013, 
 61.50,  -1.31E-013, 
 61.60,  -6.51E-014, 
 61.70,   1.51E-013, 
 61.80,  -1.36E-013, 
 61.90,  -7.13E-015, 
 62.00,  -1.69E-013, 
 62.10,  -2.61E-013, 
 62.20,  -2.29E-013, 
 62.30,  -2.44E-013, 
 62.40,  -4.34E-013, 
 62.50,  -5.35E-015, 
 62.60,  -1.76E-013, 
 62.70,  -1.11E-013, 
 62.80,  -7.58E-014, 
 62.90,  -3.48E-014, 
 63.00,   2.23E-014, 
 63.10,   3.57E-015, 
 63.20,   3.83E-014, 
 63.30,  -1.34E-013, 
 63.40,  -1.32E-013, 
 63.50,  -1.44E-013, 
 63.60,   1.11E-013, 
 63.70,   1.24E-013, 
 63.80,  -2.25E-013, 
 63.90,  -2.68E-013, 
 64.00,  -1.96E-014, 
 64.10,  -1.19E-013, 
 64.20,  -9.90E-014, 
 64.30,  -1.78E-013, 
 64.40,   1.04E-013, 
 64.50,   7.04E-014, 
 64.60,  -4.55E-014, 
 64.70,   2.50E-014, 
 64.80,  -1.88E-013, 
 64.90,  -2.33E-013, 
 65.00,  -7.40E-014, 
 65.10,  -1.07E-014, 
 65.20,   3.83E-014, 
 65.30,  -1.67E-013, 
 65.40,  -1.15E-013, 
 65.50,  -1.20E-013, 
 65.60,  -2.77E-013, 
 65.70,  -3.75E-013, 
 65.80,  -2.95E-013, 
 65.90,  -1.62E-013, 
 66.00,  -3.58E-013, 
 66.10,  -3.75E-014, 
 66.20,   8.11E-014, 
 66.30,   1.97E-013, 
 66.40,  -4.10E-014, 
 66.50,   2.29E-013, 
 66.60,  -2.05E-014, 
 66.70,  -4.99E-014, 
 66.80,   1.79E-013, 
 66.90,   7.22E-014, 
 67.00,   7.94E-014, 
 67.10,   6.96E-014, 
 67.20,   1.71E-013, 
 67.30,  -2.98E-013, 
 67.40,  -2.35E-013, 
 67.50,  -1.69E-013, 
 67.60,   8.92E-015, 
 67.70,   9.81E-014, 
 67.80,   3.67E-013, 
 67.90,   2.23E-014, 
 68.00,   2.35E-013, 
 68.10,   1.08E-013, 
 68.20,  -3.30E-014, 
 68.30,  -2.09E-013, 
 68.40,  -2.96E-013, 
 68.50,  -1.08E-013, 
 68.60,   7.58E-014, 
 68.70,  -1.61E-013, 
 68.80,  -1.78E-014, 
 68.90,  -3.66E-014, 
 69.00,   2.41E-014, 
 69.10,  -6.15E-014, 
 69.20,   1.43E-014, 
 69.30,   1.52E-013, 
 69.40,   6.60E-014, 
 69.50,  -7.94E-014, 
 69.60,  -2.53E-013, 
 69.70,  -1.52E-013, 
 69.80,  -3.83E-014, 
 69.90,   3.30E-014, 
 70.00,  -1.23E-013, 
 70.10,  -2.35E-013, 
 70.20,  -2.07E-013, 
 70.30,  -8.11E-014, 
 70.40,  -1.32E-013, 
 70.50,  -9.81E-014, 
 70.60,  -2.55E-013, 
 70.70,  -8.47E-014, 
 70.80,  -8.47E-014, 
 70.90,  -1.38E-013, 
 71.00,  -1.28E-013, 
 71.10,  -4.19E-014, 
 71.20,  -1.03E-013, 
 71.30,  -3.57E-015, 
 71.40,  -1.96E-013, 
 71.50,  -5.16E-013, 
 71.60,  -3.17E-013, 
 71.70,  -1.20E-013, 
 71.80,  -4.82E-014, 
 71.90,  -2.16E-013, 
 72.00,  -2.39E-013, 
 72.10,   1.16E-014, 
 72.20,   1.31E-013, 
 72.30,   4.46E-014, 
 72.40,   1.11E-013, 
 72.50,   9.99E-014, 
 72.60,   4.46E-014, 
 72.70,  -1.28E-013, 
 72.80,  -2.68E-014, 
 72.90,   6.06E-014, 
 73.00,   4.64E-014, 
 73.10,  -3.92E-014, 
 73.20,  -2.96E-013, 
 73.30,  -1.67E-013, 
 73.40,  -6.87E-014, 
 73.50,  -5.71E-014, 
 73.60,  -2.91E-013, 
 73.70,   4.10E-014, 
 73.80,   2.32E-014, 
 73.90,  -1.19E-013, 
 74.00,  -6.78E-014, 
 74.10,   1.34E-014, 
 74.20,   4.99E-014, 
 74.30,  -9.45E-014, 
 74.40,   2.41E-014, 
 74.50,   1.81E-013, 
 74.60,  -6.42E-014, 
 74.70,  -1.94E-013, 
 74.80,  -6.15E-014, 
 74.90,  -3.92E-014, 
 75.00,  -4.04E-013, 
 75.10,  -3.02E-013, 
 75.20,  -8.65E-014, 
 75.30,   1.61E-013, 
 75.40,   8.92E-014, 
 75.50,  -1.48E-013, 
 75.60,  -3.60E-013, 
 75.70,  -3.24E-013, 
 75.80,  -3.92E-014, 
 75.90,   1.52E-013, 
 76.00,   1.84E-013, 
 76.10,   8.65E-014, 
 76.20,  -1.34E-014, 
 76.30,  -5.35E-014, 
 76.40,  -1.74E-013, 
 76.50,  -3.01E-013, 
 76.60,  -6.42E-014, 
 76.70,  -2.10E-013, 
 76.80,   2.50E-014, 
 76.90,   2.37E-013, 
 77.00,   1.07E-013, 
 77.10,   3.21E-014, 
 77.20,   4.01E-014, 
 77.30,   9.54E-014, 
 77.40,   1.65E-013, 
 77.50,   3.74E-013, 
 77.60,   3.95E-012, 
 77.70,   3.13E-012, 
 77.80,   2.63E-012, 
 77.90,   2.99E-012, 
 78.00,   3.41E-012, 
 78.10,   3.20E-012, 
 78.20,   2.17E-012, 
 78.30,  -9.79E-013, 
 78.40,  -1.60E-012, 
 78.50,  -6.85E-013, 
 78.60,  -1.85E-013, 
 78.70,  -3.83E-014, 
 78.80,   1.63E-013, 
 78.90,   2.29E-013, 
 79.00,   4.17E-013, 
 79.10,   4.64E-013, 
 79.20,   6.97E-013, 
 79.30,   2.93E-012, 
 79.40,   3.49E-012, 
 79.50,   5.02E-012, 
 79.60,   8.36E-012, 
 79.70,   1.09E-011, 
 79.80,   1.47E-011, 
 79.90,   2.01E-011, 
 80.00,   2.39E-011, 
 80.10,   2.09E-011, 
 80.20,   1.25E-011, 
 80.30,   5.34E-012, 
 80.40,   2.65E-012, 
 80.50,   2.00E-012, 
 80.60,   1.81E-012, 
 80.70,   1.76E-012, 
 80.80,   2.03E-012, 
 80.90,   2.53E-012, 
 81.00,   2.64E-012, 
 81.10,   2.93E-012, 
 81.20,   3.45E-012, 
 81.30,   4.79E-012, 
 81.40,   8.79E-012, 
 81.50,   2.95E-011, 
 81.60,   5.43E-011, 
 81.70,   6.55E-011, 
 81.80,   9.28E-011, 
 81.90,   1.22E-010, 
 82.00,   1.34E-010, 
 82.10,   9.52E-011, 
 82.20,   4.21E-011, 
 82.30,   1.76E-011, 
 82.40,   1.59E-011, 
 82.50,   3.32E-011, 
 82.60,   5.90E-011, 
 82.70,   7.11E-011, 
 82.80,   9.85E-011, 
 82.90,   1.27E-010, 
 83.00,   1.40E-010, 
 83.10,   1.01E-010, 
 83.20,   5.62E-011, 
 83.30,   3.17E-011, 
 83.40,   5.17E-011, 
 83.50,   1.91E-010, 
 83.60,   2.85E-010, 
 83.70,   3.32E-010, 
 83.80,   4.72E-010, 
 83.90,   6.26E-010, 
 84.00,   6.56E-010, 
 84.10,   3.82E-010, 
 84.20,   1.39E-010, 
 84.30,   2.52E-011, 
 84.40,   9.29E-012, 
 84.50,   5.40E-012, 
 84.60,   4.18E-012, 
 84.70,   3.87E-012, 
 84.80,   3.83E-012, 
 84.90,   3.45E-012, 
 85.00,   3.62E-012, 
 85.10,   3.77E-012, 
 85.20,   4.30E-012, 
 85.30,   6.04E-012, 
 85.40,   1.15E-011, 
 85.50,   4.09E-011, 
 85.60,   7.66E-011, 
 85.70,   9.06E-011, 
 85.80,   1.29E-010, 
 85.90,   1.76E-010, 
 86.00,   1.84E-010, 
 86.10,   1.22E-010, 
 86.20,   5.21E-011, 
 86.30,   1.40E-011, 
 86.40,   5.10E-012, 
 86.50,   2.82E-012, 
 86.60,   1.99E-012, 
 86.70,  -1.14E-012, 
 86.80,  -1.24E-012, 
 86.90,  -5.50E-013, 
 87.00,  -6.05E-013, 
 87.10,  -3.06E-013, 
 87.20,  -2.20E-013, 
 87.30,  -1.27E-013, 
 87.40,  -2.23E-013, 
 87.50,  -2.44E-013, 
 87.60,  -2.44E-013, 
 87.70,   7.49E-014, 
 87.80,   1.34E-014, 
 87.90,  -1.45E-013, 
 88.00,   1.28E-013, 
 88.10,   1.39E-013, 
 88.20,  -2.86E-013, 
 88.30,  -2.95E-013, 
 88.40,  -4.39E-013, 
 88.50,  -2.35E-013, 
 88.60,  -7.58E-014, 
 88.70,   1.34E-014, 
 88.80,   2.62E-013, 
 88.90,  -1.78E-015, 
 89.00,  -1.55E-013, 
 89.10,  -9.63E-014, 
 89.20,   1.28E-013, 
 89.30,   2.28E-013, 
 89.40,   9.19E-014, 
 89.50,  -2.12E-013, 
 89.60,  -8.47E-014, 
 89.70,   3.03E-014, 
 89.80,  -3.57E-014, 
 89.90,  -1.05E-013, 
 90.00,  -8.92E-016, 
