Jul 31, 2026  10:12:03 AM
Residual Gas Analyzer Software 
Software Version, 3.214.004

Analog Scan Setup:

Data Points in Scan, 891 
Units, Torr 
Noise Floor, 2 
CEM Status, ON 
Points Per AMU, 10
Scan Start Mass, 1, amu 
Scan Stop Mass, 90, amu
Focus Voltage, 90, Volts 
Ion Energy, HIGH 
Electron Energy, 70, eV 
CEM Voltage, 1159, Volts
CEM Gain, 1.01E+003 
Sensitivity Factor, 1.11E-004 
Filament Current, 1.00, mAmps


  1.00,   3.62E-013, 
  1.10,   2.51E-012, 
  1.20,  -4.46E-015, 
  1.30,  -1.98E-012, 
  1.40,  -2.79E-012, 
  1.50,   2.74E-012, 
  1.60,   9.94E-012, 
  1.70,   1.85E-011, 
  1.80,   2.34E-011, 
  1.90,   2.56E-011, 
  2.00,   2.71E-011, 
  2.10,   2.58E-011, 
  2.20,   2.40E-011, 
  2.30,   1.54E-011, 
  2.40,   3.15E-012, 
  2.50,   8.57E-013, 
  2.60,   3.60E-013, 
  2.70,   1.21E-012, 
  2.80,   1.78E-015, 
  2.90,   1.87E-013, 
  3.00,  -7.13E-015, 
  3.10,  -1.43E-014, 
  3.20,   3.39E-014, 
  3.30,   3.18E-013, 
  3.40,   2.50E-013, 
  3.50,   1.91E-012, 
  3.60,   4.68E-012, 
  3.70,   5.40E-012, 
  3.80,   6.53E-012, 
  3.90,   8.62E-012, 
  4.00,   1.06E-011, 
  4.10,   8.69E-012, 
  4.20,   9.19E-012, 
  4.30,   7.90E-012, 
  4.40,   5.90E-012, 
  4.50,   3.15E-012, 
  4.60,  -8.65E-013, 
  4.70,  -9.42E-013, 
  4.80,  -4.00E-013, 
  4.90,  -2.94E-014, 
  5.00,   1.69E-014, 
  5.10,   3.57E-014, 
  5.20,   1.85E-013, 
  5.30,  -5.89E-014, 
  5.40,  -1.37E-013, 
  5.50,   3.50E-013, 
  5.60,   1.52E-013, 
  5.70,   3.75E-014, 
  5.80,  -5.17E-014, 
  5.90,  -2.18E-013, 
  6.00,  -2.01E-013, 
  6.10,  -3.73E-013, 
  6.20,   1.19E-013, 
  6.30,   5.84E-013, 
  6.40,   3.78E-013, 
  6.50,   1.01E-013, 
  6.60,   1.52E-013, 
  6.70,   3.12E-014, 
  6.80,   9.36E-014, 
  6.90,   2.70E-013, 
  7.00,   1.68E-013, 
  7.10,   3.34E-013, 
  7.20,   1.82E-013, 
  7.30,  -4.99E-014, 
  7.40,  -7.13E-015, 
  7.50,  -1.26E-013, 
  7.60,  -2.14E-014, 
  7.70,   1.84E-013, 
  7.80,   1.02E-013, 
  7.90,  -1.44E-013, 
  8.00,  -2.43E-013, 
  8.10,   3.73E-013, 
  8.20,   3.57E-015, 
  8.30,   2.41E-014, 
  8.40,   1.45E-013, 
  8.50,   3.26E-013, 
  8.60,  -2.37E-013, 
  8.70,  -3.77E-013, 
  8.80,  -3.03E-014, 
  8.90,   1.72E-013, 
  9.00,   6.96E-014, 
  9.10,   4.10E-014, 
  9.20,   3.57E-015, 
  9.30,   2.16E-013, 
  9.40,   2.85E-014, 
  9.50,  -2.32E-014, 
  9.60,   3.92E-014, 
  9.70,  -1.13E-013, 
  9.80,   4.08E-013, 
  9.90,   2.38E-013, 
 10.00,   2.36E-013, 
 10.10,  -8.56E-014, 
 10.20,   5.26E-014, 
 10.30,   9.19E-014, 
 10.40,  -8.38E-014, 
 10.50,  -1.25E-014, 
 10.60,  -8.92E-015, 
 10.70,   6.60E-014, 
 10.80,  -1.64E-013, 
 10.90,  -2.35E-013, 
 11.00,   1.03E-013, 
 11.10,   8.56E-014, 
 11.20,   7.94E-014, 
 11.30,   1.34E-013, 
 11.40,  -1.19E-013, 
 11.50,  -1.73E-013, 
 11.60,   1.53E-013, 
 11.70,  -1.10E-013, 
 11.80,  -1.61E-014, 
 11.90,   2.64E-013, 
 12.00,   1.77E-013, 
 12.10,   4.55E-014, 
 12.20,   2.15E-013, 
 12.30,   2.52E-013, 
 12.40,  -1.69E-014, 
 12.50,   1.94E-013, 
 12.60,  -1.93E-013, 
 12.70,  -1.48E-013, 
 12.80,   2.14E-014, 
 12.90,  -1.80E-013, 
 13.00,  -2.38E-013, 
 13.10,  -1.96E-014, 
 13.20,   3.57E-015, 
 13.30,   8.38E-014, 
 13.40,   4.99E-014, 
 13.50,   2.37E-013, 
 13.60,   2.57E-012, 
 13.70,   4.03E-012, 
 13.80,   3.08E-012, 
 13.90,   2.80E-012, 
 14.00,   3.40E-012, 
 14.10,   3.48E-012, 
 14.20,   1.64E-013, 
 14.30,   3.15E-013, 
 14.40,  -6.24E-015, 
 14.50,   7.13E-014, 
 14.60,   2.23E-014, 
 14.70,  -1.11E-013, 
 14.80,   2.52E-013, 
 14.90,   3.43E-013, 
 15.00,  -2.50E-014, 
 15.10,  -3.83E-014, 
 15.20,  -1.94E-013, 
 15.30,  -3.19E-013, 
 15.40,  -3.15E-013, 
 15.50,  -1.46E-013, 
 15.60,   5.56E-013, 
 15.70,   7.76E-014, 
 15.80,   2.61E-013, 
 15.90,  -7.49E-014, 
 16.00,   5.95E-013, 
 16.10,   3.05E-013, 
 16.20,  -3.11E-013, 
 16.30,  -5.71E-013, 
 16.40,  -4.78E-013, 
 16.50,   4.08E-013, 
 16.60,   3.02E-012, 
 16.70,   2.96E-012, 
 16.80,   1.52E-012, 
 16.90,   2.24E-012, 
 17.00,  -1.56E-012, 
 17.10,  -3.54E-012, 
 17.20,  -4.79E-012, 
 17.30,  -7.61E-012, 
 17.40,  -2.02E-012, 
 17.50,   5.37E-012, 
 17.60,   1.28E-011, 
 17.70,   8.53E-012, 
 17.80,   2.08E-012, 
 17.90,   8.99E-012, 
 18.00,  -6.58E-012, 
 18.10,  -1.23E-011, 
 18.20,  -1.38E-011, 
 18.30,  -2.36E-011, 
 18.40,  -5.65E-012, 
 18.50,  -9.49E-013, 
 18.60,  -9.50E-013, 
 18.70,  -5.89E-013, 
 18.80,  -1.81E-013, 
 18.90,  -8.06E-013, 
 19.00,  -1.60E-012, 
 19.10,   4.95E-013, 
 19.20,   1.87E-014, 
 19.30,   4.55E-014, 
 19.40,   3.27E-013, 
 19.50,   2.80E-013, 
 19.60,  -3.75E-014, 
 19.70,   4.90E-013, 
 19.80,   1.18E-012, 
 19.90,   3.80E-012, 
 20.00,   2.18E-012, 
 20.10,   1.81E-012, 
 20.20,   1.19E-012, 
 20.30,  -1.94E-012, 
 20.40,  -1.10E-012, 
 20.50,  -6.34E-013, 
 20.60,  -5.15E-013, 
 20.70,  -3.61E-013, 
 20.80,  -2.12E-013, 
 20.90,  -2.70E-013, 
 21.00,  -9.81E-014, 
 21.10,   6.24E-014, 
 21.20,  -3.57E-015, 
 21.30,   2.15E-013, 
 21.40,   6.60E-014, 
 21.50,   6.06E-014, 
 21.60,  -1.93E-013, 
 21.70,  -1.95E-013, 
 21.80,   4.82E-014, 
 21.90,   8.03E-014, 
 22.00,   4.28E-014, 
 22.10,  -1.70E-013, 
 22.20,  -3.61E-013, 
 22.30,  -2.09E-013, 
 22.40,  -4.62E-013, 
 22.50,  -9.63E-014, 
 22.60,   1.16E-014, 
 22.70,   1.11E-013, 
 22.80,  -2.76E-014, 
 22.90,  -4.24E-013, 
 23.00,  -1.50E-013, 
 23.10,  -1.94E-013, 
 23.20,  -3.82E-013, 
 23.30,  -2.02E-013, 
 23.40,  -2.59E-014, 
 23.50,  -1.65E-013, 
 23.60,  -3.44E-013, 
 23.70,   4.19E-014, 
 23.80,   1.28E-013, 
 23.90,  -4.99E-014, 
 24.00,  -1.48E-013, 
 24.10,  -2.68E-014, 
 24.20,   8.92E-015, 
 24.30,  -2.25E-013, 
 24.40,  -1.70E-013, 
 24.50,  -1.15E-013, 
 24.60,  -2.49E-013, 
 24.70,  -3.39E-014, 
 24.80,  -1.88E-013, 
 24.90,  -3.86E-013, 
 25.00,  -3.08E-013, 
 25.10,  -3.83E-013, 
 25.20,  -2.63E-013, 
 25.30,   3.00E-013, 
 25.40,  -7.67E-014, 
 25.50,  -4.37E-014, 
 25.60,   1.09E-013, 
 25.70,  -1.36E-013, 
 25.80,  -8.92E-016, 
 25.90,  -8.20E-014, 
 26.00,  -2.92E-013, 
 26.10,  -1.49E-013, 
 26.20,  -1.78E-014, 
 26.30,  -4.99E-014, 
 26.40,  -8.38E-014, 
 26.50,  -1.61E-013, 
 26.60,   7.04E-014, 
 26.70,  -2.31E-013, 
 26.80,  -6.96E-014, 
 26.90,   6.06E-014, 
 27.00,  -2.49E-013, 
 27.10,  -2.77E-013, 
 27.20,   7.13E-014, 
 27.30,   1.90E-013, 
 27.40,   2.94E-012, 
 27.50,   4.11E-012, 
 27.60,   4.83E-012, 
 27.70,   1.44E-011, 
 27.80,   2.26E-011, 
 27.90,   3.05E-011, 
 28.00,   3.43E-011, 
 28.10,   3.63E-011, 
 28.20,   3.36E-011, 
 28.30,   2.03E-011, 
 28.40,   5.91E-012, 
 28.50,   2.21E-012, 
 28.60,   3.79E-012, 
 28.70,  -3.97E-013, 
 28.80,  -5.47E-013, 
 28.90,  -4.55E-013, 
 29.00,  -5.74E-013, 
 29.10,  -2.36E-013, 
 29.20,  -3.29E-013, 
 29.30,  -1.37E-013, 
 29.40,  -1.61E-013, 
 29.50,  -1.77E-013, 
 29.60,   1.19E-013, 
 29.70,   9.23E-013, 
 29.80,   2.62E-013, 
 29.90,   4.53E-013, 
 30.00,   4.53E-013, 
 30.10,   7.21E-013, 
 30.20,   5.12E-013, 
 30.30,   1.68E-013, 
 30.40,   0.00E+000, 
 30.50,  -8.92E-015, 
 30.60,   5.80E-014, 
 30.70,  -2.23E-013, 
 30.80,  -2.15E-013, 
 30.90,  -1.88E-013, 
 31.00,   9.81E-015, 
 31.10,   2.01E-013, 
 31.20,   1.52E-013, 
 31.30,   5.17E-014, 
 31.40,  -1.27E-013, 
 31.50,  -4.19E-014, 
 31.60,   3.32E-013, 
 31.70,   1.60E-012, 
 31.80,   1.84E-012, 
 31.90,   1.99E-012, 
 32.00,   1.82E-012, 
 32.10,   2.67E-012, 
 32.20,   2.15E-012, 
 32.30,   5.29E-013, 
 32.40,  -9.99E-014, 
 32.50,  -1.10E-013, 
 32.60,  -1.66E-013, 
 32.70,  -2.23E-014, 
 32.80,  -3.30E-014, 
 32.90,  -6.06E-014, 
 33.00,  -2.41E-014, 
 33.10,  -1.72E-013, 
 33.20,   7.40E-014, 
 33.30,   2.84E-013, 
 33.40,  -4.28E-014, 
 33.50,   1.34E-014, 
 33.60,  -4.37E-014, 
 33.70,   2.20E-013, 
 33.80,   3.01E-013, 
 33.90,   2.29E-013, 
 34.00,   1.98E-013, 
 34.10,   1.49E-013, 
 34.20,   2.17E-013, 
 34.30,   2.09E-013, 
 34.40,   2.11E-013, 
 34.50,   2.43E-013, 
 34.60,   1.78E-014, 
 34.70,  -3.56E-013, 
 34.80,  -1.96E-013, 
 34.90,  -8.92E-015, 
 35.00,   3.03E-014, 
 35.10,   4.82E-014, 
 35.20,  -3.50E-013, 
 35.30,  -6.42E-014, 
 35.40,  -1.17E-013, 
 35.50,  -8.74E-014, 
 35.60,   7.76E-014, 
 35.70,  -8.92E-016, 
 35.80,   8.92E-015, 
 35.90,   3.48E-014, 
 36.00,  -1.07E-013, 
 36.10,  -8.11E-014, 
 36.20,  -1.64E-013, 
 36.30,  -2.12E-013, 
 36.40,   7.67E-014, 
 36.50,  -2.41E-013, 
 36.60,   1.29E-013, 
 36.70,   1.51E-013, 
 36.80,   3.69E-013, 
 36.90,   6.60E-014, 
 37.00,   1.88E-013, 
 37.10,   2.59E-013, 
 37.20,  -9.54E-014, 
 37.30,  -4.82E-014, 
 37.40,  -9.45E-014, 
 37.50,   3.47E-013, 
 37.60,   5.53E-014, 
 37.70,   4.46E-015, 
 37.80,   3.83E-014, 
 37.90,  -1.76E-013, 
 38.00,  -9.10E-014, 
 38.10,  -1.90E-013, 
 38.20,  -9.01E-014, 
 38.30,  -2.14E-013, 
 38.40,  -5.62E-014, 
 38.50,   1.04E-013, 
 38.60,  -2.14E-014, 
 38.70,   1.87E-014, 
 38.80,  -1.33E-013, 
 38.90,   1.35E-013, 
 39.00,   2.77E-013, 
 39.10,   1.07E-013, 
 39.20,   1.06E-013, 
 39.30,   6.07E-013, 
 39.40,   4.51E-013, 
 39.50,   1.38E-012, 
 39.60,   4.89E-012, 
 39.70,   5.70E-012, 
 39.80,   6.65E-012, 
 39.90,   8.44E-012, 
 40.00,   1.05E-011, 
 40.10,   1.14E-011, 
 40.20,   1.16E-011, 
 40.30,   8.47E-012, 
 40.40,   4.20E-012, 
 40.50,   2.32E-012, 
 40.60,   2.97E-012, 
 40.70,   4.78E-012, 
 40.80,   6.31E-012, 
 40.90,   8.85E-012, 
 41.00,   1.21E-011, 
 41.10,   1.56E-011, 
 41.20,   1.80E-011, 
 41.30,   1.62E-011, 
 41.40,   1.37E-011, 
 41.50,   1.57E-011, 
 41.60,   2.59E-011, 
 41.70,   4.16E-011, 
 41.80,   4.57E-011, 
 41.90,   4.91E-011, 
 42.00,   5.80E-011, 
 42.10,   6.39E-011, 
 42.20,   5.63E-011, 
 42.30,   3.33E-011, 
 42.40,   1.18E-011, 
 42.50,   5.63E-012, 
 42.60,   5.05E-012, 
 42.70,   7.42E-012, 
 42.80,   1.04E-011, 
 42.90,   1.30E-011, 
 43.00,   1.58E-011, 
 43.10,   1.84E-011, 
 43.20,   1.80E-011, 
 43.30,   1.25E-011, 
 43.40,   6.06E-012, 
 43.50,   2.89E-012, 
 43.60,   7.83E-013, 
 43.70,  -1.80E-012, 
 43.80,  -7.42E-013, 
 43.90,   8.56E-014, 
 44.00,   3.88E-013, 
 44.10,   3.97E-013, 
 44.20,   4.94E-013, 
 44.30,   5.15E-013, 
 44.40,   1.12E-012, 
 44.50,  -5.94E-013, 
 44.60,  -7.85E-014, 
 44.70,  -4.37E-014, 
 44.80,  -1.78E-013, 
 44.90,   4.82E-014, 
 45.00,   6.33E-014, 
 45.10,  -1.79E-013, 
 45.20,  -1.95E-013, 
 45.30,  -3.77E-013, 
 45.40,  -9.10E-014, 
 45.50,  -7.76E-014, 
 45.60,   7.67E-014, 
 45.70,  -1.02E-013, 
 45.80,   1.45E-013, 
 45.90,   0.00E+000, 
 46.00,   2.24E-013, 
 46.10,   8.92E-016, 
 46.20,   2.05E-014, 
 46.30,   1.96E-014, 
 46.40,  -1.25E-014, 
 46.50,   2.16E-013, 
 46.60,   9.81E-014, 
 46.70,  -1.69E-013, 
 46.80,   2.68E-014, 
 46.90,   8.47E-014, 
 47.00,   3.83E-014, 
 47.10,   1.12E-013, 
 47.20,   5.17E-014, 
 47.30,   1.95E-013, 
 47.40,  -2.02E-013, 
 47.50,  -3.66E-014, 
 47.60,   2.34E-013, 
 47.70,   6.24E-014, 
 47.80,  -7.67E-014, 
 47.90,  -3.12E-014, 
 48.00,  -2.14E-014, 
 48.10,  -1.57E-013, 
 48.20,  -6.69E-014, 
 48.30,  -1.80E-013, 
 48.40,  -1.73E-013, 
 48.50,  -4.01E-014, 
 48.60,  -1.44E-013, 
 48.70,  -2.79E-013, 
 48.80,  -1.91E-013, 
 48.90,   1.58E-013, 
 49.00,   3.48E-014, 
 49.10,  -2.68E-015, 
 49.20,   1.20E-013, 
 49.30,  -9.72E-014, 
 49.40,  -1.47E-013, 
 49.50,  -3.76E-013, 
 49.60,  -2.85E-014, 
 49.70,   1.30E-013, 
 49.80,   2.47E-013, 
 49.90,   7.67E-014, 
 50.00,  -1.59E-013, 
 50.10,  -7.49E-014, 
 50.20,   1.25E-014, 
 50.30,  -1.61E-014, 
 50.40,  -4.64E-014, 
 50.50,  -1.17E-013, 
 50.60,   4.46E-015, 
 50.70,  -2.18E-013, 
 50.80,  -4.24E-013, 
 50.90,  -1.52E-013, 
 51.00,   1.16E-013, 
 51.10,   1.06E-013, 
 51.20,   3.27E-013, 
 51.30,   2.15E-013, 
 51.40,   2.27E-013, 
 51.50,   2.37E-013, 
 51.60,   8.47E-014, 
 51.70,  -6.24E-014, 
 51.80,   1.17E-013, 
 51.90,  -2.50E-014, 
 52.00,   2.32E-014, 
 52.10,   7.49E-014, 
 52.20,   4.46E-014, 
 52.30,   1.45E-013, 
 52.40,   2.09E-013, 
 52.50,  -9.99E-014, 
 52.60,  -1.72E-013, 
 52.70,   5.26E-014, 
 52.80,  -2.20E-013, 
 52.90,  -1.90E-013, 
 53.00,  -2.00E-013, 
 53.10,  -4.42E-013, 
 53.20,  -1.36E-013, 
 53.30,   3.21E-014, 
 53.40,  -1.74E-013, 
 53.50,  -1.52E-013, 
 53.60,  -2.50E-014, 
 53.70,  -2.27E-013, 
 53.80,  -3.45E-013, 
 53.90,  -1.31E-013, 
 54.00,   8.92E-014, 
 54.10,   9.81E-014, 
 54.20,   2.50E-014, 
 54.30,   1.19E-013, 
 54.40,   1.33E-013, 
 54.50,   2.25E-013, 
 54.60,  -3.12E-014, 
 54.70,  -3.34E-013, 
 54.80,  -1.77E-013, 
 54.90,   1.69E-014, 
 55.00,  -8.92E-015, 
 55.10,  -2.43E-013, 
 55.20,  -2.83E-013, 
 55.30,  -1.51E-013, 
 55.40,   8.47E-014, 
 55.50,   2.06E-013, 
 55.60,   2.13E-013, 
 55.70,  -1.22E-013, 
 55.80,   1.69E-013, 
 55.90,   5.53E-014, 
 56.00,  -2.81E-013, 
 56.10,  -9.63E-014, 
 56.20,  -6.15E-014, 
 56.30,  -1.58E-013, 
 56.40,   4.46E-014, 
 56.50,   1.44E-013, 
 56.60,   2.76E-014, 
 56.70,   3.49E-013, 
 56.80,   1.23E-013, 
 56.90,  -4.37E-014, 
 57.00,  -6.51E-014, 
 57.10,   2.32E-014, 
 57.20,  -6.06E-014, 
 57.30,   1.08E-013, 
 57.40,   2.80E-013, 
 57.50,   1.67E-013, 
 57.60,   1.56E-013, 
 57.70,   4.01E-014, 
 57.80,   1.96E-014, 
 57.90,  -2.66E-013, 
 58.00,  -9.81E-014, 
 58.10,   7.76E-014, 
 58.20,   1.81E-013, 
 58.30,   1.85E-013, 
 58.40,   1.97E-013, 
 58.50,   2.76E-014, 
 58.60,  -2.46E-013, 
 58.70,  -3.42E-013, 
 58.80,  -1.96E-014, 
 58.90,  -3.30E-014, 
 59.00,  -1.36E-013, 
 59.10,  -1.68E-013, 
 59.20,  -1.95E-013, 
 59.30,  -1.56E-013, 
 59.40,  -1.45E-013, 
 59.50,  -1.53E-013, 
 59.60,   1.37E-013, 
 59.70,   2.18E-013, 
 59.80,  -2.04E-013, 
 59.90,  -2.27E-013, 
 60.00,  -3.56E-013, 
 60.10,  -2.05E-014, 
 60.20,   1.69E-013, 
 60.30,   2.50E-014, 
 60.40,   1.86E-013, 
 60.50,   4.99E-014, 
 60.60,   1.28E-013, 
 60.70,   2.47E-013, 
 60.80,   6.15E-014, 
 60.90,  -8.47E-014, 
 61.00,  -2.05E-014, 
 61.10,   9.36E-014, 
 61.20,   1.06E-013, 
 61.30,   2.32E-014, 
 61.40,  -5.26E-014, 
 61.50,  -6.51E-014, 
 61.60,  -6.06E-014, 
 61.70,   2.64E-013, 
 61.80,   5.35E-015, 
 61.90,  -1.69E-014, 
 62.00,  -1.10E-013, 
 62.10,  -3.04E-013, 
 62.20,  -1.59E-013, 
 62.30,   2.35E-013, 
 62.40,   2.32E-014, 
 62.50,   4.16E-013, 
 62.60,   1.81E-013, 
 62.70,  -2.32E-014, 
 62.80,  -4.46E-014, 
 62.90,  -2.86E-013, 
 63.00,  -1.74E-013, 
 63.10,  -1.01E-013, 
 63.20,   7.58E-014, 
 63.30,   7.40E-014, 
 63.40,   2.14E-014, 
 63.50,   4.82E-014, 
 63.60,  -5.08E-014, 
 63.70,  -9.01E-014, 
 63.80,   3.12E-014, 
 63.90,   1.86E-013, 
 64.00,   1.19E-013, 
 64.10,  -9.36E-014, 
 64.20,  -3.38E-013, 
 64.30,  -2.89E-013, 
 64.40,   2.68E-014, 
 64.50,  -3.48E-014, 
 64.60,  -1.51E-013, 
 64.70,   1.29E-013, 
 64.80,   1.39E-013, 
 64.90,  -3.30E-014, 
 65.00,   1.08E-013, 
 65.10,  -6.06E-014, 
 65.20,  -2.51E-013, 
 65.30,   9.81E-015, 
 65.40,  -1.48E-013, 
 65.50,  -5.26E-014, 
 65.60,   1.20E-013, 
 65.70,   3.76E-013, 
 65.80,   6.19E-013, 
 65.90,   1.26E-013, 
 66.00,  -3.57E-015, 
 66.10,  -1.43E-014, 
 66.20,   9.45E-014, 
 66.30,   7.22E-014, 
 66.40,   1.58E-013, 
 66.50,   4.82E-014, 
 66.60,  -7.22E-014, 
 66.70,   7.49E-014, 
 66.80,   2.94E-013, 
 66.90,   1.11E-013, 
 67.00,  -9.01E-014, 
 67.10,  -4.55E-014, 
 67.20,   4.19E-014, 
 67.30,   1.45E-013, 
 67.40,   3.72E-013, 
 67.50,   2.68E-013, 
 67.60,  -2.41E-014, 
 67.70,   1.41E-013, 
 67.80,   4.19E-014, 
 67.90,   8.11E-014, 
 68.00,   1.51E-013, 
 68.10,  -2.50E-014, 
 68.20,  -1.92E-013, 
 68.30,  -6.33E-014, 
 68.40,  -2.22E-013, 
 68.50,  -1.29E-013, 
 68.60,  -2.18E-013, 
 68.70,  -1.13E-013, 
 68.80,  -3.92E-014, 
 68.90,   3.49E-013, 
 69.00,   2.39E-013, 
 69.10,   6.69E-014, 
 69.20,  -6.24E-014, 
 69.30,  -2.67E-013, 
 69.40,  -3.30E-014, 
 69.50,   8.03E-014, 
 69.60,   3.70E-013, 
 69.70,  -2.31E-013, 
 69.80,  -7.13E-014, 
 69.90,  -3.50E-013, 
 70.00,  -4.13E-013, 
 70.10,  -1.74E-013, 
 70.20,  -1.72E-013, 
 70.30,   3.58E-013, 
 70.40,   3.40E-013, 
 70.50,   7.76E-014, 
 70.60,  -4.64E-014, 
 70.70,  -1.10E-013, 
 70.80,  -1.97E-013, 
 70.90,   2.14E-014, 
 71.00,   7.31E-014, 
 71.10,  -7.67E-014, 
 71.20,  -4.37E-014, 
 71.30,  -1.77E-013, 
 71.40,   1.52E-013, 
 71.50,   2.55E-013, 
 71.60,   5.35E-015, 
 71.70,  -2.50E-013, 
 71.80,   6.51E-014, 
 71.90,   2.88E-013, 
 72.00,   1.92E-013, 
 72.10,  -4.12E-013, 
 72.20,  -4.55E-014, 
 72.30,   1.55E-013, 
 72.40,   3.48E-013, 
 72.50,  -1.69E-014, 
 72.60,  -1.89E-013, 
 72.70,   4.01E-014, 
 72.80,  -8.92E-016, 
 72.90,  -3.39E-014, 
 73.00,  -5.17E-014, 
 73.10,   2.35E-013, 
 73.20,   6.24E-015, 
 73.30,  -1.69E-014, 
 73.40,   1.49E-013, 
 73.50,   1.34E-014, 
 73.60,  -2.41E-014, 
 73.70,  -9.90E-014, 
 73.80,  -4.16E-013, 
 73.90,   2.85E-014, 
 74.00,   8.92E-016, 
 74.10,   1.38E-013, 
 74.20,  -2.72E-013, 
 74.30,  -1.10E-013, 
 74.40,  -2.92E-013, 
 74.50,   3.47E-013, 
 74.60,   1.20E-013, 
 74.70,   2.32E-013, 
 74.80,   2.12E-013, 
 74.90,  -3.66E-014, 
 75.00,   2.00E-013, 
 75.10,   1.04E-013, 
 75.20,   2.94E-014, 
 75.30,   1.19E-013, 
 75.40,   9.01E-014, 
 75.50,   1.06E-013, 
 75.60,   2.61E-013, 
 75.70,   9.99E-014, 
 75.80,  -9.45E-014, 
 75.90,   2.01E-013, 
 76.00,   1.74E-013, 
 76.10,   8.47E-014, 
 76.20,   1.32E-013, 
 76.30,   2.10E-013, 
 76.40,  -9.81E-014, 
 76.50,  -4.10E-014, 
 76.60,  -1.79E-013, 
 76.70,   7.22E-014, 
 76.80,   4.19E-014, 
 76.90,   1.52E-013, 
 77.00,   1.65E-013, 
 77.10,   6.51E-014, 
 77.20,   2.77E-013, 
 77.30,   2.69E-013, 
 77.40,   1.35E-013, 
 77.50,   1.78E-015, 
 77.60,   3.21E-014, 
 77.70,   1.40E-013, 
 77.80,   2.05E-013, 
 77.90,   7.83E-013, 
 78.00,   4.17E-012, 
 78.10,   3.26E-012, 
 78.20,   2.56E-012, 
 78.30,   2.09E-012, 
 78.40,   5.77E-013, 
 78.50,  -1.83E-012, 
 78.60,  -1.03E-012, 
 78.70,  -5.56E-013, 
 78.80,  -6.10E-013, 
 78.90,  -3.78E-013, 
 79.00,   5.80E-014, 
 79.10,  -1.07E-014, 
 79.20,  -4.55E-014, 
 79.30,   9.81E-015, 
 79.40,   2.76E-013, 
 79.50,   2.98E-013, 
 79.60,   2.16E-013, 
 79.70,   2.40E-012, 
 79.80,   4.95E-012, 
 79.90,   5.72E-012, 
 80.00,   6.70E-012, 
 80.10,   9.05E-012, 
 80.20,   1.17E-011, 
 80.30,   1.21E-011, 
 80.40,   8.26E-012, 
 80.50,   4.03E-012, 
 80.60,   2.26E-012, 
 80.70,   1.17E-012, 
 80.80,  -1.59E-012, 
 80.90,  -7.17E-013, 
 81.00,   1.63E-013, 
 81.10,   6.82E-013, 
 81.20,   1.19E-012, 
 81.30,   3.73E-012, 
 81.40,   2.23E-012, 
 81.50,   1.71E-012, 
 81.60,   2.16E-012, 
 81.70,   4.06E-012, 
 81.80,   1.36E-011, 
 81.90,   2.74E-011, 
 82.00,   3.72E-011, 
 82.10,   5.23E-011, 
 82.20,   6.77E-011, 
 82.30,   5.99E-011, 
 82.40,   3.16E-011, 
 82.50,   1.40E-011, 
 82.60,   7.60E-012, 
 82.70,   7.28E-012, 
 82.80,   1.51E-011, 
 82.90,   3.00E-011, 
 83.00,   3.88E-011, 
 83.10,   5.40E-011, 
 83.20,   6.83E-011, 
 83.30,   6.29E-011, 
 83.40,   3.78E-011, 
 83.50,   1.76E-011, 
 83.60,   1.26E-011, 
 83.70,   1.97E-011, 
 83.80,   8.78E-011, 
 83.90,   1.60E-010, 
 84.00,   1.84E-010, 
 84.10,   2.84E-010, 
 84.20,   3.42E-010, 
 84.30,   2.56E-010, 
 84.40,   1.18E-010, 
 84.50,   2.95E-011, 
 84.60,   9.02E-012, 
 84.70,   4.17E-012, 
 84.80,   2.54E-012, 
 84.90,   1.78E-012, 
 85.00,   1.53E-012, 
 85.10,   1.41E-012, 
 85.20,   1.51E-012, 
 85.30,  -1.53E-012, 
 85.40,  -3.39E-014, 
 85.50,   2.59E-012, 
 85.60,   3.77E-012, 
 85.70,   5.08E-012, 
 85.80,   1.57E-011, 
 85.90,   3.78E-011, 
 86.00,   4.77E-011, 
 86.10,   7.05E-011, 
 86.20,   9.56E-011, 
 86.30,   8.27E-011, 
 86.40,   4.45E-011, 
 86.50,   1.59E-011, 
 86.60,   5.90E-012, 
 86.70,   2.65E-012, 
 86.80,   1.24E-012, 
 86.90,  -1.79E-012, 
 87.00,  -5.26E-013, 
 87.10,  -1.38E-013, 
 87.20,   1.03E-013, 
 87.30,  -1.78E-014, 
 87.40,  -1.02E-013, 
 87.50,   5.08E-014, 
 87.60,   9.99E-014, 
 87.70,   1.78E-014, 
 87.80,  -1.28E-013, 
 87.90,  -2.59E-013, 
 88.00,  -1.52E-013, 
 88.10,  -1.36E-013, 
 88.20,  -8.38E-014, 
 88.30,  -1.76E-013, 
 88.40,   2.94E-014, 
 88.50,  -3.39E-014, 
 88.60,  -1.47E-013, 
 88.70,   2.14E-014, 
 88.80,  -2.43E-013, 
 88.90,  -3.30E-013, 
 89.00,  -6.69E-014, 
 89.10,   1.40E-013, 
 89.20,  -5.97E-014, 
 89.30,  -3.92E-013, 
 89.40,  -2.68E-013, 
 89.50,   4.10E-014, 
 89.60,   1.62E-013, 
 89.70,   8.92E-015, 
 89.80,  -7.22E-014, 
 89.90,  -3.01E-013, 
 90.00,  -2.32E-014, 
