Jul 31, 2026  10:23:34 AM
Residual Gas Analyzer Software 
Software Version, 3.214.004

Analog Scan Setup:

Data Points in Scan, 891 
Units, Torr 
Noise Floor, 2 
CEM Status, OFF 
Points Per AMU, 10
Scan Start Mass, 1, amu 
Scan Stop Mass, 90, amu
Focus Voltage, 90, Volts 
Ion Energy, HIGH 
Electron Energy, 70, eV 
CEM Voltage, 1159, Volts
CEM Gain, 1.01E+003 
Sensitivity Factor, 1.11E-004 
Filament Current, 1.00, mAmps


  1.00,   4.69E-009, 
  1.10,   5.56E-009, 
  1.20,   7.15E-009, 
  1.30,   8.94E-009, 
  1.40,   1.14E-008, 
  1.50,   1.43E-008, 
  1.60,   1.49E-008, 
  1.70,   1.24E-008, 
  1.80,   1.02E-008, 
  1.90,   8.91E-009, 
  2.00,   8.53E-009, 
  2.10,   8.46E-009, 
  2.20,   8.29E-009, 
  2.30,   7.06E-009, 
  2.40,   4.22E-009, 
  2.50,   2.08E-009, 
  2.60,   1.21E-009, 
  2.70,   7.50E-010, 
  2.80,   4.00E-010, 
  2.90,   2.70E-010, 
  3.00,   1.95E-010, 
  3.10,   6.05E-011, 
  3.20,  -2.97E-010, 
  3.30,   4.35E-010, 
  3.40,   5.71E-010, 
  3.50,   1.24E-009, 
  3.60,   3.41E-009, 
  3.70,   6.85E-009, 
  3.80,   9.26E-009, 
  3.90,   1.26E-008, 
  4.00,   1.69E-008, 
  4.10,   2.06E-008, 
  4.20,   2.01E-008, 
  4.30,   1.50E-008, 
  4.40,   7.04E-009, 
  4.50,   3.29E-009, 
  4.60,   1.80E-009, 
  4.70,   1.04E-009, 
  4.80,   6.56E-010, 
  4.90,   4.53E-010, 
  5.00,   1.98E-010, 
  5.10,   1.43E-010, 
  5.20,  -4.99E-010, 
  5.30,  -2.83E-010, 
  5.40,   1.28E-010, 
  5.50,   3.32E-010, 
  5.60,   1.76E-010, 
  5.70,  -2.64E-010, 
  5.80,   9.21E-011, 
  5.90,  -9.76E-011, 
  6.00,  -3.15E-010, 
  6.10,   6.96E-011, 
  6.20,   3.73E-010, 
  6.30,  -3.43E-011, 
  6.40,  -2.73E-010, 
  6.50,   3.07E-011, 
  6.60,   2.26E-010, 
  6.70,  -2.49E-010, 
  6.80,  -4.66E-010, 
  6.90,  -2.77E-010, 
  7.00,   3.54E-010, 
  7.10,   1.17E-011, 
  7.20,  -3.23E-010, 
  7.30,   3.20E-010, 
  7.40,  -2.93E-010, 
  7.50,  -1.20E-010, 
  7.60,   5.69E-011, 
  7.70,  -3.69E-010, 
  7.80,  -2.24E-010, 
  7.90,   3.51E-010, 
  8.00,  -1.06E-010, 
  8.10,   1.41E-010, 
  8.20,   4.68E-010, 
  8.30,   4.11E-010, 
  8.40,   2.87E-010, 
  8.50,   2.62E-010, 
  8.60,   1.77E-010, 
  8.70,  -3.15E-010, 
  8.80,  -3.50E-010, 
  8.90,   1.00E-010, 
  9.00,   2.87E-010, 
  9.10,   2.14E-010, 
  9.20,   2.08E-010, 
  9.30,   1.91E-010, 
  9.40,  -2.54E-010, 
  9.50,  -2.77E-010, 
  9.60,   9.39E-011, 
  9.70,  -3.07E-011, 
  9.80,  -3.66E-010, 
  9.90,   4.64E-010, 
 10.00,  -2.80E-011, 
 10.10,  -3.76E-010, 
 10.20,  -2.82E-010, 
 10.30,   3.52E-010, 
 10.40,   6.05E-011, 
 10.50,  -3.47E-010, 
 10.60,  -2.73E-010, 
 10.70,   4.26E-010, 
 10.80,   2.03E-010, 
 10.90,  -6.50E-011, 
 11.00,  -4.73E-010, 
 11.10,   3.15E-010, 
 11.20,   2.92E-010, 
 11.30,  -3.34E-010, 
 11.40,  -4.07E-010, 
 11.50,  -2.94E-010, 
 11.60,   1.13E-010, 
 11.70,   3.64E-010, 
 11.80,   3.79E-010, 
 11.90,   3.11E-010, 
 12.00,   3.28E-010, 
 12.10,   2.29E-010, 
 12.20,  -1.83E-010, 
 12.30,   3.59E-010, 
 12.40,  -3.16E-010, 
 12.50,   1.12E-010, 
 12.60,   4.72E-010, 
 12.70,   2.94E-010, 
 12.80,  -3.03E-010, 
 12.90,  -2.98E-010, 
 13.00,   3.97E-010, 
 13.10,   1.88E-010, 
 13.20,  -3.54E-010, 
 13.30,  -1.76E-010, 
 13.40,   3.88E-010, 
 13.50,  -3.73E-010, 
 13.60,   9.30E-011, 
 13.70,   5.28E-010, 
 13.80,   4.39E-010, 
 13.90,   5.94E-010, 
 14.00,   7.80E-010, 
 14.10,   1.01E-009, 
 14.20,   9.53E-010, 
 14.30,   5.96E-010, 
 14.40,   3.10E-010, 
 14.50,  -2.48E-010, 
 14.60,  -4.16E-010, 
 14.70,  -2.11E-010, 
 14.80,   4.15E-010, 
 14.90,   2.79E-010, 
 15.00,   2.80E-010, 
 15.10,   2.53E-010, 
 15.20,   2.76E-010, 
 15.30,   2.24E-010, 
 15.40,   2.48E-010, 
 15.50,   1.75E-010, 
 15.60,   3.30E-010, 
 15.70,   5.54E-010, 
 15.80,   7.39E-010, 
 15.90,   1.00E-009, 
 16.00,   1.20E-009, 
 16.10,   1.46E-009, 
 16.20,   1.53E-009, 
 16.30,   1.16E-009, 
 16.40,   7.02E-010, 
 16.50,   5.47E-010, 
 16.60,   1.02E-009, 
 16.70,   1.82E-009, 
 16.80,   2.49E-009, 
 16.90,   3.22E-009, 
 17.00,   4.17E-009, 
 17.10,   4.71E-009, 
 17.20,   4.86E-009, 
 17.30,   4.07E-009, 
 17.40,   2.47E-009, 
 17.50,   2.21E-009, 
 17.60,   5.70E-009, 
 17.70,   1.16E-008, 
 17.80,   1.53E-008, 
 17.90,   2.12E-008, 
 18.00,   2.64E-008, 
 18.10,   2.97E-008, 
 18.20,   2.73E-008, 
 18.30,   1.91E-008, 
 18.40,   7.91E-009, 
 18.50,   3.82E-009, 
 18.60,   2.39E-009, 
 18.70,   1.86E-009, 
 18.80,   1.88E-009, 
 18.90,   2.23E-009, 
 19.00,   3.25E-009, 
 19.10,   5.02E-009, 
 19.20,   9.08E-009, 
 19.30,   1.98E-008, 
 19.40,   6.34E-008, 
 19.50,   3.70E-007, 
 19.60,   1.26E-006, 
 19.70,   1.36E-006, 
 19.80,   1.69E-006, 
 19.90,   1.96E-006, 
 20.00,   2.32E-006, 
 20.10,   2.10E-006, 
 20.20,   1.80E-006, 
 20.30,   3.24E-007, 
 20.40,   2.51E-008, 
 20.50,   9.49E-009, 
 20.60,   4.82E-009, 
 20.70,   2.85E-009, 
 20.80,   1.76E-009, 
 20.90,   1.36E-009, 
 21.00,   9.49E-010, 
 21.10,   6.96E-010, 
 21.20,   5.24E-010, 
 21.30,   4.09E-010, 
 21.40,   2.26E-011, 
 21.50,   3.21E-010, 
 21.60,   2.82E-010, 
 21.70,   3.79E-010, 
 21.80,   1.99E-010, 
 21.90,  -3.54E-010, 
 22.00,  -1.64E-010, 
 22.10,   4.25E-010, 
 22.20,   3.00E-010, 
 22.30,  -8.58E-011, 
 22.40,  -2.46E-010, 
 22.50,   3.88E-010, 
 22.60,   3.67E-010, 
 22.70,   6.05E-011, 
 22.80,  -4.93E-010, 
 22.90,   1.57E-010, 
 23.00,   2.76E-010, 
 23.10,  -2.19E-010, 
 23.20,  -2.61E-010, 
 23.30,   3.17E-010, 
 23.40,   2.32E-010, 
 23.50,  -3.47E-010, 
 23.60,  -3.78E-010, 
 23.70,  -2.67E-010, 
 23.80,   3.54E-010, 
 23.90,   2.69E-010, 
 24.00,   2.03E-010, 
 24.10,   1.25E-010, 
 24.20,  -2.48E-010, 
 24.30,   3.17E-010, 
 24.40,  -2.33E-010, 
 24.50,  -4.31E-010, 
 24.60,  -1.92E-010, 
 24.70,   4.50E-010, 
 24.80,  -1.54E-011, 
 24.90,  -4.14E-010, 
 25.00,  -2.64E-010, 
 25.10,  -1.36E-011, 
 25.20,   4.27E-010, 
 25.30,   4.16E-010, 
 25.40,   3.26E-010, 
 25.50,  -1.63E-011, 
 25.60,  -3.01E-010, 
 25.70,   3.94E-010, 
 25.80,   4.45E-010, 
 25.90,   3.41E-010, 
 26.00,  -1.90E-011, 
 26.10,  -4.44E-010, 
 26.20,  -2.47E-010, 
 26.30,  -2.10E-010, 
 26.40,   3.12E-010, 
 26.50,  -3.71E-010, 
 26.60,   7.86E-011, 
 26.70,   4.63E-010, 
 26.80,   2.73E-010, 
 26.90,   1.87E-010, 
 27.00,   1.94E-010, 
 27.10,   2.58E-010, 
 27.20,   3.32E-010, 
 27.30,   2.42E-010, 
 27.40,   2.95E-010, 
 27.50,   5.82E-010, 
 27.60,   2.38E-009, 
 27.70,   7.03E-009, 
 27.80,   1.05E-008, 
 27.90,   1.42E-008, 
 28.00,   1.62E-008, 
 28.10,   1.82E-008, 
 28.20,   1.85E-008, 
 28.30,   1.56E-008, 
 28.40,   7.24E-009, 
 28.50,   3.43E-009, 
 28.60,   1.84E-009, 
 28.70,   1.10E-009, 
 28.80,   6.00E-010, 
 28.90,   3.79E-010, 
 29.00,   3.28E-010, 
 29.10,   3.75E-010, 
 29.20,   3.17E-010, 
 29.30,   2.20E-010, 
 29.40,  -2.65E-010, 
 29.50,   2.57E-010, 
 29.60,   9.76E-010, 
 29.70,   2.35E-009, 
 29.80,   3.38E-009, 
 29.90,   4.68E-009, 
 30.00,   5.46E-009, 
 30.10,   6.30E-009, 
 30.20,   6.40E-009, 
 30.30,   5.32E-009, 
 30.40,   2.86E-009, 
 30.50,   1.54E-009, 
 30.60,   8.40E-010, 
 30.70,   5.32E-010, 
 30.80,   4.05E-010, 
 30.90,   3.69E-010, 
 31.00,   2.17E-010, 
 31.10,   2.49E-010, 
 31.20,   2.14E-010, 
 31.30,   1.67E-010, 
 31.40,   2.40E-010, 
 31.50,   4.86E-010, 
 31.60,   1.94E-009, 
 31.70,   4.65E-009, 
 31.80,   6.57E-009, 
 31.90,   9.23E-009, 
 32.00,   1.07E-008, 
 32.10,   1.19E-008, 
 32.20,   1.22E-008, 
 32.30,   1.03E-008, 
 32.40,   4.86E-009, 
 32.50,   2.43E-009, 
 32.60,   1.32E-009, 
 32.70,   7.86E-010, 
 32.80,   6.03E-010, 
 32.90,   4.10E-010, 
 33.00,  -8.85E-011, 
 33.10,  -1.09E-010, 
 33.20,   2.69E-010, 
 33.30,   1.95E-010, 
 33.40,  -3.44E-010, 
 33.50,  -1.01E-010, 
 33.60,   3.42E-010, 
 33.70,   1.88E-010, 
 33.80,  -2.37E-010, 
 33.90,   4.04E-010, 
 34.00,   2.40E-010, 
 34.10,   1.42E-010, 
 34.20,  -1.28E-010, 
 34.30,   3.50E-010, 
 34.40,   2.38E-010, 
 34.50,   1.64E-010, 
 34.60,   1.84E-010, 
 34.70,  -2.20E-010, 
 34.80,   9.67E-011, 
 34.90,   3.69E-010, 
 35.00,   2.01E-010, 
 35.10,   4.39E-010, 
 35.20,   4.98E-010, 
 35.30,   5.91E-010, 
 35.40,   1.07E-009, 
 35.50,   2.88E-009, 
 35.60,   1.21E-008, 
 35.70,   2.82E-008, 
 35.80,   3.99E-008, 
 35.90,   5.37E-008, 
 36.00,   6.03E-008, 
 36.10,   6.51E-008, 
 36.20,   6.21E-008, 
 36.30,   3.65E-008, 
 36.40,   1.22E-008, 
 36.50,   5.09E-009, 
 36.60,   2.29E-009, 
 36.70,   1.28E-009, 
 36.80,   9.19E-010, 
 36.90,   8.26E-010, 
 37.00,   7.10E-010, 
 37.10,   6.60E-010, 
 37.20,   7.02E-010, 
 37.30,   6.98E-010, 
 37.40,   7.71E-010, 
 37.50,   1.04E-009, 
 37.60,   2.35E-009, 
 37.70,   4.95E-009, 
 37.80,   7.08E-009, 
 37.90,   9.61E-009, 
 38.00,   1.13E-008, 
 38.10,   1.28E-008, 
 38.20,   1.33E-008, 
 38.30,   1.14E-008, 
 38.40,   7.60E-009, 
 38.50,   6.51E-009, 
 38.60,   7.58E-009, 
 38.70,   1.02E-008, 
 38.80,   1.50E-008, 
 38.90,   2.46E-008, 
 39.00,   4.22E-008, 
 39.10,   7.69E-008, 
 39.20,   1.74E-007, 
 39.30,   3.52E-007, 
 39.40,   7.08E-007, 
 39.50,   1.90E-006, 
 39.60,   7.16E-006, 
 39.70,   1.19E-005, 
 39.80,   1.35E-005, 
 39.90,   1.73E-005, 
 40.00,   1.88E-005, 
 40.10,   1.97E-005, 
 40.20,   1.86E-005, 
 40.30,   6.04E-006, 
 40.40,   1.39E-007, 
 40.50,   2.41E-008, 
 40.60,   1.05E-008, 
 40.70,   5.42E-009, 
 40.80,   3.15E-009, 
 40.90,   2.05E-009, 
 41.00,   1.50E-009, 
 41.10,   1.18E-009, 
 41.20,   9.51E-010, 
 41.30,   6.53E-010, 
 41.40,   4.75E-010, 
 41.50,   4.13E-010, 
 41.60,   5.65E-010, 
 41.70,   7.15E-010, 
 41.80,   7.97E-010, 
 41.90,   7.11E-010, 
 42.00,   6.65E-010, 
 42.10,   7.80E-010, 
 42.20,   7.97E-010, 
 42.30,   7.45E-010, 
 42.40,   3.47E-010, 
 42.50,   2.56E-010, 
 42.60,   3.48E-010, 
 42.70,   3.23E-010, 
 42.80,   1.87E-010, 
 42.90,   2.88E-010, 
 43.00,   2.58E-010, 
 43.10,   3.24E-010, 
 43.20,   3.64E-010, 
 43.30,   2.44E-010, 
 43.40,  -1.32E-010, 
 43.50,  -9.58E-011, 
 43.60,   6.12E-010, 
 43.70,   1.03E-009, 
 43.80,   1.48E-009, 
 43.90,   2.00E-009, 
 44.00,   2.69E-009, 
 44.10,   3.19E-009, 
 44.20,   3.42E-009, 
 44.30,   3.02E-009, 
 44.40,   1.86E-009, 
 44.50,   9.17E-010, 
 44.60,   5.01E-010, 
 44.70,   3.55E-010, 
 44.80,   2.80E-010, 
 44.90,  -2.38E-010, 
 45.00,  -3.67E-010, 
 45.10,   3.44E-010, 
 45.20,   3.02E-010, 
 45.30,   2.99E-010, 
 45.40,  -1.41E-010, 
 45.50,  -3.94E-010, 
 45.60,  -3.15E-010, 
 45.70,  -2.81E-010, 
 45.80,   3.01E-010, 
 45.90,  -1.72E-011, 
 46.00,  -2.48E-010, 
 46.10,   3.34E-010, 
 46.20,   1.95E-010, 
 46.30,  -1.22E-010, 
 46.40,  -3.78E-010, 
 46.50,  -2.53E-010, 
 46.60,   1.58E-010, 
 46.70,   2.60E-010, 
 46.80,   1.73E-010, 
 46.90,   1.47E-010, 
 47.00,   1.77E-010, 
 47.10,   1.44E-010, 
 47.20,  -3.58E-010, 
 47.30,  -2.67E-010, 
 47.40,  -3.43E-011, 
 47.50,   4.29E-010, 
 47.60,   2.22E-010, 
 47.70,  -3.96E-010, 
 47.80,   3.61E-011, 
 47.90,   2.29E-010, 
 48.00,  -3.63E-010, 
 48.10,  -3.90E-010, 
 48.20,  -3.42E-010, 
 48.30,  -3.26E-010, 
 48.40,   4.52E-012, 
 48.50,   5.15E-010, 
 48.60,   3.86E-010, 
 48.70,   1.78E-010, 
 48.80,   1.35E-010, 
 48.90,  -5.32E-010, 
 49.00,  -7.14E-011, 
 49.10,   4.88E-010, 
 49.20,   5.07E-010, 
 49.30,   3.97E-010, 
 49.40,   3.65E-010, 
 49.50,   2.44E-010, 
 49.60,   2.01E-010, 
 49.70,  -2.80E-010, 
 49.80,   2.35E-010, 
 49.90,  -7.86E-011, 
 50.00,  -4.20E-010, 
 50.10,   1.58E-010, 
 50.20,   2.92E-010, 
 50.30,   2.71E-010, 
 50.40,  -2.48E-010, 
 50.50,  -3.85E-010, 
 50.60,  -4.14E-010, 
 50.70,   2.22E-010, 
 50.80,   2.96E-010, 
 50.90,  -2.71E-012, 
 51.00,  -3.87E-010, 
 51.10,   2.31E-010, 
 51.20,  -1.15E-010, 
 51.30,  -4.56E-010, 
 51.40,  -2.85E-010, 
 51.50,   3.44E-010, 
 51.60,   2.86E-010, 
 51.70,   2.52E-010, 
 51.80,  -1.80E-010, 
 51.90,  -3.07E-010, 
 52.00,   1.00E-010, 
 52.10,  -1.54E-010, 
 52.20,  -4.03E-010, 
 52.30,  -2.71E-010, 
 52.40,   2.70E-010, 
 52.50,   2.76E-010, 
 52.60,   1.94E-010, 
 52.70,  -1.54E-010, 
 52.80,  -1.42E-010, 
 52.90,   3.99E-010, 
 53.00,   2.03E-010, 
 53.10,  -3.21E-010, 
 53.20,  -2.56E-010, 
 53.30,  -2.29E-010, 
 53.40,   1.69E-010, 
 53.50,   2.87E-010, 
 53.60,  -4.84E-010, 
 53.70,   1.93E-010, 
 53.80,   3.97E-010, 
 53.90,   2.26E-010, 
 54.00,  -2.74E-010, 
 54.10,  -4.00E-010, 
 54.20,  -5.42E-011, 
 54.30,   4.01E-010, 
 54.40,   2.30E-010, 
 54.50,  -7.05E-011, 
 54.60,  -4.33E-010, 
 54.70,   1.23E-010, 
 54.80,   3.63E-010, 
 54.90,   3.55E-010, 
 55.00,   2.59E-010, 
 55.10,   2.29E-010, 
 55.20,  -1.82E-010, 
 55.30,  -3.34E-010, 
 55.40,   2.66E-010, 
 55.50,   2.76E-010, 
 55.60,   2.45E-010, 
 55.70,  -1.81E-010, 
 55.80,  -2.39E-010, 
 55.90,   2.83E-010, 
 56.00,   2.60E-010, 
 56.10,  -1.65E-010, 
 56.20,  -3.86E-010, 
 56.30,   2.57E-010, 
 56.40,   2.39E-010, 
 56.50,  -2.17E-010, 
 56.60,  -3.87E-010, 
 56.70,  -2.91E-010, 
 56.80,   2.30E-010, 
 56.90,   1.85E-010, 
 57.00,  -4.66E-010, 
 57.10,  -2.71E-010, 
 57.20,  -2.38E-010, 
 57.30,   3.29E-010, 
 57.40,   1.94E-010, 
 57.50,  -2.12E-010, 
 57.60,  -3.50E-010, 
 57.70,  -2.44E-011, 
 57.80,   2.47E-010, 
 57.90,  -3.63E-010, 
 58.00,   1.73E-010, 
 58.10,   2.83E-010, 
 58.20,   1.70E-010, 
 58.30,   1.67E-010, 
 58.40,   2.01E-010, 
 58.50,  -4.07E-010, 
 58.60,  -2.76E-010, 
 58.70,   3.10E-010, 
 58.80,  -1.87E-010, 
 58.90,  -2.26E-011, 
 59.00,   3.32E-010, 
 59.10,   2.17E-010, 
 59.20,  -3.13E-010, 
 59.30,  -3.50E-010, 
 59.40,  -7.68E-011, 
 59.50,   2.40E-010, 
 59.60,   1.87E-010, 
 59.70,  -2.10E-010, 
 59.80,  -7.77E-011, 
 59.90,   3.33E-010, 
 60.00,  -7.23E-012, 
 60.10,  -3.37E-010, 
 60.20,  -1.69E-010, 
 60.30,   3.20E-010, 
 60.40,   1.92E-010, 
 60.50,  -7.23E-011, 
 60.60,  -2.60E-010, 
 60.70,   3.59E-010, 
 60.80,   3.65E-010, 
 60.90,   3.17E-010, 
 61.00,   2.26E-010, 
 61.10,   1.85E-010, 
 61.20,  -2.17E-010, 
 61.30,  -2.93E-010, 
 61.40,   1.76E-010, 
 61.50,   2.08E-010, 
 61.60,  -2.98E-010, 
 61.70,   3.23E-010, 
 61.80,   2.98E-010, 
 61.90,   1.61E-010, 
 62.00,  -2.41E-010, 
 62.10,  -2.92E-010, 
 62.20,   2.49E-010, 
 62.30,   2.02E-010, 
 62.40,   2.51E-010, 
 62.50,   1.90E-010, 
 62.60,  -3.56E-010, 
 62.70,   1.57E-010, 
 62.80,   2.85E-010, 
 62.90,   1.57E-010, 
 63.00,  -1.70E-010, 
 63.10,  -2.15E-010, 
 63.20,   3.36E-010, 
 63.30,   1.81E-010, 
 63.40,  -2.74E-010, 
 63.50,   3.69E-010, 
 63.60,  -8.67E-011, 
 63.70,  -3.41E-010, 
 63.80,   2.88E-010, 
 63.90,   2.26E-010, 
 64.00,  -2.66E-010, 
 64.10,  -4.01E-010, 
 64.20,  -2.07E-010, 
 64.30,   3.79E-010, 
 64.40,   1.45E-010, 
 64.50,  -3.54E-010, 
 64.60,   2.36E-010, 
 64.70,   8.40E-011, 
 64.80,  -4.25E-010, 
 64.90,  -3.05E-010, 
 65.00,  -2.67E-010, 
 65.10,  -2.00E-010, 
 65.20,   3.63E-010, 
 65.30,  -5.96E-011, 
 65.40,  -2.29E-010, 
 65.50,   2.43E-010, 
 65.60,   3.24E-010, 
 65.70,   2.29E-010, 
 65.80,   1.58E-010, 
 65.90,  -3.32E-010, 
 66.00,  -3.08E-010, 
 66.10,  -2.08E-011, 
 66.20,   4.16E-010, 
 66.30,   2.68E-010, 
 66.40,  -1.62E-010, 
 66.50,  -2.93E-010, 
 66.60,  -4.43E-011, 
 66.70,   2.76E-010, 
 66.80,   1.31E-010, 
 66.90,  -1.07E-010, 
 67.00,   5.55E-010, 
 67.10,   2.26E-010, 
 67.20,  -1.08E-010, 
 67.30,   3.55E-010, 
 67.40,   1.45E-010, 
 67.50,  -4.25E-010, 
 67.60,  -2.21E-010, 
 67.70,   3.66E-010, 
 67.80,   2.65E-010, 
 67.90,   2.14E-010, 
 68.00,  -1.98E-010, 
 68.10,  -2.76E-010, 
 68.20,   2.72E-010, 
 68.30,   1.69E-010, 
 68.40,  -3.74E-010, 
 68.50,   0.00E+000, 
 68.60,   3.04E-010, 
 68.70,   1.76E-010, 
 68.80,  -4.08E-010, 
 68.90,  -3.70E-010, 
 69.00,  -6.78E-011, 
 69.10,   3.31E-010, 
 69.20,   1.24E-010, 
 69.30,  -3.41E-010, 
 69.40,  -3.15E-010, 
 69.50,   4.18E-010, 
 69.60,   4.42E-010, 
 69.70,   3.39E-010, 
 69.80,   1.89E-010, 
 69.90,   9.58E-011, 
 70.00,  -3.92E-010, 
 70.10,  -7.77E-011, 
 70.20,   3.35E-010, 
 70.30,   1.52E-010, 
 70.40,  -2.72E-010, 
 70.50,  -2.60E-010, 
 70.60,   3.30E-010, 
 70.70,   1.66E-010, 
 70.80,  -3.90E-010, 
 70.90,   3.01E-010, 
 71.00,  -1.83E-010, 
 71.10,   1.08E-010, 
 71.20,   4.40E-010, 
 71.30,   2.83E-010, 
 71.40,   1.73E-010, 
 71.50,   1.12E-010, 
 71.60,  -4.04E-010, 
 71.70,  -2.14E-010, 
 71.80,   1.99E-011, 
 71.90,   3.02E-010, 
 72.00,   2.56E-010, 
 72.10,   2.40E-010, 
 72.20,  -2.78E-010, 
 72.30,  -3.29E-010, 
 72.40,   6.68E-011, 
 72.50,   3.79E-010, 
 72.60,   1.33E-010, 
 72.70,  -3.98E-010, 
 72.80,  -4.02E-010, 
 72.90,   8.67E-011, 
 73.00,   3.82E-010, 
 73.10,   2.83E-010, 
 73.20,   2.05E-010, 
 73.30,  -1.77E-010, 
 73.40,  -1.11E-010, 
 73.50,   2.83E-010, 
 73.60,   1.73E-010, 
 73.70,  -2.16E-010, 
 73.80,  -3.38E-010, 
 73.90,   2.64E-010, 
 74.00,   3.14E-010, 
 74.10,   2.67E-010, 
 74.20,   2.56E-010, 
 74.30,   2.77E-010, 
 74.40,   2.03E-010, 
 74.50,   1.40E-010, 
 74.60,  -1.59E-010, 
 74.70,   3.30E-010, 
 74.80,   2.32E-010, 
 74.90,   2.53E-011, 
 75.00,  -3.69E-010, 
 75.10,   3.67E-010, 
 75.20,   2.74E-010, 
 75.30,   3.41E-010, 
 75.40,   2.49E-010, 
 75.50,   1.56E-010, 
 75.60,  -2.57E-010, 
 75.70,   1.40E-010, 
 75.80,   3.13E-010, 
 75.90,   2.26E-010, 
 76.00,  -2.42E-010, 
 76.10,  -3.09E-010, 
 76.20,   1.27E-010, 
 76.30,   2.96E-010, 
 76.40,   2.98E-011, 
 76.50,  -4.59E-010, 
 76.60,   2.26E-011, 
 76.70,   3.54E-010, 
 76.80,   3.02E-010, 
 76.90,   1.78E-010, 
 77.00,   1.82E-010, 
 77.10,   1.59E-010, 
 77.20,  -4.95E-010, 
 77.30,   2.65E-010, 
 77.40,   3.54E-010, 
 77.50,  -6.68E-011, 
 77.60,  -2.93E-010, 
 77.70,   1.52E-010, 
 77.80,   4.46E-010, 
 77.90,   3.59E-010, 
 78.00,   2.72E-010, 
 78.10,  -3.37E-010, 
 78.20,  -4.43E-010, 
 78.30,   1.01E-010, 
 78.40,   5.11E-010, 
 78.50,   3.80E-010, 
 78.60,   3.19E-010, 
 78.70,   2.38E-010, 
 78.80,  -3.08E-010, 
 78.90,   3.30E-010, 
 79.00,   4.31E-010, 
 79.10,  -1.64E-010, 
 79.20,  -3.97E-010, 
 79.30,   2.30E-010, 
 79.40,   3.74E-010, 
 79.50,   3.03E-010, 
 79.60,   1.41E-010, 
 79.70,  -3.71E-010, 
 79.80,   3.31E-010, 
 79.90,   3.53E-010, 
 80.00,   2.04E-010, 
 80.10,   1.54E-010, 
 80.20,  -4.11E-010, 
 80.30,   3.92E-010, 
 80.40,   3.65E-010, 
 80.50,   3.06E-010, 
 80.60,   2.42E-010, 
 80.70,   1.72E-010, 
 80.80,  -1.66E-010, 
 80.90,  -2.44E-010, 
 81.00,   3.98E-010, 
 81.10,   3.31E-010, 
 81.20,   2.01E-010, 
 81.30,   4.88E-011, 
 81.40,  -3.48E-010, 
 81.50,   3.60E-010, 
 81.60,   3.26E-010, 
 81.70,   3.69E-010, 
 81.80,   3.64E-010, 
 81.90,   3.32E-010, 
 82.00,   3.69E-010, 
 82.10,   5.41E-010, 
 82.20,   6.44E-010, 
 82.30,   4.64E-010, 
 82.40,   2.37E-010, 
 82.50,   2.19E-010, 
 82.60,   3.52E-011, 
 82.70,  -3.78E-010, 
 82.80,   3.23E-010, 
 82.90,   5.00E-010, 
 83.00,   4.05E-010, 
 83.10,   3.74E-010, 
 83.20,   4.22E-010, 
 83.30,   4.72E-010, 
 83.40,   4.25E-010, 
 83.50,   3.00E-010, 
 83.60,   2.64E-010, 
 83.70,  -1.54E-010, 
 83.80,   5.32E-010, 
 83.90,   8.24E-010, 
 84.00,   1.06E-009, 
 84.10,   1.48E-009, 
 84.20,   1.77E-009, 
 84.30,   1.94E-009, 
 84.40,   1.48E-009, 
 84.50,   8.55E-010, 
 84.60,   5.30E-010, 
 84.70,   4.09E-010, 
 84.80,   2.32E-010, 
 84.90,   7.23E-011, 
 85.00,   5.15E-011, 
 85.10,   4.28E-010, 
 85.20,   3.58E-010, 
 85.30,   2.92E-010, 
 85.40,   2.53E-010, 
 85.50,   2.05E-010, 
 85.60,  -9.67E-011, 
 85.70,  -2.37E-010, 
 85.80,   6.17E-010, 
 85.90,   6.46E-010, 
 86.00,   4.91E-010, 
 86.10,   5.15E-010, 
 86.20,   5.83E-010, 
 86.30,   6.14E-010, 
 86.40,   4.05E-010, 
 86.50,   2.85E-010, 
 86.60,   1.54E-011, 
 86.70,  -2.90E-010, 
 86.80,   4.62E-010, 
 86.90,   2.63E-010, 
 87.00,  -4.46E-010, 
 87.10,   2.80E-011, 
 87.20,   2.96E-010, 
 87.30,   3.47E-010, 
 87.40,   2.46E-010, 
 87.50,   2.10E-010, 
 87.60,   3.79E-011, 
 87.70,  -3.13E-010, 
 87.80,   3.39E-010, 
 87.90,   2.01E-010, 
 88.00,  -2.65E-010, 
 88.10,  -1.07E-010, 
 88.20,   3.99E-010, 
 88.30,   3.52E-010, 
 88.40,   2.74E-010, 
 88.50,  -2.67E-010, 
 88.60,   8.49E-011, 
 88.70,   3.44E-010, 
 88.80,   1.98E-010, 
 88.90,   2.55E-010, 
 89.00,   3.23E-010, 
 89.10,   2.81E-010, 
 89.20,  -1.81E-012, 
 89.30,  -4.22E-010, 
 89.40,   2.35E-011, 
 89.50,   1.53E-010, 
 89.60,   3.20E-010, 
 89.70,   3.50E-010, 
 89.80,   2.20E-010, 
 89.90,   7.14E-011, 
 90.00,  -3.86E-010, 
