Jul 31, 2026  01:23:33 PM
Residual Gas Analyzer Software 
RGA Software Version, 3.214.004

Pressure vs Time Scan Setup:

Active channels in Scan, 8 
Units, Torr
Sample Period, 1.00, sec
Focus Voltage, 90, Volts 
Ion Energy, HIGH 
Electron Energy, 70, eV 
CEM Voltage, 1159, Volts
CEM Gain, 1.01E+003 
Sensitivity Factor, 1.11E-004 
Filament Current, 1.00, mAmps
Start time, Jul 31, 2026  01:23:33 PM 
Channel,  Mass(amu),     Name,                 Cal Factor,  Noise Floor, CEM Status

1         2.00           Hydrogen              1.00         3            OFF
2         4.00           Helium                1.00         3            OFF
3         26.00          Dummy-26              1.00         3            ON
4         28.00          Nitrogen              1.00         3            ON
5         32.00          Oxygen                1.00         3            ON
6         40.00          Argon                 1.00         3            ON
7         44.00          Carbon dioxide        1.00         3            ON
8         84.00          Krypton               1.00         3            ON


Time(s)      Channel#1   Channel#2   Channel#3   Channel#4   Channel#5   Channel#6   Channel#7   Channel#8   

0.000,   5.2690E-008,   3.2868E-006,   5.5262E-012,   2.9391E-011,   2.2304E-011,   1.4315E-011,   7.7386E-012,   9.3009E-013,  
5.672,   5.1391E-008,   3.3414E-006,   2.7820E-011,   1.8111E-011,   2.0532E-011,   1.4808E-011,   7.0983E-012,   4.0753E-013,  
10.688,   5.5672E-008,   3.3852E-006,   2.8656E-011,   1.7289E-011,   1.9742E-011,   1.5131E-011,   9.2590E-012,   1.0157E-012,  
15.766,   5.7523E-008,   3.4535E-006,   4.7530E-012,   1.6257E-011,   1.9547E-011,   1.5252E-011,   9.2082E-012,   8.1506E-013,  
20.813,   5.7028E-008,   3.4572E-006,   2.8853E-011,   1.6259E-011,   1.9681E-011,   1.5729E-011,   6.6007E-012,   7.0270E-013,  
25.844,   5.7883E-008,   3.4322E-006,   2.9271E-011,   1.7143E-011,   1.9093E-011,   1.3699E-011,   8.4627E-012,   5.9212E-013,  
30.875,   5.6343E-008,   3.4579E-006,   2.8280E-011,   1.6863E-011,   1.9252E-011,   1.6656E-011,   7.4996E-012,   6.5009E-013,  
35.953,   5.7827E-008,   3.4375E-006,   2.8630E-011,   1.6867E-011,   1.9550E-011,   1.5525E-011,   6.8219E-012,   8.2487E-013,  
41.000,   5.8399E-008,   3.4421E-006,   2.9537E-011,   1.5785E-011,   1.9515E-011,   1.6874E-011,   8.5118E-012,   2.4880E-013,  
46.032,   5.3537E-008,   3.4350E-006,   2.8636E-011,   1.7164E-011,   1.8661E-011,   1.5938E-011,   7.2544E-012,   8.6767E-013,  
51.063,   5.6123E-008,   3.4461E-006,   7.5888E-012,   1.6397E-011,   1.8744E-011,   1.6548E-011,   7.0395E-012,   6.7238E-013,  
56.125,   5.6615E-008,   3.4233E-006,   2.9665E-011,   1.6678E-011,   1.9622E-011,   1.6381E-011,   6.9155E-012,   6.0728E-013,  
61.157,   5.7382E-008,   3.4556E-006,   2.7774E-011,   1.6731E-011,   1.9019E-011,   1.7533E-011,   7.9419E-012,   6.5187E-013,  
66.172,   5.4604E-008,   3.4372E-006,   2.9192E-011,   1.6987E-011,   1.9692E-011,   2.0548E-011,   7.1215E-012,   5.2167E-013,  
71.219,   5.8007E-008,   3.4364E-006,   2.5727E-011,   1.5715E-011,   2.2048E-011,   1.9601E-011,   8.9104E-012,   7.9722E-013,  
76.250,   5.6014E-008,   3.4193E-006,   2.8079E-011,   1.7450E-011,   2.2399E-011,   1.8720E-011,   6.8049E-012,   7.8741E-013,  
81.266,   5.7342E-008,   3.4156E-006,   2.7990E-011,   1.6578E-011,   2.0712E-011,   1.8169E-011,   6.9396E-012,   6.7327E-013,  
86.297,   5.4944E-008,   3.4382E-006,   2.7873E-011,   1.7065E-011,   1.9338E-011,   1.7292E-011,   6.8977E-012,   7.2945E-013,  
91.375,   5.6020E-008,   3.4240E-006,   2.9638E-011,   1.7631E-011,   1.9191E-011,   1.7438E-011,   8.2407E-012,   8.2219E-013,  
96.391,   5.5983E-008,   3.4214E-006,   2.8862E-011,   1.6257E-011,   2.0115E-011,   1.7542E-011,   8.1051E-012,   5.7161E-013,  
101.438,   5.4951E-008,   3.4215E-006,   2.6765E-011,   1.6126E-011,   1.8966E-011,   1.6338E-011,   7.2419E-012,   5.5913E-013,  
106.485,   5.6878E-008,   3.4086E-006,   8.0623E-012,   1.7310E-011,   1.8715E-011,   1.7269E-011,   7.3650E-012,   7.2321E-013,  
111.547,   5.6178E-008,   3.4277E-006,   3.0697E-011,   1.7183E-011,   1.8972E-011,   1.5179E-011,   6.6953E-012,   1.0104E-012,  
116.594,   5.6277E-008,   3.4400E-006,   2.9900E-011,   1.6512E-011,   1.8299E-011,   1.6719E-011,   8.8693E-012,   8.2933E-013,  
121.641,   5.5893E-008,   3.4098E-006,   2.8205E-011,   1.6381E-011,   1.9232E-011,   1.7178E-011,   8.6607E-012,   7.5085E-013,  
126.657,   5.5364E-008,   3.4358E-006,   7.8010E-012,   1.6288E-011,   1.8859E-011,   1.7246E-011,   6.7060E-012,   5.0384E-013,  
131.703,   5.4643E-008,   3.4321E-006,   8.0784E-012,   1.6193E-011,   1.8388E-011,   1.6427E-011,   4.3000E-012,   8.2487E-013,  
136.766,   5.5458E-008,   3.4348E-006,   3.0196E-011,   1.6464E-011,   1.5412E-011,   1.6995E-011,   7.9767E-012,   6.7238E-013,  
141.813,   5.6820E-008,   3.4110E-006,   1.0771E-011,   1.7205E-011,   1.8548E-011,   1.7142E-011,   8.0793E-012,   5.9747E-013,  
146.875,   5.5145E-008,   3.4141E-006,   7.9205E-012,   1.6520E-011,   1.8801E-011,   1.7344E-011,   8.7909E-012,   6.9289E-013,  
151.922,   5.2452E-008,   3.4304E-006,   2.8120E-011,   1.6374E-011,   1.7558E-011,   1.7191E-011,   6.4786E-012,   8.4360E-013,  
156.938,   5.6012E-008,   3.4163E-006,   2.8138E-011,   1.6440E-011,   1.8889E-011,   1.6447E-011,   8.6473E-012,   1.2797E-012,  
161.953,   5.3273E-008,   3.4130E-006,   2.8104E-011,   1.6700E-011,   1.8114E-011,   1.7729E-011,   7.6601E-012,   7.0716E-013,  
166.985,   5.6393E-008,   3.4219E-006,   2.8113E-011,   1.6953E-011,   1.8434E-011,   1.6888E-011,   7.5674E-012,  -6.1442E-013,  
172.016,   5.5272E-008,   3.3894E-006,   2.7469E-011,   1.6749E-011,   1.8520E-011,   1.6861E-011,   7.9615E-012,   9.2029E-013,  
177.047,   5.5384E-008,   3.4028E-006,   1.3946E-011,   1.6362E-011,   1.8639E-011,   1.6689E-011,   7.6904E-012,   3.3708E-013,  
182.110,   5.5036E-008,   3.4104E-006,   2.7609E-011,   1.6908E-011,   1.9569E-011,   1.6082E-011,   6.6498E-012,   5.2167E-013,  
187.157,   5.5752E-008,   3.4255E-006,   8.1684E-012,   1.6741E-011,   1.8026E-011,   1.6613E-011,   8.2032E-012,   7.0627E-013,  
192.188,   5.5337E-008,   3.4219E-006,   2.7673E-011,   1.6650E-011,   1.8615E-011,   1.6147E-011,   7.0796E-012,   4.9581E-013,  
197.203,   5.6113E-008,   3.4243E-006,   2.7445E-011,   1.6081E-011,   1.9023E-011,   1.6671E-011,   8.1185E-012,   8.4092E-013,  
202.250,   5.4155E-008,   3.4157E-006,   2.7000E-011,   1.7013E-011,   1.8497E-011,   1.6939E-011,   7.4952E-012,   7.9633E-013,  
207.250,   5.3845E-008,   3.4073E-006,   2.7139E-011,   1.6329E-011,   1.9179E-011,   1.7329E-011,   7.5683E-012,   8.0347E-013,  
212.266,   5.2645E-008,   3.4105E-006,   7.5166E-012,   1.6431E-011,   1.8213E-011,   1.7147E-011,   5.0232E-012,   5.7964E-013,  
217.328,   5.1820E-008,   3.4218E-006,   2.6916E-011,   1.6768E-011,   1.8349E-011,   1.6717E-011,   8.6339E-012,   5.9301E-013,  
222.407,   5.3622E-008,   3.3997E-006,   2.7793E-011,   1.7065E-011,   1.8025E-011,   1.5725E-011,   7.1545E-012,   8.0882E-013,  
227.438,   5.3100E-008,   3.4052E-006,   6.0149E-012,   1.6632E-011,   1.8045E-011,   1.6809E-011,   7.6013E-012,   8.4716E-013,  
232.453,   5.7487E-008,   3.4039E-006,   2.7433E-011,   1.7347E-011,   1.9175E-011,   1.6427E-011,   6.9004E-012,   1.1218E-012,  
237.469,   5.4917E-008,   3.4006E-006,   2.5397E-011,   1.9143E-011,   1.8399E-011,   1.6452E-011,   5.7001E-012,   4.4052E-013,  
242.500,   5.0761E-008,   3.3916E-006,   7.8554E-012,   2.2822E-011,   1.8391E-011,   1.7221E-011,   6.8469E-012,   2.9517E-013,  
247.532,   5.3600E-008,   3.4225E-006,   2.7508E-011,   2.6993E-011,   1.8554E-011,   1.7157E-011,   6.7630E-012,   7.4907E-013,  
252.547,   5.2190E-008,   3.4014E-006,   2.5662E-011,   2.7839E-011,   1.8358E-011,   1.6521E-011,   7.7324E-012,   8.4627E-013,  
257.610,   5.3524E-008,   3.4063E-006,   2.6296E-011,   2.5871E-011,   1.8217E-011,   1.6863E-011,   9.2894E-012,   5.3862E-013,  
262.625,   5.2696E-008,   3.4135E-006,   2.7172E-011,   2.1845E-011,   1.8272E-011,   1.6217E-011,   6.6034E-012,   7.8028E-013,  
267.657,   5.2605E-008,   3.4134E-006,   2.6684E-011,   1.9360E-011,   1.7954E-011,   1.7015E-011,   6.8959E-012,   4.4320E-013,  
272.703,   5.4692E-008,   3.4113E-006,   2.5062E-011,   1.8435E-011,   1.8284E-011,   1.6292E-011,   8.5278E-012,   1.0211E-012,  
277.750,   5.2696E-008,   3.4075E-006,   5.7117E-012,   1.8487E-011,   1.7611E-011,   1.6226E-011,   7.4987E-012,   4.1734E-013,  
282.828,   5.1560E-008,   3.4097E-006,   6.1807E-012,   1.7096E-011,   1.7917E-011,   1.6592E-011,   6.7184E-012,   9.2653E-013,  
287.860,   5.4064E-008,   3.3855E-006,   2.6675E-011,   1.7404E-011,   1.8226E-011,   1.6887E-011,   6.9824E-012,   9.2920E-013,  
292.891,   4.9903E-008,   3.3889E-006,   2.6681E-011,   1.6218E-011,   1.8085E-011,   1.4457E-011,   7.2918E-012,   5.7607E-013,  
297.938,   5.4290E-008,   3.3945E-006,   2.5394E-011,   1.6371E-011,   1.4962E-011,   1.7101E-011,   6.9146E-012,   8.3824E-013,  
302.969,   5.1639E-008,   3.3932E-006,   2.6132E-011,   1.3910E-011,   1.8351E-011,   1.5649E-011,   8.7882E-012,   9.1048E-013,  
308.016,   5.2043E-008,   3.3981E-006,   2.7167E-011,   1.6116E-011,   1.7759E-011,   1.6012E-011,   6.4964E-012,   5.9926E-013,  
313.063,   5.4237E-008,   3.3994E-006,   7.5478E-012,   1.6423E-011,   1.8010E-011,   1.6387E-011,   8.0516E-012,   7.0537E-013,  
318.063,   5.1262E-008,   3.3870E-006,   2.7008E-011,   1.5937E-011,   1.7121E-011,   1.6886E-011,   7.0145E-012,   6.5365E-013,  
323.110,   5.2519E-008,   3.3939E-006,   2.4422E-011,   1.6281E-011,   1.7350E-011,   1.6557E-011,   7.2838E-012,   9.0602E-013,  
328.125,   5.1956E-008,   3.4021E-006,   8.9630E-012,   1.6248E-011,   1.8722E-011,   1.5824E-011,   8.6491E-012,   9.5150E-013,  
333.172,   4.9390E-008,   3.4184E-006,   2.5778E-011,   1.6614E-011,   1.7590E-011,   1.6749E-011,   8.4047E-012,   5.6626E-013,  
338.219,   4.9706E-008,   3.3935E-006,   2.4826E-011,   1.7141E-011,   1.8010E-011,   1.6254E-011,   7.6976E-012,   7.8652E-013,  
343.266,   5.0344E-008,   3.3803E-006,   2.4886E-011,   1.6143E-011,   1.7730E-011,   1.5691E-011,   8.3182E-012,   4.6014E-013,  
348.313,   5.3780E-008,   3.4072E-006,   2.5010E-011,   1.6584E-011,   1.8261E-011,   1.5730E-011,   8.2647E-012,   7.0270E-013,  
353.360,   5.3758E-008,   3.3823E-006,   2.4501E-011,   1.6286E-011,   1.7484E-011,   1.7106E-011,   8.2148E-012,   4.0396E-013,  
358.391,   5.4149E-008,   3.3958E-006,   2.5061E-011,   1.5930E-011,   1.8139E-011,   1.6183E-011,   6.9244E-012,   4.0485E-013,  
363.438,   4.9894E-008,   3.3898E-006,   2.3779E-011,   1.4272E-011,   1.8360E-011,   1.6993E-011,   7.2455E-012,   4.3428E-013,  
368.485,   5.3037E-008,   3.3808E-006,   5.9391E-012,   1.6165E-011,   1.8566E-011,   1.6158E-011,   8.8051E-012,   7.2321E-013,  
373.532,   5.0607E-008,   3.3917E-006,   2.0865E-011,   1.7072E-011,   1.8068E-011,   1.5395E-011,   7.3980E-012,   5.6804E-013,  
378.547,   5.1070E-008,   3.3946E-006,   1.2726E-011,   1.6337E-011,   1.7696E-011,   1.5974E-011,   7.6548E-012,   7.0448E-013,  
383.625,   4.9164E-008,   3.3719E-006,   2.4852E-011,   1.6175E-011,   1.8317E-011,   1.6489E-011,   7.6815E-012,   6.6614E-013,  
388.625,   4.9642E-008,   3.3749E-006,   2.5282E-011,   1.6514E-011,   1.8031E-011,   1.6456E-011,   8.0855E-012,   7.9544E-013,  
393.688,   5.2642E-008,   3.3772E-006,   6.2101E-012,   1.5951E-011,   1.7524E-011,   1.5586E-011,   6.9530E-012,   4.5836E-013,  
398.703,   5.2894E-008,   3.3812E-006,   2.3982E-011,   1.6658E-011,   1.7614E-011,   1.5785E-011,   7.0243E-012,   9.3990E-013,  
403.766,   4.9170E-008,   3.3652E-006,   8.8292E-012,   1.6702E-011,   1.7845E-011,   1.5950E-011,   7.4800E-012,   5.4218E-013,  
409.782,   5.0849E-008,   3.3912E-006,   2.5303E-011,   1.6710E-011,   1.8397E-011,   1.6443E-011,   8.0124E-012,   1.1147E-013,  
414.844,   5.2977E-008,   3.3972E-006,   2.5069E-011,   1.5970E-011,   1.7863E-011,   1.6190E-011,   8.5403E-012,   4.1645E-013,  
419.891,   4.8760E-008,   3.3672E-006,   2.5602E-011,   1.7313E-011,   1.7746E-011,   1.6112E-011,   7.8082E-012,   9.1315E-013,  
424.938,   4.8303E-008,   3.3658E-006,   2.5733E-011,   1.5999E-011,   1.8230E-011,   1.5978E-011,   8.5189E-012,   7.8296E-013,  
429.938,   4.8627E-008,   3.3805E-006,   2.4375E-011,   1.6026E-011,   1.7987E-011,   1.7018E-011,   8.1408E-012,   8.3111E-013,  
434.969,   5.0805E-008,   3.3639E-006,   2.4481E-011,   1.6368E-011,   1.6430E-011,   1.6710E-011,   7.9767E-012,   6.8816E-012,  
440.000,   5.0609E-008,   3.3682E-006,   2.5496E-011,   1.6470E-011,   1.6758E-011,   1.5828E-011,   8.0320E-012,   6.3314E-014,  
445.000,   4.9171E-008,   3.3762E-006,   2.4013E-011,   1.7284E-011,   1.7424E-011,   1.5707E-011,   8.6910E-012,   4.6817E-013,  
450.063,   4.9105E-008,   3.3479E-006,   2.3823E-011,   1.6571E-011,   1.7786E-011,   1.5760E-011,   6.6703E-012,   9.2564E-013,  
455.141,   5.1564E-008,   3.3670E-006,   2.5069E-011,   1.6333E-011,   1.7959E-011,   1.5989E-011,   7.6967E-012,   6.5633E-013,  
460.141,   4.7612E-008,   3.3665E-006,   2.5155E-011,   1.6813E-011,   1.7831E-011,   1.5968E-011,   7.3159E-012,   8.1863E-013,  
465.203,   4.9145E-008,   3.3798E-006,   6.9102E-012,   1.6593E-011,   1.7546E-011,   1.6246E-011,   8.5492E-012,   3.7275E-013,  
470.203,   4.8959E-008,   3.3524E-006,   2.4338E-011,   1.6670E-011,   1.7890E-011,   1.6447E-011,   7.8394E-012,   8.3289E-013,  
475.235,   4.9332E-008,   3.3790E-006,   2.3861E-011,   1.6921E-011,   1.6858E-011,   1.5663E-011,   5.8820E-012,   3.3708E-013,  
480.313,   5.1685E-008,   3.3614E-006,   2.3383E-011,   1.5974E-011,   1.7154E-011,   1.5896E-011,   6.5998E-012,   2.1670E-013,  
485.328,   5.1119E-008,   3.3831E-006,   7.3596E-012,   1.6008E-011,   1.7938E-011,   1.5997E-011,   1.0047E-011,   6.0371E-013,  
490.375,   5.0958E-008,   3.3585E-006,   2.3707E-011,   1.6322E-011,   1.6901E-011,   1.6147E-011,   9.0941E-012,   1.8638E-013,  
495.453,   5.0726E-008,   3.3818E-006,   2.2332E-011,   1.6461E-011,   1.7986E-011,   1.6036E-011,   8.2505E-012,   4.1556E-013,  
500.453,   4.9481E-008,   3.3730E-006,   6.6730E-012,   1.6231E-011,   1.7833E-011,   1.6389E-011,   7.6699E-012,   6.4830E-013,  
505.500,   4.7481E-008,   3.3669E-006,   2.6039E-013,   1.6345E-011,   1.8303E-011,   1.6290E-011,   8.2451E-012,   6.3671E-013,  
510.532,   4.9405E-008,   3.3615E-006,   2.4461E-011,   1.2583E-011,   1.7347E-011,   1.5467E-011,   8.5091E-012,   7.5353E-013,  
515.594,   5.0334E-008,   3.3557E-006,   2.4079E-011,   1.6121E-011,   1.7714E-011,   1.6175E-011,   8.6937E-012,   9.4971E-013,  
520.641,   4.9224E-008,   3.3452E-006,   2.3417E-011,   1.6009E-011,   1.8333E-011,   1.5642E-011,   7.5076E-012,   3.1479E-013,  
525.672,   5.0268E-008,   3.3455E-006,   2.3391E-011,   1.6665E-011,   1.5873E-011,   1.5601E-011,   7.3186E-012,   5.9926E-013,  
530.703,   4.9393E-008,   3.3868E-006,   2.2314E-011,   1.6873E-011,   1.7447E-011,   1.6160E-011,   8.5777E-012,   5.1632E-013,  
535.750,   5.1257E-008,   3.3520E-006,   7.7707E-012,   1.6877E-011,   1.6933E-011,   1.5126E-011,   8.4975E-012,   8.7035E-013,  
540.782,   5.0554E-008,   3.3600E-006,   7.2196E-012,   1.6655E-011,   1.6879E-011,   1.5677E-011,   8.5082E-012,   6.3314E-013,  
545.828,   4.9132E-008,   3.3607E-006,   2.4241E-011,   1.5846E-011,   1.7638E-011,   1.5660E-011,   6.3751E-012,   9.0334E-013,  
550.875,   5.0725E-008,   3.3327E-006,   6.3359E-012,   1.6937E-011,   1.7811E-011,   1.5384E-011,   7.7386E-012,   3.6562E-013,  
555.922,   4.9015E-008,   3.3508E-006,   2.3631E-011,   1.5934E-011,   1.7439E-011,   1.5147E-011,   7.4782E-012,   1.3911E-013,  
561.907,   4.9957E-008,   3.3465E-006,   2.1744E-011,   1.6735E-011,   1.7201E-011,   1.5089E-011,   7.8777E-012,   7.0448E-014,  
566.969,   4.9799E-008,   3.3367E-006,   1.0668E-011,   1.6104E-011,   1.7131E-011,   1.5725E-011,   6.8299E-012,   7.7850E-013,  
571.985,   5.0318E-008,   3.3374E-006,   2.3288E-011,   1.6505E-011,   1.7296E-011,   1.5266E-011,   8.9710E-012,   7.2339E-012,  
577.000,   4.7386E-008,   3.3338E-006,   2.3036E-011,   1.6853E-011,   1.7739E-011,   1.5356E-011,   9.1618E-012,   4.8600E-013,  
582.032,   4.9528E-008,   3.3364E-006,   2.3377E-011,   1.6630E-011,   1.7300E-011,   1.5345E-011,   8.3771E-012,   6.1798E-013,  
587.078,   4.8395E-008,   3.3391E-006,   2.1834E-011,   1.5821E-011,   1.7187E-011,   1.5261E-011,   6.0889E-012,   6.3403E-013,  
592.094,   4.7341E-008,   3.3454E-006,   4.2001E-013,   1.7032E-011,   1.7386E-011,   1.5938E-011,   7.5531E-012,   7.0805E-013,  
597.141,   5.0576E-008,   3.3407E-006,   2.3349E-011,   1.6269E-011,   1.7999E-011,   1.6282E-011,   6.4259E-012,   5.9034E-013,  
602.157,   4.9530E-008,   3.3461E-006,   6.5107E-012,   1.6968E-011,   1.7233E-011,   1.5195E-011,   7.7894E-012,   1.4268E-014,  
607.219,   4.8390E-008,   3.2916E-006,   2.2807E-011,   1.5244E-011,   1.7769E-011,   1.5400E-011,   7.5460E-012,   4.6014E-013,  
612.219,   4.6263E-008,   3.2488E-006,   2.1867E-011,   1.5011E-011,   1.6883E-011,   1.5453E-011,   5.1017E-012,   3.4422E-013,  
617.282,   4.8797E-008,   3.2856E-006,   2.3469E-011,   1.4157E-011,   1.7270E-011,   1.5607E-011,   7.7547E-012,   7.6690E-013,  
622.297,   4.6020E-008,   3.2778E-006,   2.3375E-011,   1.6317E-011,   1.7069E-011,   1.5087E-011,   8.4716E-012,   4.8600E-013,  
627.375,   4.7863E-008,   3.3079E-006,   2.1308E-011,   1.6890E-011,   1.7279E-011,   1.5830E-011,   8.3824E-012,   3.2638E-013,  
632.407,   4.8182E-008,   3.3198E-006,   2.3041E-011,   2.8879E-011,   2.2391E-011,   1.5451E-011,   6.7220E-012,   5.4218E-013,  
637.438,   4.7230E-008,   3.3132E-006,   1.0602E-011,   1.9640E-011,   1.8457E-011,   1.5810E-011,   7.9758E-012,   6.6970E-013,  
642.516,   4.6315E-008,   3.3134E-006,   8.3414E-012,   1.6183E-011,   1.7449E-011,   1.6034E-011,   6.7470E-012,   4.4855E-013,  
647.547,   4.8051E-008,   3.3215E-006,   2.2851E-011,   1.5631E-011,   1.6446E-011,   1.5731E-011,   8.5242E-012,   8.7391E-013,  
652.610,   4.7639E-008,   3.3201E-006,   2.3322E-011,   1.5911E-011,   1.7388E-011,   1.4899E-011,   7.6503E-012,   3.2281E-013,  
657.657,   4.8157E-008,   3.3099E-006,   2.2252E-011,   1.6814E-011,   1.7458E-011,   1.4422E-011,   6.9458E-012,   6.7327E-013,  
662.657,   4.7982E-008,   3.3055E-006,   8.3530E-012,   1.6603E-011,   1.8277E-011,   1.5483E-011,   4.6647E-012,   3.8345E-013,  
667.688,   4.4493E-008,   3.3011E-006,   2.2542E-011,   1.7114E-011,   1.6700E-011,   1.6356E-011,   7.1438E-012,   6.6168E-013,  
672.735,   4.5253E-008,   3.3099E-006,   2.2945E-011,   1.6301E-011,   1.7722E-011,   1.4897E-011,   9.0486E-012,   5.5288E-013,  
677.766,   4.6678E-008,   3.3025E-006,   2.0616E-011,   1.6394E-011,   1.7984E-011,   1.5139E-011,   8.5037E-012,   5.1811E-013,  
682.782,   4.5726E-008,   3.2709E-006,   7.5130E-012,   1.6439E-011,   1.7229E-011,   1.5052E-011,   7.0528E-012,   6.3671E-013,  
687.797,   4.7351E-008,   3.3173E-006,   2.3869E-011,   1.5014E-011,   1.7221E-011,   1.5887E-011,   7.6797E-012,   7.1964E-013,  
692.797,   4.3999E-008,   3.3188E-006,   6.9325E-012,   1.7422E-011,   1.7872E-011,   1.5328E-011,   7.6343E-012,   4.8868E-013,  
697.844,   4.6821E-008,   3.3273E-006,   1.2167E-011,   1.6746E-011,   1.7420E-011,   1.5175E-011,   8.7213E-012,   3.3530E-013,  
702.891,   4.5593E-008,   3.2989E-006,   1.2011E-011,   1.6530E-011,   1.7680E-011,   1.5780E-011,   8.5528E-012,   8.3735E-013,  
707.922,   4.3070E-008,   3.2904E-006,   7.2597E-012,   1.5963E-011,   1.7434E-011,   1.5146E-011,   7.3008E-012,   7.8652E-013,  
712.953,   4.6009E-008,   3.2896E-006,   2.2197E-011,   1.6418E-011,   1.8052E-011,   1.5314E-011,   6.3617E-012,   3.4422E-013,  
717.985,   4.6704E-008,   3.3062E-006,   2.2444E-011,   1.5593E-011,   1.6775E-011,   1.4795E-011,   6.7390E-012,   5.2346E-013,  
723.047,   4.5025E-008,   3.3023E-006,   6.8941E-012,   1.5823E-011,   1.7553E-011,   1.4741E-011,   8.8087E-012,   4.5568E-013,  
728.047,   4.5974E-008,   3.2991E-006,   4.2135E-012,   1.6269E-011,   1.8363E-011,   2.6458E-011,   6.6052E-012,   4.6460E-013,  
733.125,   4.7893E-008,   3.2846E-006,   2.1660E-011,   1.6715E-011,   1.7304E-011,   1.2326E-010,   7.7761E-012,   6.7505E-013,  
738.188,   4.6596E-008,   3.2885E-006,   7.3578E-012,   1.6680E-011,   2.0228E-011,   2.3933E-010,   7.8929E-012,   4.1556E-013,  
743.235,   4.6736E-008,   3.2952E-006,   7.8501E-012,   1.6800E-011,   2.1612E-011,   1.8977E-010,   8.6589E-012,   9.2653E-013,  
748.266,   4.7383E-008,   3.3222E-006,   2.2918E-013,   1.5750E-011,   2.0829E-011,   1.0563E-010,   7.8519E-012,   4.9225E-013,  
753.297,   4.6107E-008,   3.2902E-006,   7.4943E-012,   1.5581E-011,   1.8760E-011,   5.1403E-011,   7.8403E-012,   5.4486E-013,  
758.313,   4.4982E-008,   3.3135E-006,   2.2121E-011,   1.4853E-011,   1.7773E-011,   3.1004E-011,   6.4152E-012,   1.8281E-013,  
763.328,   4.7448E-008,   3.2989E-006,   7.3373E-012,   1.6573E-011,   1.7444E-011,   2.2048E-011,   6.5205E-012,   7.9544E-013,  
768.360,   4.4546E-008,   3.3063E-006,   2.2167E-011,   1.6348E-011,   1.6707E-011,   1.8581E-011,   7.0225E-012,   2.5504E-013,  
773.375,   4.7600E-008,   3.3031E-006,   7.0582E-012,   1.5820E-011,   1.6872E-011,   1.6414E-011,   7.6762E-012,   9.4080E-013,  
778.407,   4.7248E-008,   3.2985E-006,   1.6603E-011,   1.5971E-011,   1.7686E-011,   1.6148E-011,   5.9275E-012,   6.8576E-013,  
783.438,   4.4003E-008,   3.2682E-006,   2.2675E-011,   1.5806E-011,   1.7284E-011,   1.5540E-011,   8.1096E-012,   4.3696E-013,  
788.469,   4.6949E-008,   3.2898E-006,   2.1626E-011,   1.6771E-011,   1.7503E-011,   1.4455E-011,   9.1975E-012,   6.3582E-013,  
793.500,   4.4524E-008,   3.2768E-006,   2.2848E-011,   1.6394E-011,   1.7172E-011,   1.5735E-011,   7.5986E-012,   5.8499E-013,  
798.578,   4.1547E-008,   3.2831E-006,   6.6792E-013,   1.6909E-011,   1.7276E-011,   1.5200E-011,   6.9405E-012,   6.0015E-013,  
803.641,   4.3453E-008,   3.2627E-006,   2.1417E-011,   1.6579E-011,   1.7299E-011,   1.5674E-011,   8.9603E-012,   8.9799E-013,  
808.657,   4.6210E-008,   3.2905E-006,   2.1642E-011,   1.6982E-011,   1.7373E-011,   1.5293E-011,   6.6569E-012,   9.7379E-013,  
813.672,   4.5678E-008,   3.2696E-006,  -4.3696E-014,   1.6159E-011,   1.7533E-011,   1.5219E-011,   7.4309E-012,   7.5977E-013,  
818.719,   4.4295E-008,   3.2631E-006,   2.2374E-011,   1.6488E-011,   1.5300E-011,   1.4426E-011,   8.7195E-012,   9.8717E-013,  
823.735,   4.3722E-008,   3.2973E-006,   2.2149E-011,   1.6403E-011,   1.7068E-011,   1.5287E-011,   8.5171E-012,   6.8665E-013,  
828.797,   4.4930E-008,   3.2787E-006,   2.2732E-011,   1.6178E-011,   1.7156E-011,   1.5044E-011,   5.2444E-012,   4.4766E-013,  
833.828,   4.4112E-008,   3.2637E-006,   2.1912E-011,   2.1293E-011,   1.9421E-011,   1.5147E-011,   7.2544E-012,   6.3849E-013,  
838.875,   4.2535E-008,   3.2705E-006,   2.2111E-011,   1.7471E-011,   1.8851E-011,   1.5510E-011,   7.3222E-012,   5.4843E-013,  
843.907,   4.2718E-008,   3.2722E-006,   6.9200E-013,   1.6024E-011,   1.7046E-011,   1.5247E-011,   8.3245E-012,   4.3963E-013,  
848.907,   4.4425E-008,   3.2920E-006,   2.2177E-011,   1.5829E-011,   1.6303E-011,   1.5514E-011,   6.6578E-012,   2.0689E-013,  
853.938,   4.5683E-008,   3.2419E-006,   2.0697E-011,   1.6411E-011,   1.7379E-011,   1.5217E-011,   7.8768E-012,   4.9403E-013,  
858.985,   4.2973E-008,   3.2692E-006,   6.3047E-013,   1.6597E-011,   1.7414E-011,   1.5313E-011,   8.5786E-012,   1.0969E-012,  
864.000,   4.4856E-008,   3.2875E-006,   5.9524E-012,   1.5233E-011,   1.7468E-011,   1.4679E-011,   6.7416E-012,   3.0765E-013,  
869.032,   4.1835E-008,   3.2854E-006,   2.2935E-011,   1.6390E-011,   1.7222E-011,   1.4117E-011,   7.5219E-012,   4.2626E-013,  
874.094,   4.4080E-008,   3.2926E-006,   2.0129E-011,   1.5669E-011,   1.6812E-011,   1.4724E-011,   7.5157E-012,   5.3416E-013,  
879.110,   4.5400E-008,   3.2806E-006,   2.0350E-011,   1.5665E-011,   1.6909E-011,   1.4221E-011,   4.8467E-012,   5.2702E-013,  
884.141,   4.5735E-008,   3.2604E-006,   2.1030E-011,   1.6193E-011,   1.7004E-011,   1.4860E-011,   7.2785E-012,   7.0537E-013,  
889.172,   4.5045E-008,   3.2753E-006,   2.1131E-011,   1.6983E-011,   1.7917E-011,   1.4845E-011,   6.3724E-012,   6.3760E-013,  
894.235,   4.2908E-008,   3.2773E-006,   2.0852E-011,   1.6972E-011,   1.6588E-011,   1.5284E-011,   7.6191E-012,   3.8167E-013,  
899.235,   4.4936E-008,   3.2887E-006,   6.6168E-012,   1.6556E-011,   1.7431E-011,   1.4635E-011,   7.1545E-012,   7.1875E-013,  
904.266,   4.6902E-008,   3.2705E-006,   1.9742E-011,   1.7491E-011,   1.6493E-011,   1.3963E-011,   7.0493E-012,   4.2626E-013,  
909.266,   4.9321E-008,   3.2681E-006,   6.2654E-012,   2.3059E-011,   1.6315E-011,   1.4284E-011,   8.1417E-012,   2.0599E-013,  
914.328,   4.5483E-008,   3.2764E-006,   1.9828E-011,   3.4010E-011,   1.6598E-011,   1.4687E-011,   7.7297E-012,   6.2868E-013,  
919.344,   4.5578E-008,   3.2479E-006,   5.9881E-012,   4.5411E-011,   1.7498E-011,   1.5312E-011,   6.6792E-012,   8.0257E-014,  
924.360,   4.2509E-008,   3.2681E-006,   2.0666E-011,   4.9235E-011,   1.7032E-011,   1.4720E-011,   8.2433E-012,   6.3760E-013,  
929.407,   4.5703E-008,   3.2617E-006,   2.1463E-011,   4.6535E-011,   1.7180E-011,   1.3961E-011,   6.8281E-012,   1.0104E-012,  
934.438,   4.6210E-008,   3.2734E-006,   1.9627E-011,   3.5896E-011,   1.7219E-011,   1.5235E-011,   7.4113E-012,   2.2472E-013,  
939.485,   5.4869E-009,   7.8074E-007,   2.0936E-011,   2.8392E-011,   1.6816E-011,   1.3602E-011,   8.8577E-012,   7.0270E-013,  
944.547,   3.9540E-008,   2.9576E-006,   1.1478E-011,   1.5138E-011,   1.4604E-011,   1.0366E-011,   3.7819E-012,   1.0264E-012,  
949.594,   4.2853E-008,   3.0337E-006,   1.9420E-011,   1.8903E-011,   1.6102E-011,   1.4038E-011,   7.2526E-012,   3.0141E-013,  
954.625,   4.1105E-008,   3.0153E-006,   2.1327E-011,   1.8747E-011,   1.6142E-011,   1.3869E-011,   8.7864E-012,   9.3990E-013,  
959.657,   4.2582E-008,   3.0322E-006,   4.0218E-013,   1.8674E-011,   1.7019E-011,   1.4244E-011,   7.3436E-012,   1.0416E-012,  
964.703,   4.2152E-008,   3.0239E-006,   2.0120E-011,   1.6732E-011,   1.7106E-011,   1.4751E-011,   7.7547E-012,   8.0257E-012,  
969.735,   4.2397E-008,   3.0164E-006,   2.0102E-011,   1.7368E-011,   1.6927E-011,   1.4592E-011,   8.1506E-013,   8.1720E-012,  
974.766,   4.1834E-008,   3.0281E-006,   1.9236E-011,   1.6061E-011,   1.6563E-011,   1.4526E-011,   8.1319E-012,   1.0880E-011,  
980.750,   4.0061E-008,   3.0236E-006,   2.0759E-011,   1.6685E-011,   1.7462E-011,   1.5225E-011,   6.1129E-012,   1.7862E-011,  
985.813,   4.1876E-008,   3.0288E-006,   6.5731E-012,   1.6460E-011,   1.7126E-011,   1.4683E-011,   4.7343E-012,   2.6712E-011,  
990.828,   4.2115E-008,   3.0187E-006,   1.9758E-011,   1.4936E-011,   1.7234E-011,   1.5520E-011,   8.5474E-012,   3.1906E-011,  
995.844,   4.1490E-008,   3.0324E-006,   5.7518E-013,   1.6393E-011,   1.6875E-011,   1.6431E-011,   7.6361E-012,   3.6189E-011,  
1000.891,   4.3350E-008,   3.0362E-006,   1.9827E-011,   1.6549E-011,   1.7441E-011,   1.6397E-011,   6.2405E-012,   3.6167E-011,  
1005.969,   4.1635E-008,   3.0291E-006,   1.9602E-011,   1.6514E-011,   1.6747E-011,   1.5533E-011,   9.0744E-012,   3.3239E-011,  
1010.969,   4.5191E-008,   3.0544E-006,   6.5945E-012,   1.5641E-011,   1.7230E-011,   1.5547E-011,   6.7960E-012,   3.0208E-011,  
1016.016,   4.1042E-008,   3.0225E-006,   6.4518E-012,   1.5664E-011,   1.6684E-011,   1.5693E-011,   6.5365E-012,   2.5291E-011,  
1021.078,   4.1202E-008,   3.0171E-006,   2.0343E-011,   1.5804E-011,   1.6739E-011,   1.5380E-011,   8.2246E-012,   2.1892E-011,  
1026.110,   4.0308E-008,   2.9597E-006,   1.9509E-011,   1.5851E-011,   1.6697E-011,   1.2567E-011,   8.5037E-012,   1.6703E-011,  
1031.125,   3.8576E-008,   2.8892E-006,   2.0000E-011,   1.6407E-011,   1.6263E-011,   1.5434E-011,   8.5340E-013,   1.4074E-011,  
1036.172,   3.8304E-008,   2.8968E-006,   5.5824E-013,   1.5260E-011,   1.7020E-011,   1.4367E-011,   6.3626E-012,   1.0664E-011,  
1041.203,   4.0285E-008,   2.8889E-006,   6.3047E-012,   1.6007E-011,   1.6268E-011,   1.4210E-011,   6.8219E-012,   8.1809E-012,  
1046.250,   4.1059E-008,   2.9033E-006,   6.7853E-012,   1.5819E-011,   1.6821E-011,   1.4545E-011,   8.2621E-012,   6.6694E-012,  
1051.250,   3.8397E-008,   2.8931E-006,   5.6573E-012,   1.6480E-011,   1.5640E-011,   1.4454E-011,   7.5950E-012,   7.3792E-012,  
1056.266,   3.8233E-008,   2.9028E-006,   2.0450E-011,   1.5347E-011,   1.6903E-011,   1.4132E-011,   8.2219E-012,   6.6614E-012,  
1061.313,   4.1212E-008,   2.8801E-006,   1.9748E-011,   1.6035E-011,   1.5755E-011,   1.3952E-011,   7.2642E-012,   7.5192E-012,  
1066.313,   4.0771E-008,   2.8944E-006,   4.0120E-012,   1.5833E-011,   1.6581E-011,   1.3938E-011,   6.9253E-012,   9.0682E-012,  
1071.360,   3.9771E-008,   2.9017E-006,   2.0203E-011,   1.5411E-011,   1.5922E-011,   1.4602E-011,   8.3334E-012,   6.4456E-012,  
1076.344,   4.0104E-008,   2.9009E-006,   1.9397E-011,   1.5431E-011,   1.6803E-011,   1.4763E-011,   7.9562E-012,   1.2172E-012,  
1081.375,   3.8407E-008,   2.8710E-006,   1.8975E-011,   1.5507E-011,   1.6513E-011,   1.3922E-011,   7.1001E-012,   7.3034E-012,  
1086.407,   3.8099E-008,   2.8822E-006,   1.9165E-011,   1.5706E-011,   1.6529E-011,   1.4201E-011,   6.4589E-012,   1.0781E-012,  
1091.453,   4.0570E-008,   2.8852E-006,   1.6497E-013,   1.5121E-011,   1.6344E-011,   1.4615E-011,   8.5483E-012,   1.1049E-012,  
1096.532,   3.8699E-008,   2.8813E-006,   1.8910E-011,   1.5255E-011,   1.6546E-011,   1.3261E-011,   7.9615E-012,   6.4295E-013,  
1101.610,   3.9145E-008,   2.8653E-006,   7.4229E-012,   1.4612E-011,   1.6918E-011,   1.4310E-011,   6.4634E-012,   6.7149E-012,  
1106.625,   3.8894E-008,   2.8633E-006,   2.0634E-011,   1.4188E-011,   1.6788E-011,   1.4312E-011,   7.8438E-012,   6.3136E-013,  
1111.688,   3.9218E-008,   2.8708E-006,   2.0435E-011,   1.5658E-011,   1.6803E-011,   1.4834E-011,   8.2237E-012,   1.0478E-012,  
1116.703,   3.9677E-008,   2.8498E-006,   2.0963E-011,   1.5664E-011,   1.7150E-011,   1.5189E-011,   7.2874E-012,   8.2041E-013,  
1121.735,   3.9519E-008,   2.8643E-006,   8.8899E-012,   1.5587E-011,   1.6449E-011,   1.4056E-011,   7.2945E-012,   8.6232E-013,  
1126.782,   3.8714E-008,   2.8618E-006,   2.0080E-011,   1.5451E-011,   1.5770E-011,   1.3902E-011,   6.3716E-012,   7.3391E-013,  
1131.828,   4.0080E-008,   2.8605E-006,   2.0088E-011,   1.4875E-011,   1.6653E-011,   1.4746E-011,   7.7555E-012,   4.5479E-013,  
1136.860,   2.1662E-009,   6.0035E-007,   1.8771E-011,   1.4903E-011,   1.5013E-011,   1.0500E-011,   7.6566E-012,   7.8474E-014,  
1141.844,   1.6450E-009,   2.7629E-007,   1.0153E-011,   1.2410E-011,   1.2731E-011,   7.2758E-012,   6.6016E-012,  -4.3696E-014,  
1146.875,   9.6567E-010,   3.5545E-008,  -8.0703E-013,   1.1500E-011,   1.2350E-011,   5.7687E-012,   5.5592E-012,   3.2460E-013,  
