Jun 25, 2026  10:18:15 AM
Residual Gas Analyzer Software 
Software Version, 3.214.004

Analog Scan Setup:

Data Points in Scan, 891 
Units, Torr 
Noise Floor, 2 
CEM Status, ON 
Points Per AMU, 10
Scan Start Mass, 1, amu 
Scan Stop Mass, 90, amu
Focus Voltage, 90, Volts 
Ion Energy, HIGH 
Electron Energy, 70, eV 
CEM Voltage, 1159, Volts
CEM Gain, 1.01E+003 
Sensitivity Factor, 1.11E-004 
Filament Current, 1.00, mAmps


  1.00,   4.20E-012, 
  1.10,   2.35E-012, 
  1.20,  -1.84E-013, 
  1.30,   4.57E-012, 
  1.40,   1.02E-011, 
  1.50,   1.18E-010, 
  1.60,   2.59E-010, 
  1.70,   3.38E-010, 
  1.80,   3.89E-010, 
  1.90,   4.37E-010, 
  2.00,   4.74E-010, 
  2.10,   4.66E-010, 
  2.20,   4.06E-010, 
  2.30,   2.26E-010, 
  2.40,   4.94E-011, 
  2.50,   8.57E-012, 
  2.60,   2.88E-012, 
  2.70,   3.47E-012, 
  2.80,   2.34E-012, 
  2.90,  -7.35E-013, 
  3.00,  -2.92E-013, 
  3.10,   1.05E-013, 
  3.20,   4.42E-013, 
  3.30,   3.41E-012, 
  3.40,   2.72E-012, 
  3.50,   3.64E-012, 
  3.60,   7.36E-012, 
  3.70,   1.21E-011, 
  3.80,   1.60E-011, 
  3.90,   1.95E-011, 
  4.00,   2.55E-011, 
  4.10,   2.89E-011, 
  4.20,   2.61E-011, 
  4.30,   1.95E-011, 
  4.40,   8.44E-012, 
  4.50,   3.63E-012, 
  4.60,   1.43E-012, 
  4.70,  -1.86E-012, 
  4.80,  -1.11E-012, 
  4.90,  -2.56E-013, 
  5.00,  -8.83E-014, 
  5.10,  -2.34E-013, 
  5.20,  -3.48E-013, 
  5.30,  -6.06E-014, 
  5.40,   1.21E-013, 
  5.50,   2.16E-013, 
  5.60,   2.88E-013, 
  5.70,  -9.72E-014, 
  5.80,   8.65E-014, 
  5.90,   1.65E-013, 
  6.00,   3.34E-013, 
  6.10,   1.95E-013, 
  6.20,   2.02E-013, 
  6.30,   2.68E-013, 
  6.40,   4.55E-014, 
  6.50,  -1.08E-013, 
  6.60,  -1.39E-013, 
  6.70,  -2.70E-013, 
  6.80,  -2.74E-013, 
  6.90,  -1.60E-013, 
  7.00,   4.17E-013, 
  7.10,   6.34E-013, 
  7.20,   1.93E-013, 
  7.30,  -7.13E-015, 
  7.40,  -9.19E-014, 
  7.50,   9.10E-014, 
  7.60,  -6.42E-014, 
  7.70,   1.39E-013, 
  7.80,   2.08E-013, 
  7.90,  -3.57E-014, 
  8.00,  -1.73E-013, 
  8.10,  -8.11E-014, 
  8.20,  -1.40E-013, 
  8.30,  -8.56E-014, 
  8.40,  -8.83E-014, 
  8.50,  -9.63E-014, 
  8.60,   1.03E-013, 
  8.70,   7.76E-014, 
  8.80,  -4.64E-014, 
  8.90,   2.15E-013, 
  9.00,  -8.65E-014, 
  9.10,  -1.85E-013, 
  9.20,  -1.02E-013, 
  9.30,   7.40E-014, 
  9.40,  -4.01E-014, 
  9.50,  -5.62E-014, 
  9.60,  -2.15E-013, 
  9.70,   2.68E-015, 
  9.80,  -2.12E-013, 
  9.90,  -1.54E-013, 
 10.00,  -4.82E-014, 
 10.10,  -1.43E-014, 
 10.20,   1.03E-013, 
 10.30,  -3.83E-014, 
 10.40,  -2.33E-013, 
 10.50,  -4.01E-014, 
 10.60,  -3.39E-014, 
 10.70,  -9.54E-014, 
 10.80,  -1.69E-013, 
 10.90,  -1.32E-013, 
 11.00,  -8.47E-014, 
 11.10,  -1.78E-014, 
 11.20,  -3.80E-013, 
 11.30,  -1.59E-013, 
 11.40,  -7.31E-014, 
 11.50,   5.89E-014, 
 11.60,  -1.13E-013, 
 11.70,   8.56E-014, 
 11.80,   2.85E-014, 
 11.90,   4.10E-014, 
 12.00,   1.05E-013, 
 12.10,   2.94E-013, 
 12.20,   3.49E-013, 
 12.30,   3.00E-013, 
 12.40,   2.48E-013, 
 12.50,  -2.23E-014, 
 12.60,  -8.92E-016, 
 12.70,   4.90E-014, 
 12.80,   4.01E-014, 
 12.90,  -2.04E-013, 
 13.00,  -1.90E-013, 
 13.10,  -1.85E-013, 
 13.20,   1.34E-014, 
 13.30,   1.95E-013, 
 13.40,   1.55E-013, 
 13.50,   1.22E-013, 
 13.60,   3.23E-012, 
 13.70,   3.24E-012, 
 13.80,   2.56E-012, 
 13.90,   2.38E-013, 
 14.00,   1.92E-013, 
 14.10,   1.25E-012, 
 14.20,   1.34E-012, 
 14.30,   3.66E-012, 
 14.40,   2.94E-014, 
 14.50,  -9.61E-013, 
 14.60,  -3.37E-013, 
 14.70,  -1.84E-013, 
 14.80,  -2.90E-013, 
 14.90,   1.35E-013, 
 15.00,   2.40E-013, 
 15.10,   3.81E-013, 
 15.20,   3.48E-013, 
 15.30,   1.03E-013, 
 15.40,   2.32E-014, 
 15.50,   1.07E-013, 
 15.60,   4.01E-013, 
 15.70,   1.13E-012, 
 15.80,   1.32E-012, 
 15.90,   1.52E-012, 
 16.00,   1.43E-012, 
 16.10,   1.28E-012, 
 16.20,   1.11E-012, 
 16.30,   4.93E-013, 
 16.40,   2.12E-013, 
 16.50,  -2.76E-013, 
 16.60,  -2.18E-013, 
 16.70,  -6.26E-013, 
 16.80,   5.52E-013, 
 16.90,   1.09E-012, 
 17.00,  -1.33E-012, 
 17.10,  -1.09E-012, 
 17.20,  -3.25E-013, 
 17.30,   6.47E-013, 
 17.40,   3.66E-014, 
 17.50,  -1.34E-012, 
 17.60,  -2.55E-012, 
 17.70,  -4.03E-012, 
 17.80,   1.40E-012, 
 17.90,   3.13E-012, 
 18.00,  -9.61E-013, 
 18.10,   3.47E-012, 
 18.20,   4.21E-012, 
 18.30,   3.40E-012, 
 18.40,   2.20E-013, 
 18.50,   6.69E-013, 
 18.60,   1.81E-013, 
 18.70,  -1.31E-013, 
 18.80,  -2.92E-013, 
 18.90,  -4.16E-013, 
 19.00,  -3.99E-013, 
 19.10,  -4.81E-013, 
 19.20,  -8.31E-013, 
 19.30,  -8.41E-013, 
 19.40,   8.01E-013, 
 19.50,   8.89E-013, 
 19.60,   5.36E-012, 
 19.70,   4.62E-012, 
 19.80,   4.79E-012, 
 19.90,   5.45E-012, 
 20.00,   3.70E-012, 
 20.10,   3.90E-012, 
 20.20,   3.92E-012, 
 20.30,   5.26E-012, 
 20.40,   1.81E-012, 
 20.50,  -1.20E-012, 
 20.60,  -4.90E-013, 
 20.70,  -2.13E-013, 
 20.80,  -8.56E-014, 
 20.90,   7.85E-014, 
 21.00,   2.29E-013, 
 21.10,  -7.31E-014, 
 21.20,   7.67E-014, 
 21.30,  -9.63E-014, 
 21.40,  -2.58E-013, 
 21.50,  -3.46E-013, 
 21.60,  -1.57E-013, 
 21.70,  -3.12E-014, 
 21.80,   1.61E-014, 
 21.90,   1.20E-013, 
 22.00,  -2.54E-013, 
 22.10,  -2.80E-013, 
 22.20,   2.68E-015, 
 22.30,   1.69E-013, 
 22.40,   1.85E-013, 
 22.50,  -1.58E-013, 
 22.60,  -4.55E-014, 
 22.70,  -2.31E-013, 
 22.80,   1.34E-014, 
 22.90,  -1.52E-014, 
 23.00,   3.30E-014, 
 23.10,   6.60E-014, 
 23.20,   7.76E-014, 
 23.30,   1.58E-013, 
 23.40,   4.37E-014, 
 23.50,   6.15E-014, 
 23.60,  -3.66E-014, 
 23.70,   1.74E-013, 
 23.80,   1.74E-013, 
 23.90,  -1.96E-013, 
 24.00,  -3.91E-013, 
 24.10,   6.60E-014, 
 24.20,  -8.20E-014, 
 24.30,  -1.03E-013, 
 24.40,  -4.55E-014, 
 24.50,  -3.66E-014, 
 24.60,  -4.64E-014, 
 24.70,   4.83E-013, 
 24.80,   2.79E-013, 
 24.90,   1.95E-013, 
 25.00,   3.23E-013, 
 25.10,   2.08E-013, 
 25.20,   7.67E-014, 
 25.30,   2.51E-013, 
 25.40,   1.44E-013, 
 25.50,   1.88E-013, 
 25.60,  -8.92E-014, 
 25.70,   1.61E-014, 
 25.80,  -5.17E-014, 
 25.90,  -7.49E-014, 
 26.00,  -1.12E-013, 
 26.10,   2.68E-015, 
 26.20,  -2.02E-013, 
 26.30,  -2.93E-013, 
 26.40,  -1.51E-013, 
 26.50,  -1.79E-013, 
 26.60,  -7.22E-014, 
 26.70,  -1.61E-013, 
 26.80,  -3.21E-013, 
 26.90,   3.92E-014, 
 27.00,  -1.78E-014, 
 27.10,  -6.24E-014, 
 27.20,   3.85E-013, 
 27.30,   2.39E-012, 
 27.40,   3.42E-012, 
 27.50,   2.05E-012, 
 27.60,   7.85E-012, 
 27.70,   1.79E-011, 
 27.80,   2.55E-011, 
 27.90,   3.03E-011, 
 28.00,   3.22E-011, 
 28.10,   3.27E-011, 
 28.20,   2.72E-011, 
 28.30,   1.38E-011, 
 28.40,   4.42E-012, 
 28.50,   2.05E-012, 
 28.60,   3.93E-012, 
 28.70,   1.23E-012, 
 28.80,  -1.40E-012, 
 28.90,  -6.99E-013, 
 29.00,  -1.10E-013, 
 29.10,   1.07E-013, 
 29.20,   1.36E-013, 
 29.30,   1.61E-013, 
 29.40,   1.85E-013, 
 29.50,   4.60E-013, 
 29.60,   4.07E-012, 
 29.70,   2.75E-012, 
 29.80,   5.62E-014, 
 29.90,   1.73E-012, 
 30.00,   2.66E-012, 
 30.10,   2.87E-012, 
 30.20,   2.73E-012, 
 30.30,   3.55E-012, 
 30.40,   2.33E-012, 
 30.50,  -8.73E-013, 
 30.60,  -5.52E-013, 
 30.70,  -4.65E-013, 
 30.80,  -1.11E-013, 
 30.90,   1.67E-013, 
 31.00,   2.00E-013, 
 31.10,   9.19E-014, 
 31.20,   3.17E-013, 
 31.30,   1.99E-013, 
 31.40,   3.72E-013, 
 31.50,   2.30E-012, 
 31.60,   1.22E-012, 
 31.70,   3.33E-012, 
 31.80,   5.33E-012, 
 31.90,   6.79E-012, 
 32.00,   7.13E-012, 
 32.10,   7.58E-012, 
 32.20,   6.43E-012, 
 32.30,   3.26E-012, 
 32.40,   1.18E-012, 
 32.50,   3.15E-013, 
 32.60,   4.55E-014, 
 32.70,   7.94E-014, 
 32.80,   3.57E-015, 
 32.90,  -1.19E-013, 
 33.00,   2.65E-013, 
 33.10,   1.10E-013, 
 33.20,   8.92E-015, 
 33.30,  -3.61E-013, 
 33.40,  -4.28E-013, 
 33.50,  -1.96E-013, 
 33.60,  -4.55E-013, 
 33.70,  -3.83E-013, 
 33.80,  -2.55E-013, 
 33.90,  -8.74E-014, 
 34.00,  -1.77E-013, 
 34.10,  -9.10E-014, 
 34.20,   5.71E-014, 
 34.30,  -1.52E-013, 
 34.40,  -3.66E-014, 
 34.50,  -2.62E-013, 
 34.60,  -1.59E-013, 
 34.70,  -1.06E-013, 
 34.80,  -1.11E-013, 
 34.90,   1.62E-013, 
 35.00,  -8.92E-016, 
 35.10,   1.44E-013, 
 35.20,   3.28E-013, 
 35.30,  -2.68E-014, 
 35.40,   5.89E-014, 
 35.50,   2.02E-013, 
 35.60,   2.58E-013, 
 35.70,   8.03E-014, 
 35.80,   1.71E-013, 
 35.90,  -5.62E-014, 
 36.00,   3.03E-014, 
 36.10,   6.33E-014, 
 36.20,  -1.16E-013, 
 36.30,   6.24E-015, 
 36.40,   5.26E-013, 
 36.50,   1.21E-013, 
 36.60,  -3.36E-013, 
 36.70,  -2.18E-013, 
 36.80,  -5.09E-013, 
 36.90,  -2.50E-013, 
 37.00,  -9.72E-014, 
 37.10,   7.40E-014, 
 37.20,  -5.44E-014, 
 37.30,  -2.50E-014, 
 37.40,   6.24E-015, 
 37.50,  -3.74E-013, 
 37.60,  -1.85E-013, 
 37.70,   5.35E-014, 
 37.80,   1.76E-013, 
 37.90,   9.19E-014, 
 38.00,  -7.94E-014, 
 38.10,   1.11E-013, 
 38.20,   1.61E-013, 
 38.30,   2.65E-013, 
 38.40,   1.49E-013, 
 38.50,   3.99E-013, 
 38.60,   2.02E-013, 
 38.70,   5.23E-013, 
 38.80,   2.23E-012, 
 38.90,   3.71E-012, 
 39.00,   2.63E-012, 
 39.10,   2.19E-012, 
 39.20,   2.07E-012, 
 39.30,   2.17E-012, 
 39.40,   3.34E-012, 
 39.50,   8.10E-012, 
 39.60,   2.33E-011, 
 39.70,   3.94E-011, 
 39.80,   4.71E-011, 
 39.90,   6.00E-011, 
 40.00,   6.85E-011, 
 40.10,   6.88E-011, 
 40.20,   5.13E-011, 
 40.30,   2.26E-011, 
 40.40,   1.12E-011, 
 40.50,   9.26E-012, 
 40.60,   1.75E-011, 
 40.70,   2.60E-011, 
 40.80,   3.30E-011, 
 40.90,   4.22E-011, 
 41.00,   5.42E-011, 
 41.10,   6.67E-011, 
 41.20,   6.15E-011, 
 41.30,   4.76E-011, 
 41.40,   5.43E-011, 
 41.50,   8.44E-011, 
 41.60,   1.54E-010, 
 41.70,   1.66E-010, 
 41.80,   1.70E-010, 
 41.90,   2.00E-010, 
 42.00,   2.21E-010, 
 42.10,   2.10E-010, 
 42.20,   1.38E-010, 
 42.30,   3.95E-011, 
 42.40,   1.28E-011, 
 42.50,   1.20E-011, 
 42.60,   2.42E-011, 
 42.70,   3.67E-011, 
 42.80,   4.49E-011, 
 42.90,   5.58E-011, 
 43.00,   6.38E-011, 
 43.10,   6.29E-011, 
 43.20,   4.64E-011, 
 43.30,   2.04E-011, 
 43.40,   7.59E-012, 
 43.50,   3.51E-012, 
 43.60,   1.38E-012, 
 43.70,  -8.91E-013, 
 43.80,   7.84E-013, 
 43.90,   2.04E-012, 
 44.00,   2.19E-012, 
 44.10,   2.43E-012, 
 44.20,   2.54E-012, 
 44.30,   1.30E-012, 
 44.40,   2.05E-012, 
 44.50,  -3.47E-013, 
 44.60,  -3.49E-013, 
 44.70,  -1.35E-013, 
 44.80,  -1.11E-013, 
 44.90,  -8.20E-014, 
 45.00,   7.13E-014, 
 45.10,   3.47E-013, 
 45.20,   8.92E-015, 
 45.30,   2.94E-014, 
 45.40,  -7.13E-015, 
 45.50,  -3.06E-013, 
 45.60,  -5.27E-013, 
 45.70,  -6.87E-014, 
 45.80,  -1.96E-014, 
 45.90,  -9.27E-014, 
 46.00,   7.67E-014, 
 46.10,  -2.50E-014, 
 46.20,   9.10E-014, 
 46.30,   1.06E-013, 
 46.40,   1.25E-014, 
 46.50,  -1.73E-013, 
 46.60,  -1.55E-013, 
 46.70,   7.94E-014, 
 46.80,   4.37E-014, 
 46.90,  -2.44E-013, 
 47.00,  -3.24E-013, 
 47.10,  -1.13E-013, 
 47.20,  -1.61E-013, 
 47.30,  -2.68E-014, 
 47.40,  -5.35E-015, 
 47.50,   1.18E-013, 
 47.60,   1.34E-014, 
 47.70,   4.73E-014, 
 47.80,  -3.02E-013, 
 47.90,  -2.85E-013, 
 48.00,  -2.90E-013, 
 48.10,  -2.14E-014, 
 48.20,  -1.24E-013, 
 48.30,  -1.29E-013, 
 48.40,  -1.93E-013, 
 48.50,   2.83E-013, 
 48.60,   3.01E-013, 
 48.70,   2.73E-013, 
 48.80,   1.46E-013, 
 48.90,  -1.57E-013, 
 49.00,  -3.21E-014, 
 49.10,   2.23E-014, 
 49.20,  -3.83E-014, 
 49.30,  -1.07E-014, 
 49.40,  -4.28E-014, 
 49.50,  -1.03E-013, 
 49.60,  -1.21E-013, 
 49.70,  -5.53E-014, 
 49.80,  -1.44E-013, 
 49.90,  -4.22E-013, 
 50.00,  -3.41E-013, 
 50.10,  -5.34E-013, 
 50.20,  -3.54E-013, 
 50.30,  -5.26E-014, 
 50.40,   1.16E-013, 
 50.50,   2.68E-014, 
 50.60,  -5.26E-014, 
 50.70,  -1.19E-013, 
 50.80,  -2.74E-013, 
 50.90,   1.24E-013, 
 51.00,   2.85E-014, 
 51.10,   6.87E-014, 
 51.20,   2.26E-013, 
 51.30,   2.47E-013, 
 51.40,  -1.90E-013, 
 51.50,   8.03E-015, 
 51.60,   4.46E-014, 
 51.70,   1.69E-013, 
 51.80,   2.57E-013, 
 51.90,   4.90E-014, 
 52.00,   4.46E-015, 
 52.10,  -1.12E-013, 
 52.20,  -1.41E-013, 
 52.30,  -1.78E-015, 
 52.40,  -2.05E-014, 
 52.50,  -8.20E-014, 
 52.60,  -3.38E-013, 
 52.70,  -2.89E-013, 
 52.80,  -2.10E-013, 
 52.90,  -3.82E-013, 
 53.00,  -2.50E-014, 
 53.10,  -2.49E-013, 
 53.20,  -9.36E-014, 
 53.30,  -1.04E-013, 
 53.40,   8.74E-014, 
 53.50,   1.25E-014, 
 53.60,   2.68E-013, 
 53.70,   1.07E-014, 
 53.80,   1.51E-013, 
 53.90,   3.48E-014, 
 54.00,  -1.78E-015, 
 54.10,  -1.46E-013, 
 54.20,  -1.40E-013, 
 54.30,   3.03E-014, 
 54.40,   6.15E-014, 
 54.50,   9.81E-015, 
 54.60,   3.57E-013, 
 54.70,   5.99E-013, 
 54.80,   2.62E-013, 
 54.90,  -2.13E-013, 
 55.00,   9.19E-014, 
 55.10,  -2.68E-014, 
 55.20,  -1.82E-013, 
 55.30,  -1.03E-013, 
 55.40,  -2.33E-013, 
 55.50,   4.19E-014, 
 55.60,  -7.13E-015, 
 55.70,   7.22E-014, 
 55.80,  -6.15E-014, 
 55.90,  -9.90E-014, 
 56.00,   7.49E-014, 
 56.10,   6.87E-014, 
 56.20,  -6.42E-014, 
 56.30,   2.68E-013, 
 56.40,   2.65E-013, 
 56.50,   2.17E-013, 
 56.60,   1.06E-013, 
 56.70,  -1.62E-013, 
 56.80,   7.13E-015, 
 56.90,   1.59E-013, 
 57.00,  -8.20E-014, 
 57.10,  -8.29E-014, 
 57.20,   4.55E-014, 
 57.30,   1.07E-014, 
 57.40,  -1.43E-013, 
 57.50,  -1.92E-013, 
 57.60,  -1.90E-013, 
 57.70,  -1.85E-013, 
 57.80,   3.15E-013, 
 57.90,   2.20E-013, 
 58.00,   8.47E-014, 
 58.10,  -1.88E-013, 
 58.20,  -6.51E-014, 
 58.30,   2.14E-014, 
 58.40,  -1.17E-013, 
 58.50,  -3.17E-013, 
 58.60,  -2.00E-013, 
 58.70,  -8.11E-014, 
 58.80,  -1.04E-013, 
 58.90,  -1.85E-013, 
 59.00,   5.80E-014, 
 59.10,   1.36E-013, 
 59.20,   2.50E-014, 
 59.30,   2.41E-014, 
 59.40,  -4.01E-014, 
 59.50,  -5.62E-014, 
 59.60,   2.23E-014, 
 59.70,   1.78E-015, 
 59.80,   3.50E-013, 
 59.90,   4.21E-013, 
 60.00,   1.41E-013, 
 60.10,   1.59E-013, 
 60.20,   3.02E-013, 
 60.30,   3.23E-013, 
 60.40,   2.69E-013, 
 60.50,   1.51E-013, 
 60.60,  -2.10E-013, 
 60.70,  -1.06E-013, 
 60.80,  -2.26E-013, 
 60.90,  -2.30E-013, 
 61.00,  -3.16E-013, 
 61.10,  -7.31E-014, 
 61.20,   4.90E-014, 
 61.30,  -1.14E-013, 
 61.40,   4.99E-014, 
 61.50,   1.39E-013, 
 61.60,  -3.48E-014, 
 61.70,  -1.89E-013, 
 61.80,   6.51E-014, 
 61.90,  -9.81E-015, 
 62.00,  -3.47E-013, 
 62.10,  -5.03E-013, 
 62.20,  -3.01E-013, 
 62.30,  -1.77E-013, 
 62.40,  -1.94E-013, 
 62.50,   1.06E-013, 
 62.60,   1.59E-013, 
 62.70,   3.50E-013, 
 62.80,   2.08E-013, 
 62.90,  -5.71E-014, 
 63.00,  -4.20E-013, 
 63.10,  -2.53E-013, 
 63.20,  -3.85E-013, 
 63.30,  -1.77E-013, 
 63.40,  -1.39E-013, 
 63.50,   1.36E-013, 
 63.60,   1.44E-013, 
 63.70,   1.86E-013, 
 63.80,   1.35E-013, 
 63.90,   2.37E-013, 
 64.00,  -7.94E-014, 
 64.10,  -2.61E-013, 
 64.20,   2.14E-014, 
 64.30,  -1.84E-013, 
 64.40,   8.65E-014, 
 64.50,   2.12E-013, 
 64.60,   1.14E-013, 
 64.70,   3.21E-014, 
 64.80,  -1.69E-013, 
 64.90,  -2.52E-013, 
 65.00,   4.64E-014, 
 65.10,   3.66E-014, 
 65.20,  -6.96E-014, 
 65.30,  -3.48E-014, 
 65.40,   8.38E-014, 
 65.50,  -1.50E-013, 
 65.60,  -2.68E-014, 
 65.70,   1.43E-013, 
 65.80,   2.26E-013, 
 65.90,   2.24E-013, 
 66.00,  -1.23E-013, 
 66.10,   6.60E-014, 
 66.20,  -3.39E-014, 
 66.30,   1.07E-013, 
 66.40,   1.03E-013, 
 66.50,  -7.67E-014, 
 66.60,   5.53E-014, 
 66.70,  -2.29E-013, 
 66.80,  -2.02E-013, 
 66.90,  -2.19E-013, 
 67.00,  -1.61E-013, 
 67.10,   1.66E-013, 
 67.20,   2.04E-013, 
 67.30,   4.57E-013, 
 67.40,   3.01E-013, 
 67.50,   5.26E-014, 
 67.60,   4.46E-015, 
 67.70,   1.15E-013, 
 67.80,   5.26E-014, 
 67.90,   8.92E-014, 
 68.00,   3.56E-013, 
 68.10,   1.28E-013, 
 68.20,  -1.77E-013, 
 68.30,  -1.32E-013, 
 68.40,  -4.10E-014, 
 68.50,  -2.07E-013, 
 68.60,  -8.20E-014, 
 68.70,   9.81E-015, 
 68.80,  -7.13E-015, 
 68.90,  -7.04E-014, 
 69.00,   1.06E-013, 
 69.10,   1.78E-014, 
 69.20,  -9.27E-014, 
 69.30,  -5.53E-014, 
 69.40,   1.85E-013, 
 69.50,   1.18E-013, 
 69.60,  -1.15E-013, 
 69.70,  -2.91E-013, 
 69.80,  -2.62E-013, 
 69.90,  -2.27E-013, 
 70.00,  -9.01E-014, 
 70.10,   8.11E-014, 
 70.20,   2.39E-013, 
 70.30,   5.97E-014, 
 70.40,   3.83E-014, 
 70.50,  -6.69E-014, 
 70.60,  -1.67E-013, 
 70.70,   1.19E-013, 
 70.80,   2.53E-013, 
 70.90,   1.74E-013, 
 71.00,   6.15E-014, 
 71.10,   1.44E-013, 
 71.20,  -3.25E-013, 
 71.30,  -8.74E-014, 
 71.40,   5.71E-014, 
 71.50,   2.69E-013, 
 71.60,  -3.92E-014, 
 71.70,  -2.37E-013, 
 71.80,  -2.44E-013, 
 71.90,  -1.55E-013, 
 72.00,  -3.48E-014, 
 72.10,  -1.87E-013, 
 72.20,  -1.81E-013, 
 72.30,  -1.87E-014, 
 72.40,  -9.01E-014, 
 72.50,  -9.10E-014, 
 72.60,  -3.05E-013, 
 72.70,  -4.49E-013, 
 72.80,  -2.51E-013, 
 72.90,  -2.25E-013, 
 73.00,  -3.01E-013, 
 73.10,  -1.40E-013, 
 73.20,   3.26E-013, 
 73.30,   8.29E-014, 
 73.40,  -1.59E-013, 
 73.50,  -2.58E-013, 
 73.60,  -2.08E-013, 
 73.70,   8.03E-015, 
 73.80,   1.52E-013, 
 73.90,   2.43E-013, 
 74.00,   2.20E-013, 
 74.10,   3.07E-013, 
 74.20,   9.27E-014, 
 74.30,  -7.04E-014, 
 74.40,  -2.05E-013, 
 74.50,   1.34E-014, 
 74.60,  -2.32E-014, 
 74.70,  -6.96E-014, 
 74.80,   2.37E-013, 
 74.90,   1.19E-013, 
 75.00,  -6.33E-014, 
 75.10,  -3.79E-013, 
 75.20,  -1.46E-013, 
 75.30,   2.54E-013, 
 75.40,   3.20E-013, 
 75.50,   1.33E-013, 
 75.60,   2.70E-013, 
 75.70,  -1.17E-013, 
 75.80,  -1.31E-013, 
 75.90,  -1.86E-013, 
 76.00,  -1.44E-013, 
 76.10,  -1.52E-014, 
 76.20,   1.43E-013, 
 76.30,   3.58E-013, 
 76.40,   7.22E-014, 
 76.50,   4.55E-014, 
 76.60,  -6.15E-014, 
 76.70,   2.64E-013, 
 76.80,   2.76E-014, 
 76.90,   1.94E-013, 
 77.00,   3.03E-013, 
 77.10,   1.46E-013, 
 77.20,  -7.04E-014, 
 77.30,  -6.69E-014, 
 77.40,   9.36E-014, 
 77.50,  -4.46E-015, 
 77.60,   2.00E-012, 
 77.70,   4.47E-012, 
 77.80,   4.24E-012, 
 77.90,   4.34E-012, 
 78.00,   5.36E-012, 
 78.10,   6.80E-012, 
 78.20,   6.79E-012, 
 78.30,   4.26E-012, 
 78.40,   1.92E-012, 
 78.50,   1.28E-013, 
 78.60,  -1.80E-012, 
 78.70,  -4.19E-013, 
 78.80,   2.52E-013, 
 78.90,   3.75E-013, 
 79.00,   2.92E-013, 
 79.10,   3.45E-012, 
 79.20,   2.61E-012, 
 79.30,   2.13E-012, 
 79.40,   1.74E-012, 
 79.50,   1.97E-012, 
 79.60,   3.76E-012, 
 79.70,   1.24E-011, 
 79.80,   2.13E-011, 
 79.90,   2.78E-011, 
 80.00,   3.88E-011, 
 80.10,   4.76E-011, 
 80.20,   3.97E-011, 
 80.30,   2.23E-011, 
 80.40,   9.39E-012, 
 80.50,   4.64E-012, 
 80.60,   3.43E-012, 
 80.70,   3.21E-012, 
 80.80,   3.57E-012, 
 80.90,   3.36E-012, 
 81.00,   3.75E-012, 
 81.10,   4.08E-012, 
 81.20,   4.30E-012, 
 81.30,   5.09E-012, 
 81.40,   6.13E-012, 
 81.50,   9.39E-012, 
 81.60,   2.33E-011, 
 81.70,   9.04E-011, 
 81.80,   1.24E-010, 
 81.90,   1.61E-010, 
 82.00,   2.23E-010, 
 82.10,   2.54E-010, 
 82.20,   1.79E-010, 
 82.30,   7.64E-011, 
 82.40,   2.75E-011, 
 82.50,   1.86E-011, 
 82.60,   3.08E-011, 
 82.70,   9.59E-011, 
 82.80,   1.34E-010, 
 82.90,   1.66E-010, 
 83.00,   2.33E-010, 
 83.10,   2.60E-010, 
 83.20,   2.03E-010, 
 83.30,   9.70E-011, 
 83.40,   4.34E-011, 
 83.50,   4.82E-011, 
 83.60,   1.46E-010, 
 83.70,   5.46E-010, 
 83.80,   6.19E-010, 
 83.90,   7.94E-010, 
 84.00,   1.12E-009, 
 84.10,   1.22E-009, 
 84.20,   8.11E-010, 
 84.30,   2.92E-010, 
 84.40,   3.80E-011, 
 84.50,   1.31E-011, 
 84.60,   7.53E-012, 
 84.70,   5.95E-012, 
 84.80,   5.48E-012, 
 84.90,   5.42E-012, 
 85.00,   5.25E-012, 
 85.10,   5.33E-012, 
 85.20,   6.05E-012, 
 85.30,   6.28E-012, 
 85.40,   7.41E-012, 
 85.50,   1.10E-011, 
 85.60,   2.85E-011, 
 85.70,   1.26E-010, 
 85.80,   1.72E-010, 
 85.90,   2.17E-010, 
 86.00,   3.09E-010, 
 86.10,   3.53E-010, 
 86.20,   2.53E-010, 
 86.30,   1.02E-010, 
 86.40,   2.40E-011, 
 86.50,   7.78E-012, 
 86.60,   3.61E-012, 
 86.70,   2.03E-012, 
 86.80,  -1.49E-013, 
 86.90,  -1.67E-012, 
 87.00,  -9.73E-013, 
 87.10,  -2.02E-013, 
 87.20,  -2.18E-013, 
 87.30,  -8.65E-014, 
 87.40,  -6.87E-014, 
 87.50,   1.34E-013, 
 87.60,   1.16E-013, 
 87.70,   1.61E-013, 
 87.80,   8.56E-014, 
 87.90,   2.36E-013, 
 88.00,  -1.69E-013, 
 88.10,  -1.71E-013, 
 88.20,  -1.90E-013, 
 88.30,  -2.10E-013, 
 88.40,  -4.10E-013, 
 88.50,  -2.97E-013, 
 88.60,  -2.08E-013, 
 88.70,   9.81E-015, 
 88.80,   7.49E-014, 
 88.90,  -1.95E-013, 
 89.00,  -1.70E-013, 
 89.10,  -7.85E-014, 
 89.20,   1.25E-014, 
 89.30,   7.94E-014, 
 89.40,  -2.85E-014, 
 89.50,   1.97E-013, 
 89.60,   1.18E-013, 
 89.70,   2.39E-013, 
 89.80,   3.34E-013, 
 89.90,   8.20E-014, 
 90.00,  -1.34E-013, 
