Jun 25, 2026  02:01:46 PM
Residual Gas Analyzer Software 
Software Version, 3.214.004

Analog Scan Setup:

Data Points in Scan, 891 
Units, Torr 
Noise Floor, 2 
CEM Status, ON 
Points Per AMU, 10
Scan Start Mass, 1, amu 
Scan Stop Mass, 90, amu
Focus Voltage, 90, Volts 
Ion Energy, HIGH 
Electron Energy, 70, eV 
CEM Voltage, 1159, Volts
CEM Gain, 1.01E+003 
Sensitivity Factor, 1.11E-004 
Filament Current, 1.00, mAmps


  1.00,   2.71E-012, 
  1.10,  -4.74E-013, 
  1.20,  -5.87E-013, 
  1.30,   3.27E-012, 
  1.40,   6.12E-012, 
  1.50,   1.31E-011, 
  1.60,   3.13E-011, 
  1.70,   4.86E-011, 
  1.80,   6.12E-011, 
  1.90,   7.22E-011, 
  2.00,   7.88E-011, 
  2.10,   8.34E-011, 
  2.20,   7.97E-011, 
  2.30,   6.11E-011, 
  2.40,   2.83E-011, 
  2.50,   6.60E-012, 
  2.60,   2.22E-012, 
  2.70,   2.97E-012, 
  2.80,   2.75E-012, 
  2.90,  -1.29E-012, 
  3.00,  -6.13E-013, 
  3.10,  -4.41E-013, 
  3.20,   1.86E-013, 
  3.30,   3.56E-012, 
  3.40,   4.09E-012, 
  3.50,   6.54E-012, 
  3.60,   1.69E-011, 
  3.70,   3.11E-011, 
  3.80,   4.63E-011, 
  3.90,   6.36E-011, 
  4.00,   8.59E-011, 
  4.10,   9.63E-011, 
  4.20,   8.37E-011, 
  4.30,   5.60E-011, 
  4.40,   1.98E-011, 
  4.50,   7.70E-012, 
  4.60,   4.96E-012, 
  4.70,   2.92E-012, 
  4.80,  -1.12E-012, 
  4.90,  -6.97E-013, 
  5.00,  -2.54E-013, 
  5.10,   4.46E-015, 
  5.20,   2.59E-014, 
  5.30,  -3.48E-014, 
  5.40,  -5.80E-014, 
  5.50,   3.21E-014, 
  5.60,  -1.78E-014, 
  5.70,   1.69E-013, 
  5.80,   1.03E-013, 
  5.90,  -3.75E-014, 
  6.00,   4.28E-014, 
  6.10,  -1.03E-013, 
  6.20,  -1.78E-014, 
  6.30,   1.84E-013, 
  6.40,  -3.01E-013, 
  6.50,  -2.90E-013, 
  6.60,  -9.90E-014, 
  6.70,  -1.61E-013, 
  6.80,  -1.64E-013, 
  6.90,  -2.68E-014, 
  7.00,  -4.46E-015, 
  7.10,  -8.65E-014, 
  7.20,  -2.28E-013, 
  7.30,  -2.41E-014, 
  7.40,   9.90E-014, 
  7.50,   1.25E-014, 
  7.60,   4.82E-014, 
  7.70,   2.60E-013, 
  7.80,  -4.37E-014, 
  7.90,  -8.56E-014, 
  8.00,  -7.58E-014, 
  8.10,  -1.23E-013, 
  8.20,  -6.24E-015, 
  8.30,  -1.79E-013, 
  8.40,  -1.27E-013, 
  8.50,  -1.89E-013, 
  8.60,  -3.29E-013, 
  8.70,  -3.28E-013, 
  8.80,  -2.39E-013, 
  8.90,  -6.42E-014, 
  9.00,  -2.72E-013, 
  9.10,  -3.33E-013, 
  9.20,  -1.86E-013, 
  9.30,  -1.43E-013, 
  9.40,  -1.96E-014, 
  9.50,   5.97E-014, 
  9.60,   9.36E-014, 
  9.70,   2.06E-013, 
  9.80,   2.31E-013, 
  9.90,   3.05E-013, 
 10.00,   1.15E-013, 
 10.10,   1.87E-014, 
 10.20,   1.26E-013, 
 10.30,   1.19E-013, 
 10.40,   2.51E-013, 
 10.50,   1.66E-013, 
 10.60,   1.27E-013, 
 10.70,   4.55E-014, 
 10.80,  -1.16E-014, 
 10.90,  -1.69E-014, 
 11.00,  -6.33E-014, 
 11.10,  -7.67E-014, 
 11.20,  -2.04E-013, 
 11.30,  -1.81E-013, 
 11.40,   5.53E-014, 
 11.50,   1.44E-013, 
 11.60,   5.33E-013, 
 11.70,   1.99E-012, 
 11.80,   3.50E-012, 
 11.90,   2.42E-012, 
 12.00,   2.00E-012, 
 12.10,   1.47E-012, 
 12.20,   8.38E-013, 
 12.30,  -1.50E-012, 
 12.40,  -3.65E-013, 
 12.50,   1.56E-013, 
 12.60,   2.96E-012, 
 12.70,   3.99E-012, 
 12.80,   3.79E-012, 
 12.90,   4.11E-012, 
 13.00,   4.41E-012, 
 13.10,   5.06E-012, 
 13.20,   4.54E-012, 
 13.30,   3.43E-012, 
 13.40,   2.12E-012, 
 13.50,  -5.68E-013, 
 13.60,   5.96E-012, 
 13.70,   9.23E-012, 
 13.80,   1.17E-011, 
 13.90,   1.50E-011, 
 14.00,   1.54E-011, 
 14.10,   1.50E-011, 
 14.20,   1.35E-011, 
 14.30,   1.22E-011, 
 14.40,   6.66E-012, 
 14.50,   7.55E-012, 
 14.60,   1.83E-011, 
 14.70,   3.47E-011, 
 14.80,   4.73E-011, 
 14.90,   6.15E-011, 
 15.00,   7.09E-011, 
 15.10,   6.89E-011, 
 15.20,   5.44E-011, 
 15.30,   3.57E-011, 
 15.40,   1.39E-011, 
 15.50,   9.89E-012, 
 15.60,   2.24E-011, 
 15.70,   4.40E-011, 
 15.80,   5.93E-011, 
 15.90,   7.71E-011, 
 16.00,   8.95E-011, 
 16.10,   8.55E-011, 
 16.20,   6.71E-011, 
 16.30,   3.95E-011, 
 16.40,   1.19E-011, 
 16.50,   4.78E-012, 
 16.60,   3.19E-012, 
 16.70,   2.47E-012, 
 16.80,   3.21E-012, 
 16.90,   1.39E-012, 
 17.00,   1.77E-012, 
 17.10,   2.75E-012, 
 17.20,   2.70E-012, 
 17.30,   1.85E-012, 
 17.40,   1.15E-012, 
 17.50,   2.11E-012, 
 17.60,   6.87E-012, 
 17.70,   6.74E-012, 
 17.80,   7.24E-012, 
 17.90,   1.05E-011, 
 18.00,   6.59E-012, 
 18.10,   2.79E-012, 
 18.20,   3.18E-012, 
 18.30,   6.96E-013, 
 18.40,   2.35E-013, 
 18.50,   3.09E-013, 
 18.60,  -4.90E-014, 
 18.70,  -1.90E-013, 
 18.80,   1.05E-013, 
 18.90,   2.92E-012, 
 19.00,   1.57E-012, 
 19.10,  -1.19E-012, 
 19.20,  -4.48E-012, 
 19.30,  -2.72E-012, 
 19.40,   1.46E-012, 
 19.50,   1.17E-012, 
 19.60,   1.44E-012, 
 19.70,   4.05E-012, 
 19.80,   2.55E-012, 
 19.90,   2.14E-012, 
 20.00,   2.05E-012, 
 20.10,   1.92E-012, 
 20.20,   1.48E-012, 
 20.30,  -7.04E-013, 
 20.40,  -1.73E-012, 
 20.50,  -9.70E-013, 
 20.60,  -5.03E-013, 
 20.70,  -1.44E-013, 
 20.80,  -6.06E-014, 
 20.90,  -9.10E-014, 
 21.00,  -1.30E-013, 
 21.10,  -2.34E-013, 
 21.20,  -5.26E-014, 
 21.30,   6.33E-014, 
 21.40,  -1.33E-013, 
 21.50,  -3.39E-014, 
 21.60,   5.35E-015, 
 21.70,  -1.46E-013, 
 21.80,  -2.06E-013, 
 21.90,  -1.29E-013, 
 22.00,  -2.59E-014, 
 22.10,   1.80E-013, 
 22.20,   2.87E-013, 
 22.30,  -4.37E-014, 
 22.40,  -2.14E-013, 
 22.50,  -2.82E-013, 
 22.60,  -8.38E-014, 
 22.70,  -1.45E-013, 
 22.80,  -3.21E-014, 
 22.90,  -1.43E-014, 
 23.00,   2.41E-014, 
 23.10,  -1.61E-013, 
 23.20,  -2.43E-013, 
 23.30,  -1.16E-014, 
 23.40,  -1.94E-013, 
 23.50,  -2.70E-013, 
 23.60,   8.92E-014, 
 23.70,  -1.52E-014, 
 23.80,  -2.16E-013, 
 23.90,  -1.78E-015, 
 24.00,  -1.48E-013, 
 24.10,  -1.34E-013, 
 24.20,  -1.87E-014, 
 24.30,  -1.45E-013, 
 24.40,  -8.47E-014, 
 24.50,  -1.24E-013, 
 24.60,  -3.63E-013, 
 24.70,  -2.15E-013, 
 24.80,  -4.01E-014, 
 24.90,  -9.45E-014, 
 25.00,  -1.27E-013, 
 25.10,  -2.91E-013, 
 25.20,  -1.44E-013, 
 25.30,   1.61E-013, 
 25.40,   2.68E-015, 
 25.50,  -3.92E-014, 
 25.60,  -2.02E-013, 
 25.70,  -1.42E-013, 
 25.80,  -3.03E-014, 
 25.90,  -1.12E-013, 
 26.00,  -1.84E-013, 
 26.10,  -7.67E-014, 
 26.20,   8.03E-015, 
 26.30,   2.50E-014, 
 26.40,  -1.62E-013, 
 26.50,  -3.88E-013, 
 26.60,  -2.68E-013, 
 26.70,  -2.72E-013, 
 26.80,  -3.33E-013, 
 26.90,  -1.96E-013, 
 27.00,  -1.12E-013, 
 27.10,   1.33E-013, 
 27.20,   2.63E-012, 
 27.30,   3.93E-012, 
 27.40,   5.60E-012, 
 27.50,   1.43E-011, 
 27.60,   4.17E-011, 
 27.70,   6.20E-011, 
 27.80,   7.50E-011, 
 27.90,   8.45E-011, 
 28.00,   9.08E-011, 
 28.10,   8.55E-011, 
 28.20,   6.26E-011, 
 28.30,   2.05E-011, 
 28.40,   5.68E-012, 
 28.50,   3.98E-012, 
 28.60,   3.53E-012, 
 28.70,   1.18E-012, 
 28.80,  -9.06E-013, 
 28.90,  -3.38E-013, 
 29.00,  -1.31E-013, 
 29.10,   1.25E-013, 
 29.20,   1.82E-013, 
 29.30,   2.33E-013, 
 29.40,  -1.43E-013, 
 29.50,   2.22E-013, 
 29.60,   5.37E-013, 
 29.70,   3.87E-012, 
 29.80,   2.48E-012, 
 29.90,   1.16E-012, 
 30.00,  -1.21E-012, 
 30.10,   5.44E-014, 
 30.20,   1.58E-013, 
 30.30,  -9.99E-014, 
 30.40,  -7.58E-014, 
 30.50,  -2.59E-013, 
 30.60,  -1.80E-013, 
 30.70,  -1.21E-013, 
 30.80,  -9.99E-014, 
 30.90,   4.73E-014, 
 31.00,  -2.09E-013, 
 31.10,  -9.27E-014, 
 31.20,   9.99E-014, 
 31.30,   1.80E-013, 
 31.40,   2.42E-012, 
 31.50,  -3.48E-013, 
 31.60,   1.19E-012, 
 31.70,   2.79E-012, 
 31.80,   3.25E-012, 
 31.90,   3.96E-012, 
 32.00,   4.37E-012, 
 32.10,   3.66E-012, 
 32.20,   2.87E-012, 
 32.30,   1.07E-012, 
 32.40,   6.80E-013, 
 32.50,   1.99E-012, 
 32.60,  -6.05E-013, 
 32.70,  -5.83E-013, 
 32.80,  -3.44E-013, 
 32.90,  -3.62E-013, 
 33.00,  -2.27E-013, 
 33.10,  -1.04E-013, 
 33.20,  -2.97E-013, 
 33.30,  -1.97E-013, 
 33.40,  -1.63E-013, 
 33.50,   1.69E-014, 
 33.60,   1.60E-013, 
 33.70,   2.24E-013, 
 33.80,   3.04E-013, 
 33.90,   4.29E-013, 
 34.00,   3.66E-014, 
 34.10,  -2.02E-013, 
 34.20,  -1.10E-013, 
 34.30,  -2.85E-013, 
 34.40,   3.12E-014, 
 34.50,   1.75E-013, 
 34.60,  -1.37E-013, 
 34.70,  -3.19E-013, 
 34.80,  -1.30E-013, 
 34.90,   1.34E-014, 
 35.00,  -4.37E-014, 
 35.10,  -1.19E-013, 
 35.20,   1.19E-013, 
 35.30,   8.03E-015, 
 35.40,   1.11E-013, 
 35.50,  -1.49E-013, 
 35.60,  -2.68E-015, 
 35.70,   1.27E-013, 
 35.80,   1.42E-013, 
 35.90,  -2.23E-014, 
 36.00,   1.03E-013, 
 36.10,  -3.75E-014, 
 36.20,  -1.43E-014, 
 36.30,  -4.90E-014, 
 36.40,   6.15E-014, 
 36.50,  -4.55E-014, 
 36.60,   7.13E-015, 
 36.70,   1.06E-013, 
 36.80,   1.27E-013, 
 36.90,   1.14E-013, 
 37.00,   3.01E-013, 
 37.10,  -6.96E-014, 
 37.20,  -3.58E-013, 
 37.30,  -2.50E-013, 
 37.40,  -1.13E-013, 
 37.50,  -2.59E-014, 
 37.60,   1.28E-013, 
 37.70,   3.68E-013, 
 37.80,   7.22E-014, 
 37.90,   6.24E-015, 
 38.00,  -1.94E-013, 
 38.10,  -3.30E-014, 
 38.20,  -1.96E-014, 
 38.30,   1.61E-013, 
 38.40,   3.29E-013, 
 38.50,   3.34E-013, 
 38.60,   3.61E-013, 
 38.70,   4.59E-013, 
 38.80,   8.67E-013, 
 38.90,   9.22E-013, 
 39.00,   3.95E-012, 
 39.10,   3.02E-012, 
 39.20,   1.66E-012, 
 39.30,   1.33E-012, 
 39.40,   2.37E-012, 
 39.50,   5.87E-012, 
 39.60,   1.03E-011, 
 39.70,   1.17E-011, 
 39.80,   1.59E-011, 
 39.90,   2.00E-011, 
 40.00,   2.20E-011, 
 40.10,   2.34E-011, 
 40.20,   1.45E-011, 
 40.30,   7.46E-012, 
 40.40,   6.46E-012, 
 40.50,   1.07E-011, 
 40.60,   1.60E-011, 
 40.70,   2.06E-011, 
 40.80,   2.75E-011, 
 40.90,   3.65E-011, 
 41.00,   4.60E-011, 
 41.10,   4.65E-011, 
 41.20,   3.82E-011, 
 41.30,   3.87E-011, 
 41.40,   6.02E-011, 
 41.50,   1.05E-010, 
 41.60,   1.19E-010, 
 41.70,   1.20E-010, 
 41.80,   1.35E-010, 
 41.90,   1.50E-010, 
 42.00,   1.50E-010, 
 42.10,   1.11E-010, 
 42.20,   4.84E-011, 
 42.30,   1.48E-011, 
 42.40,   1.13E-011, 
 42.50,   1.76E-011, 
 42.60,   2.38E-011, 
 42.70,   2.99E-011, 
 42.80,   3.79E-011, 
 42.90,   4.30E-011, 
 43.00,   4.56E-011, 
 43.10,   3.73E-011, 
 43.20,   1.94E-011, 
 43.30,   7.37E-012, 
 43.40,   3.20E-012, 
 43.50,   2.02E-012, 
 43.60,  -1.04E-012, 
 43.70,  -6.06E-013, 
 43.80,   1.00E-012, 
 43.90,   4.18E-012, 
 44.00,   2.92E-012, 
 44.10,  -7.13E-014, 
 44.20,  -2.82E-013, 
 44.30,   2.97E-013, 
 44.40,  -3.72E-013, 
 44.50,  -2.81E-013, 
 44.60,  -2.25E-013, 
 44.70,   3.12E-014, 
 44.80,  -2.26E-013, 
 44.90,  -2.48E-013, 
 45.00,  -2.79E-013, 
 45.10,  -2.68E-013, 
 45.20,  -1.54E-013, 
 45.30,  -1.52E-013, 
 45.40,  -2.42E-013, 
 45.50,   1.08E-013, 
 45.60,   6.78E-014, 
 45.70,   8.92E-016, 
 45.80,  -1.91E-013, 
 45.90,  -2.66E-013, 
 46.00,  -2.24E-013, 
 46.10,  -1.98E-013, 
 46.20,  -2.42E-013, 
 46.30,  -2.68E-015, 
 46.40,  -1.15E-013, 
 46.50,   7.13E-014, 
 46.60,  -3.09E-013, 
 46.70,  -2.26E-013, 
 46.80,   4.19E-014, 
 46.90,  -3.12E-014, 
 47.00,  -2.35E-013, 
 47.10,  -1.10E-013, 
 47.20,  -1.74E-013, 
 47.30,  -1.42E-013, 
 47.40,   1.92E-013, 
 47.50,   2.92E-013, 
 47.60,   8.83E-014, 
 47.70,   9.63E-014, 
 47.80,  -1.16E-014, 
 47.90,   1.48E-013, 
 48.00,   1.35E-013, 
 48.10,  -6.06E-014, 
 48.20,   2.81E-013, 
 48.30,   1.33E-013, 
 48.40,  -7.31E-014, 
 48.50,   1.25E-014, 
 48.60,   5.80E-014, 
 48.70,  -2.50E-013, 
 48.80,   0.00E+000, 
 48.90,  -1.08E-013, 
 49.00,  -9.81E-014, 
 49.10,  -3.39E-014, 
 49.20,  -1.34E-014, 
 49.30,  -2.04E-013, 
 49.40,  -2.16E-013, 
 49.50,  -1.99E-013, 
 49.60,  -2.85E-014, 
 49.70,   4.37E-014, 
 49.80,   1.19E-013, 
 49.90,   1.45E-013, 
 50.00,  -1.07E-013, 
 50.10,   9.10E-014, 
 50.20,   1.44E-013, 
 50.30,   2.28E-013, 
 50.40,   1.52E-013, 
 50.50,   1.63E-013, 
 50.60,  -4.82E-014, 
 50.70,  -2.31E-013, 
 50.80,  -2.27E-013, 
 50.90,  -1.74E-013, 
 51.00,  -3.17E-013, 
 51.10,  -3.07E-013, 
 51.20,  -4.45E-013, 
 51.30,  -4.76E-013, 
 51.40,  -2.62E-013, 
 51.50,  -2.69E-013, 
 51.60,  -1.19E-013, 
 51.70,  -2.14E-013, 
 51.80,  -9.90E-014, 
 51.90,   1.52E-014, 
 52.00,   1.78E-015, 
 52.10,  -6.06E-014, 
 52.20,  -1.79E-013, 
 52.30,  -8.83E-014, 
 52.40,  -2.86E-013, 
 52.50,  -1.19E-013, 
 52.60,  -1.07E-013, 
 52.70,   2.29E-013, 
 52.80,   4.82E-014, 
 52.90,  -1.78E-015, 
 53.00,   3.17E-013, 
 53.10,   2.53E-013, 
 53.20,   9.81E-014, 
 53.30,   9.10E-014, 
 53.40,   5.35E-014, 
 53.50,  -5.53E-014, 
 53.60,   5.62E-014, 
 53.70,  -1.36E-013, 
 53.80,  -1.62E-013, 
 53.90,  -9.81E-015, 
 54.00,  -4.19E-014, 
 54.10,  -7.04E-014, 
 54.20,  -1.54E-013, 
 54.30,  -1.51E-013, 
 54.40,  -1.25E-013, 
 54.50,  -1.52E-014, 
 54.60,   9.19E-014, 
 54.70,   1.85E-013, 
 54.80,   1.46E-013, 
 54.90,   2.23E-013, 
 55.00,   3.17E-013, 
 55.10,   7.13E-014, 
 55.20,   4.64E-014, 
 55.30,  -3.57E-015, 
 55.40,   8.11E-014, 
 55.50,  -1.19E-013, 
 55.60,  -1.86E-013, 
 55.70,  -1.61E-013, 
 55.80,  -2.02E-013, 
 55.90,  -2.32E-014, 
 56.00,  -2.11E-013, 
 56.10,  -1.57E-013, 
 56.20,  -2.05E-014, 
 56.30,   8.29E-014, 
 56.40,   1.28E-013, 
 56.50,   1.42E-013, 
 56.60,   3.29E-013, 
 56.70,   2.41E-013, 
 56.80,   8.38E-014, 
 56.90,   1.25E-014, 
 57.00,  -1.39E-013, 
 57.10,  -1.02E-013, 
 57.20,   1.07E-014, 
 57.30,  -2.50E-014, 
 57.40,  -2.05E-013, 
 57.50,  -1.21E-013, 
 57.60,  -2.41E-014, 
 57.70,   9.36E-014, 
 57.80,   3.57E-014, 
 57.90,  -3.83E-014, 
 58.00,   9.45E-014, 
 58.10,   2.32E-014, 
 58.20,   7.04E-014, 
 58.30,   4.10E-014, 
 58.40,   1.62E-013, 
 58.50,   6.42E-014, 
 58.60,   3.30E-014, 
 58.70,   3.92E-014, 
 58.80,   8.65E-014, 
 58.90,  -1.86E-013, 
 59.00,  -2.13E-013, 
 59.10,  -4.55E-014, 
 59.20,   2.52E-013, 
 59.30,   1.61E-013, 
 59.40,   3.66E-014, 
 59.50,  -2.10E-013, 
 59.60,  -8.29E-014, 
 59.70,   6.69E-014, 
 59.80,   2.88E-013, 
 59.90,   8.74E-014, 
 60.00,   1.61E-013, 
 60.10,   3.59E-013, 
 60.20,   1.33E-013, 
 60.30,   1.05E-013, 
 60.40,  -6.33E-014, 
 60.50,  -1.51E-013, 
 60.60,  -8.20E-014, 
 60.70,   4.82E-014, 
 60.80,   1.06E-013, 
 60.90,   2.23E-014, 
 61.00,   7.85E-014, 
 61.10,   4.19E-014, 
 61.20,  -3.75E-014, 
 61.30,   2.94E-014, 
 61.40,  -9.36E-014, 
 61.50,  -1.36E-013, 
 61.60,  -6.24E-015, 
 61.70,   2.59E-014, 
 61.80,   2.59E-014, 
 61.90,   1.25E-013, 
 62.00,   2.50E-014, 
 62.10,  -2.70E-013, 
 62.20,  -2.19E-013, 
 62.30,  -2.05E-014, 
 62.40,  -8.92E-016, 
 62.50,  -2.28E-013, 
 62.60,   1.03E-013, 
 62.70,   2.54E-013, 
 62.80,   4.69E-013, 
 62.90,   6.20E-013, 
 63.00,   5.73E-013, 
 63.10,   4.75E-013, 
 63.20,   4.74E-013, 
 63.30,   2.35E-013, 
 63.40,  -2.04E-013, 
 63.50,  -2.24E-013, 
 63.60,  -5.35E-014, 
 63.70,  -1.10E-013, 
 63.80,   1.51E-013, 
 63.90,   1.20E-013, 
 64.00,  -1.43E-014, 
 64.10,  -7.13E-014, 
 64.20,   1.14E-013, 
 64.30,   1.61E-013, 
 64.40,   9.63E-014, 
 64.50,   2.00E-013, 
 64.60,  -5.44E-014, 
 64.70,   1.86E-013, 
 64.80,   1.78E-013, 
 64.90,   3.01E-013, 
 65.00,   1.54E-013, 
 65.10,   1.36E-013, 
 65.20,   3.13E-013, 
 65.30,   3.64E-013, 
 65.40,   4.49E-013, 
 65.50,   5.44E-014, 
 65.60,  -2.18E-013, 
 65.70,   1.49E-013, 
 65.80,   2.11E-013, 
 65.90,   1.78E-013, 
 66.00,   4.64E-014, 
 66.10,  -3.30E-014, 
 66.20,   1.13E-013, 
 66.30,   1.05E-013, 
 66.40,   1.37E-013, 
 66.50,   2.47E-013, 
 66.60,   1.95E-013, 
 66.70,  -6.06E-014, 
 66.80,  -7.76E-014, 
 66.90,  -6.06E-014, 
 67.00,   2.52E-013, 
 67.10,  -1.27E-013, 
 67.20,   2.35E-013, 
 67.30,   2.02E-013, 
 67.40,   5.53E-014, 
 67.50,   1.31E-013, 
 67.60,   1.87E-013, 
 67.70,   6.24E-014, 
 67.80,  -1.32E-013, 
 67.90,  -2.44E-013, 
 68.00,  -8.03E-015, 
 68.10,   1.61E-013, 
 68.20,   2.18E-013, 
 68.30,   1.69E-013, 
 68.40,   7.76E-014, 
 68.50,   4.64E-014, 
 68.60,  -4.19E-014, 
 68.70,   9.10E-014, 
 68.80,   3.57E-014, 
 68.90,   7.40E-014, 
 69.00,   1.29E-013, 
 69.10,   5.08E-014, 
 69.20,  -1.85E-013, 
 69.30,  -2.59E-013, 
 69.40,  -3.41E-013, 
 69.50,  -3.67E-013, 
 69.60,  -6.33E-013, 
 69.70,  -2.72E-013, 
 69.80,   6.33E-014, 
 69.90,   1.28E-013, 
 70.00,   5.26E-014, 
 70.10,   2.29E-013, 
 70.20,   7.85E-014, 
 70.30,   1.11E-013, 
 70.40,   8.83E-014, 
 70.50,   4.37E-014, 
 70.60,  -6.87E-014, 
 70.70,  -1.19E-013, 
 70.80,  -1.68E-013, 
 70.90,   1.43E-013, 
 71.00,   4.51E-013, 
 71.10,   9.27E-014, 
 71.20,  -1.85E-013, 
 71.30,  -1.97E-013, 
 71.40,  -2.41E-014, 
 71.50,  -6.24E-014, 
 71.60,  -3.45E-013, 
 71.70,  -2.56E-013, 
 71.80,  -1.70E-013, 
 71.90,  -2.08E-013, 
 72.00,  -3.03E-014, 
 72.10,   1.01E-013, 
 72.20,  -8.92E-014, 
 72.30,  -7.76E-014, 
 72.40,  -1.28E-013, 
 72.50,  -1.84E-013, 
 72.60,  -1.51E-013, 
 72.70,   9.81E-014, 
 72.80,   1.19E-013, 
 72.90,   1.44E-013, 
 73.00,   3.21E-013, 
 73.10,   2.68E-013, 
 73.20,   4.22E-013, 
 73.30,   1.29E-013, 
 73.40,  -1.07E-014, 
 73.50,   0.00E+000, 
 73.60,  -1.52E-014, 
 73.70,   3.03E-014, 
 73.80,   1.61E-013, 
 73.90,  -2.01E-013, 
 74.00,  -1.05E-013, 
 74.10,  -7.31E-014, 
 74.20,   4.01E-014, 
 74.30,   2.69E-013, 
 74.40,   1.01E-013, 
 74.50,  -1.78E-014, 
 74.60,  -1.50E-013, 
 74.70,  -1.69E-013, 
 74.80,   7.04E-014, 
 74.90,  -6.15E-014, 
 75.00,  -2.00E-013, 
 75.10,   3.03E-014, 
 75.20,  -7.22E-014, 
 75.30,  -2.29E-013, 
 75.40,  -5.53E-014, 
 75.50,   1.10E-013, 
 75.60,  -5.97E-014, 
 75.70,  -1.33E-013, 
 75.80,   1.20E-013, 
 75.90,   6.06E-014, 
 76.00,  -1.23E-013, 
 76.10,   3.12E-014, 
 76.20,   1.52E-013, 
 76.30,  -2.78E-013, 
 76.40,  -2.11E-013, 
 76.50,  -4.99E-014, 
 76.60,   9.99E-014, 
 76.70,   9.90E-014, 
 76.80,   8.92E-016, 
 76.90,  -1.64E-013, 
 77.00,   3.83E-014, 
 77.10,  -1.25E-014, 
 77.20,   2.49E-013, 
 77.30,   3.34E-013, 
 77.40,   8.28E-013, 
 77.50,   4.65E-012, 
 77.60,   3.72E-012, 
 77.70,   3.42E-012, 
 77.80,   4.02E-012, 
 77.90,   4.89E-012, 
 78.00,   4.96E-012, 
 78.10,   3.50E-012, 
 78.20,   2.09E-012, 
 78.30,  -1.44E-012, 
 78.40,  -4.64E-013, 
 78.50,   7.76E-014, 
 78.60,   3.17E-013, 
 78.70,   3.30E-012, 
 78.80,   2.59E-012, 
 78.90,   7.12E-013, 
 79.00,  -1.02E-012, 
 79.10,  -4.01E-014, 
 79.20,   4.99E-013, 
 79.30,   3.80E-012, 
 79.40,   6.60E-012, 
 79.50,   1.18E-011, 
 79.60,   1.56E-011, 
 79.70,   2.09E-011, 
 79.80,   2.96E-011, 
 79.90,   3.68E-011, 
 80.00,   3.37E-011, 
 80.10,   2.01E-011, 
 80.20,   9.02E-012, 
 80.30,   4.59E-012, 
 80.40,   3.28E-012, 
 80.50,   2.81E-012, 
 80.60,   2.71E-012, 
 80.70,   2.92E-012, 
 80.80,   3.45E-012, 
 80.90,   3.50E-012, 
 81.00,   3.93E-012, 
 81.10,   4.84E-012, 
 81.20,   6.12E-012, 
 81.30,   1.08E-011, 
 81.40,   3.40E-011, 
 81.50,   7.90E-011, 
 81.60,   9.36E-011, 
 81.70,   1.30E-010, 
 81.80,   1.72E-010, 
 81.90,   1.97E-010, 
 82.00,   1.53E-010, 
 82.10,   7.27E-011, 
 82.20,   2.75E-011, 
 82.30,   2.02E-011, 
 82.40,   4.13E-011, 
 82.50,   8.60E-011, 
 82.60,   1.02E-010, 
 82.70,   1.39E-010, 
 82.80,   1.85E-010, 
 82.90,   2.10E-010, 
 83.00,   1.73E-010, 
 83.10,   9.08E-011, 
 83.20,   4.69E-011, 
 83.30,   6.29E-011, 
 83.40,   2.43E-010, 
 83.50,   4.30E-010, 
 83.60,   4.78E-010, 
 83.70,   6.60E-010, 
 83.80,   8.90E-010, 
 83.90,   9.74E-010, 
 84.00,   6.71E-010, 
 84.10,   2.60E-010, 
 84.20,   3.79E-011, 
 84.30,   1.12E-011, 
 84.40,   6.70E-012, 
 84.50,   5.12E-012, 
 84.60,   4.82E-012, 
 84.70,   4.86E-012, 
 84.80,   5.00E-012, 
 84.90,   5.39E-012, 
 85.00,   5.73E-012, 
 85.10,   6.74E-012, 
 85.20,   8.78E-012, 
 85.30,   1.48E-011, 
 85.40,   5.51E-011, 
 85.50,   1.15E-010, 
 85.60,   1.28E-010, 
 85.70,   1.85E-010, 
 85.80,   2.52E-010, 
 85.90,   2.77E-010, 
 86.00,   1.96E-010, 
 86.10,   8.59E-011, 
 86.20,   2.19E-011, 
 86.30,   7.17E-012, 
 86.40,   3.61E-012, 
 86.50,   1.90E-012, 
 86.60,  -1.55E-012, 
 86.70,  -4.85E-013, 
 86.80,  -2.34E-013, 
 86.90,  -1.16E-013, 
 87.00,   1.52E-014, 
 87.10,  -3.03E-014, 
 87.20,  -4.99E-014, 
 87.30,  -3.83E-014, 
 87.40,   9.90E-014, 
 87.50,   1.75E-013, 
 87.60,   7.85E-014, 
 87.70,  -1.18E-013, 
 87.80,  -1.21E-013, 
 87.90,  -5.17E-014, 
 88.00,  -1.19E-013, 
 88.10,  -2.63E-013, 
 88.20,  -2.75E-013, 
 88.30,   9.81E-015, 
 88.40,  -8.92E-016, 
 88.50,  -4.19E-014, 
 88.60,  -2.35E-013, 
 88.70,  -1.55E-013, 
 88.80,  -1.96E-013, 
 88.90,  -3.30E-014, 
 89.00,  -3.39E-014, 
 89.10,  -1.44E-013, 
 89.20,  -3.40E-013, 
 89.30,  -4.00E-013, 
 89.40,  -5.97E-014, 
 89.50,   1.87E-014, 
 89.60,  -6.78E-014, 
 89.70,  -2.94E-014, 
 89.80,  -1.86E-013, 
 89.90,  -1.25E-013, 
 90.00,   8.38E-014, 
