Aug 13, 2026  10:37:52 AM
Residual Gas Analyzer Software 
Software Version, 3.214.004

Analog Scan Setup:

Data Points in Scan, 891 
Units, Torr 
Noise Floor, 2 
CEM Status, ON 
Points Per AMU, 10
Scan Start Mass, 1, amu 
Scan Stop Mass, 90, amu
Focus Voltage, 90, Volts 
Ion Energy, HIGH 
Electron Energy, 70, eV 
CEM Voltage, 1159, Volts
CEM Gain, 1.01E+003 
Sensitivity Factor, 1.11E-004 
Filament Current, 1.00, mAmps


  1.00,   1.36E-012, 
  1.10,  -2.27E-012, 
  1.20,  -1.25E-012, 
  1.30,  -2.84E-013, 
  1.40,   4.97E-013, 
  1.50,   1.10E-012, 
  1.60,   1.41E-012, 
  1.70,   2.55E-012, 
  1.80,   1.66E-012, 
  1.90,   1.26E-012, 
  2.00,   1.93E-012, 
  2.10,   2.07E-012, 
  2.20,   1.80E-012, 
  2.30,   1.43E-012, 
  2.40,   1.38E-012, 
  2.50,   6.18E-013, 
  2.60,   3.28E-013, 
  2.70,   8.20E-014, 
  2.80,  -1.50E-012, 
  2.90,   2.64E-013, 
  3.00,   7.80E-013, 
  3.10,   4.99E-013, 
  3.20,   4.55E-013, 
  3.30,   4.25E-013, 
  3.40,   3.17E-013, 
  3.50,   2.71E-013, 
  3.60,   7.36E-013, 
  3.70,   4.10E-012, 
  3.80,   2.64E-012, 
  3.90,   5.99E-012, 
  4.00,   1.02E-011, 
  4.10,   6.76E-012, 
  4.20,   5.07E-012, 
  4.30,   3.83E-012, 
  4.40,   2.66E-012, 
  4.50,   5.78E-013, 
  4.60,  -1.17E-012, 
  4.70,  -9.39E-013, 
  4.80,  -2.20E-013, 
  4.90,  -8.92E-016, 
  5.00,  -2.37E-013, 
  5.10,  -2.08E-013, 
  5.20,  -1.78E-015, 
  5.30,   2.85E-013, 
  5.40,   1.42E-013, 
  5.50,  -4.73E-014, 
  5.60,  -5.89E-014, 
  5.70,   1.03E-013, 
  5.80,   1.47E-013, 
  5.90,   6.33E-014, 
  6.00,   2.04E-013, 
  6.10,   2.06E-013, 
  6.20,   1.85E-013, 
  6.30,   1.25E-014, 
  6.40,   1.47E-013, 
  6.50,   1.96E-013, 
  6.60,  -4.10E-014, 
  6.70,  -2.00E-013, 
  6.80,  -1.19E-013, 
  6.90,   1.60E-013, 
  7.00,   8.47E-014, 
  7.10,   2.77E-013, 
  7.20,   1.21E-013, 
  7.30,   1.45E-013, 
  7.40,   4.31E-013, 
  7.50,   2.98E-013, 
  7.60,   4.99E-014, 
  7.70,   1.52E-014, 
  7.80,   1.04E-013, 
  7.90,   1.88E-013, 
  8.00,   1.78E-014, 
  8.10,   1.80E-013, 
  8.20,   5.80E-014, 
  8.30,   2.87E-013, 
  8.40,   2.98E-013, 
  8.50,   4.65E-013, 
  8.60,   2.08E-013, 
  8.70,   4.03E-013, 
  8.80,   5.23E-013, 
  8.90,   4.16E-013, 
  9.00,   2.05E-013, 
  9.10,   3.30E-014, 
  9.20,  -1.06E-013, 
  9.30,  -1.28E-013, 
  9.40,   1.56E-013, 
  9.50,   3.07E-013, 
  9.60,   3.42E-013, 
  9.70,   1.05E-013, 
  9.80,   3.72E-013, 
  9.90,   4.09E-013, 
 10.00,   3.01E-013, 
 10.10,   2.55E-013, 
 10.20,   3.93E-013, 
 10.30,   2.79E-013, 
 10.40,   5.80E-014, 
 10.50,   1.78E-014, 
 10.60,  -1.59E-013, 
 10.70,  -1.24E-013, 
 10.80,   1.88E-013, 
 10.90,   2.17E-013, 
 11.00,   6.78E-014, 
 11.10,   1.03E-013, 
 11.20,   3.02E-013, 
 11.30,   2.03E-013, 
 11.40,   2.59E-013, 
 11.50,   3.01E-013, 
 11.60,   1.14E-013, 
 11.70,   3.12E-014, 
 11.80,   3.39E-014, 
 11.90,   5.71E-014, 
 12.00,   3.74E-013, 
 12.10,   3.08E-012, 
 12.20,  -9.82E-013, 
 12.30,  -6.31E-013, 
 12.40,  -2.09E-012, 
 12.50,   4.90E-013, 
 12.60,   9.01E-014, 
 12.70,   2.76E-014, 
 12.80,   1.97E-013, 
 12.90,   4.09E-013, 
 13.00,   6.33E-014, 
 13.10,  -1.44E-013, 
 13.20,  -3.03E-014, 
 13.30,   2.36E-013, 
 13.40,   7.38E-013, 
 13.50,   7.56E-013, 
 13.60,   4.74E-013, 
 13.70,   4.49E-013, 
 13.80,  -2.38E-013, 
 13.90,   9.82E-013, 
 14.00,   7.13E-013, 
 14.10,   5.72E-013, 
 14.20,   5.12E-013, 
 14.30,   2.83E-013, 
 14.40,   1.62E-012, 
 14.50,  -2.09E-013, 
 14.60,  -1.95E-013, 
 14.70,   7.76E-014, 
 14.80,   7.40E-014, 
 14.90,  -2.91E-012, 
 15.00,   1.13E-012, 
 15.10,   3.65E-013, 
 15.20,   2.51E-013, 
 15.30,   4.55E-013, 
 15.40,  -1.06E-012, 
 15.50,   7.62E-013, 
 15.60,   2.30E-012, 
 15.70,   4.54E-013, 
 15.80,  -1.15E-013, 
 15.90,  -2.48E-013, 
 16.00,   1.43E-014, 
 16.10,   2.69E-013, 
 16.20,   5.21E-013, 
 16.30,   8.18E-013, 
 16.40,   7.13E-013, 
 16.50,   6.62E-013, 
 16.60,   2.61E-013, 
 16.70,  -9.15E-013, 
 16.80,  -1.34E-012, 
 16.90,  -2.85E-013, 
 17.00,  -3.08E-012, 
 17.10,  -2.31E-012, 
 17.20,  -1.20E-012, 
 17.30,   8.35E-013, 
 17.40,   2.02E-012, 
 17.50,   5.87E-013, 
 17.60,  -3.55E-012, 
 17.70,  -1.82E-012, 
 17.80,  -3.22E-012, 
 17.90,  -6.38E-013, 
 18.00,  -4.09E-012, 
 18.10,  -5.88E-013, 
 18.20,   2.22E-012, 
 18.30,   3.85E-012, 
 18.40,   1.09E-011, 
 18.50,   1.43E-012, 
 18.60,   4.15E-013, 
 18.70,   2.77E-013, 
 18.80,   3.19E-013, 
 18.90,   5.81E-013, 
 19.00,   2.38E-012, 
 19.10,   2.28E-012, 
 19.20,   1.48E-012, 
 19.30,  -1.83E-012, 
 19.40,  -3.30E-012, 
 19.50,  -2.50E-012, 
 19.60,  -1.52E-013, 
 19.70,   2.70E-012, 
 19.80,   1.70E-012, 
 19.90,   9.69E-013, 
 20.00,   1.19E-012, 
 20.10,   1.48E-012, 
 20.20,   1.64E-012, 
 20.30,   1.14E-012, 
 20.40,   8.02E-013, 
 20.50,   3.94E-013, 
 20.60,   2.90E-012, 
 20.70,  -3.67E-013, 
 20.80,   1.74E-013, 
 20.90,   1.03E-013, 
 21.00,   1.15E-013, 
 21.10,   2.14E-014, 
 21.20,   6.15E-014, 
 21.30,   1.07E-014, 
 21.40,   1.40E-013, 
 21.50,   3.58E-013, 
 21.60,   1.69E-013, 
 21.70,   1.56E-013, 
 21.80,   4.28E-013, 
 21.90,   2.24E-013, 
 22.00,   1.37E-013, 
 22.10,   2.33E-013, 
 22.20,   1.14E-013, 
 22.30,   2.50E-013, 
 22.40,   4.16E-013, 
 22.50,  -2.28E-013, 
 22.60,  -1.69E-013, 
 22.70,   3.06E-013, 
 22.80,   4.74E-013, 
 22.90,   2.80E-013, 
 23.00,   5.09E-013, 
 23.10,   3.95E-013, 
 23.20,   3.54E-013, 
 23.30,   2.13E-013, 
 23.40,   3.52E-013, 
 23.50,  -5.62E-014, 
 23.60,  -1.43E-014, 
 23.70,   3.03E-014, 
 23.80,   1.30E-013, 
 23.90,   1.39E-013, 
 24.00,   2.14E-013, 
 24.10,   3.08E-013, 
 24.20,   2.76E-013, 
 24.30,   2.22E-013, 
 24.40,   2.18E-013, 
 24.50,   1.28E-013, 
 24.60,   1.85E-013, 
 24.70,  -9.36E-014, 
 24.80,   3.87E-013, 
 24.90,   2.73E-013, 
 25.00,   3.27E-013, 
 25.10,  -2.61E-012, 
 25.20,   9.63E-014, 
 25.30,   1.44E-012, 
 25.40,   8.29E-013, 
 25.50,   3.51E-013, 
 25.60,   2.96E-013, 
 25.70,   7.22E-014, 
 25.80,  -1.36E-012, 
 25.90,  -2.10E-012, 
 26.00,   1.32E-012, 
 26.10,   1.43E-012, 
 26.20,   8.20E-013, 
 26.30,   5.44E-013, 
 26.40,   2.42E-013, 
 26.50,   1.45E-013, 
 26.60,   1.37E-013, 
 26.70,  -1.75E-012, 
 26.80,  -2.15E-012, 
 26.90,   1.83E-012, 
 27.00,   1.62E-012, 
 27.10,   2.74E-012, 
 27.20,   3.22E-012, 
 27.30,   1.46E-012, 
 27.40,  -1.71E-012, 
 27.50,  -3.75E-012, 
 27.60,   1.92E-013, 
 27.70,   2.77E-012, 
 27.80,   3.73E-012, 
 27.90,   4.82E-012, 
 28.00,   5.70E-012, 
 28.10,   6.66E-012, 
 28.20,   6.32E-012, 
 28.30,   4.92E-012, 
 28.40,   3.04E-012, 
 28.50,   1.35E-012, 
 28.60,   6.71E-013, 
 28.70,   2.07E-012, 
 28.80,   1.16E-012, 
 28.90,  -5.56E-013, 
 29.00,  -1.28E-012, 
 29.10,  -2.90E-012, 
 29.20,   1.69E-012, 
 29.30,   1.48E-012, 
 29.40,   3.53E-012, 
 29.50,  -7.48E-013, 
 29.60,  -3.29E-013, 
 29.70,  -1.93E-012, 
 29.80,   7.45E-013, 
 29.90,   1.39E-012, 
 30.00,   1.33E-012, 
 30.10,   1.29E-012, 
 30.20,   1.51E-012, 
 30.30,   1.27E-012, 
 30.40,   9.68E-013, 
 30.50,   2.13E-012, 
 30.60,  -2.84E-013, 
 30.70,   1.35E-013, 
 30.80,   1.83E-013, 
 30.90,   3.74E-013, 
 31.00,   2.54E-013, 
 31.10,   2.54E-013, 
 31.20,   5.57E-013, 
 31.30,   4.57E-013, 
 31.40,   2.47E-013, 
 31.50,   3.46E-012, 
 31.60,   4.21E-013, 
 31.70,   2.01E-013, 
 31.80,   1.24E-012, 
 31.90,   2.32E-012, 
 32.00,   2.82E-012, 
 32.10,   2.82E-012, 
 32.20,   3.06E-012, 
 32.30,   2.59E-012, 
 32.40,   1.75E-012, 
 32.50,   9.19E-013, 
 32.60,   5.35E-013, 
 32.70,   1.45E-012, 
 32.80,  -1.19E-013, 
 32.90,   1.78E-014, 
 33.00,   1.74E-013, 
 33.10,   1.06E-013, 
 33.20,   1.63E-013, 
 33.30,   1.13E-013, 
 33.40,   2.23E-014, 
 33.50,  -1.78E-015, 
 33.60,   1.39E-013, 
 33.70,   2.35E-013, 
 33.80,   5.07E-013, 
 33.90,   2.89E-013, 
 34.00,   3.10E-013, 
 34.10,   3.21E-014, 
 34.20,   2.60E-013, 
 34.30,   1.44E-013, 
 34.40,   3.91E-013, 
 34.50,   5.84E-013, 
 34.60,   3.63E-013, 
 34.70,   1.60E-013, 
 34.80,   9.19E-014, 
 34.90,   7.40E-014, 
 35.00,   2.10E-013, 
 35.10,   2.76E-013, 
 35.20,   2.12E-013, 
 35.30,   5.74E-013, 
 35.40,   4.65E-013, 
 35.50,   3.61E-013, 
 35.60,   3.48E-013, 
 35.70,   2.88E-013, 
 35.80,   2.82E-013, 
 35.90,   6.04E-013, 
 36.00,   4.48E-013, 
 36.10,   3.43E-013, 
 36.20,   3.32E-013, 
 36.30,   8.03E-014, 
 36.40,   2.88E-013, 
 36.50,   2.51E-013, 
 36.60,   2.15E-013, 
 36.70,   2.23E-013, 
 36.80,   1.03E-013, 
 36.90,   2.22E-013, 
 37.00,   2.10E-013, 
 37.10,   1.61E-013, 
 37.20,   1.52E-013, 
 37.30,   6.78E-014, 
 37.40,   2.43E-013, 
 37.50,   1.62E-013, 
 37.60,   1.93E-013, 
 37.70,   3.60E-013, 
 37.80,   1.61E-013, 
 37.90,   2.12E-013, 
 38.00,   4.90E-014, 
 38.10,   2.34E-013, 
 38.20,   3.59E-013, 
 38.30,   2.57E-013, 
 38.40,   3.53E-013, 
 38.50,   3.91E-013, 
 38.60,   5.86E-013, 
 38.70,   3.91E-013, 
 38.80,   5.88E-013, 
 38.90,   5.56E-013, 
 39.00,   5.61E-013, 
 39.10,  -1.86E-012, 
 39.20,   1.73E-012, 
 39.30,   1.16E-012, 
 39.40,   7.54E-013, 
 39.50,   7.98E-013, 
 39.60,   5.67E-013, 
 39.70,   3.84E-012, 
 39.80,   7.22E-012, 
 39.90,   8.80E-012, 
 40.00,   1.07E-011, 
 40.10,   1.15E-011, 
 40.20,   1.01E-011, 
 40.30,   7.50E-012, 
 40.40,   2.98E-012, 
 40.50,   1.18E-012, 
 40.60,   1.85E-012, 
 40.70,   4.05E-012, 
 40.80,   8.06E-012, 
 40.90,   1.05E-011, 
 41.00,   1.20E-011, 
 41.10,   1.39E-011, 
 41.20,   1.67E-011, 
 41.30,   1.68E-011, 
 41.40,   1.39E-011, 
 41.50,   1.45E-011, 
 41.60,   2.05E-011, 
 41.70,   3.52E-011, 
 41.80,   4.34E-011, 
 41.90,   4.55E-011, 
 42.00,   5.11E-011, 
 42.10,   5.61E-011, 
 42.20,   5.13E-011, 
 42.30,   3.49E-011, 
 42.40,   1.39E-011, 
 42.50,   8.34E-012, 
 42.60,   5.88E-012, 
 42.70,   7.27E-012, 
 42.80,   9.60E-012, 
 42.90,   1.20E-011, 
 43.00,   1.30E-011, 
 43.10,   1.38E-011, 
 43.20,   1.54E-011, 
 43.30,   1.24E-011, 
 43.40,   9.06E-012, 
 43.50,   4.29E-012, 
 43.60,   2.46E-012, 
 43.70,  -1.61E-012, 
 43.80,  -5.89E-013, 
 43.90,  -3.73E-013, 
 44.00,   4.04E-013, 
 44.10,   5.33E-013, 
 44.20,   6.99E-013, 
 44.30,   8.53E-013, 
 44.40,   8.68E-013, 
 44.50,   4.08E-013, 
 44.60,   1.52E-012, 
 44.70,   1.78E-015, 
 44.80,  -1.07E-014, 
 44.90,   7.40E-014, 
 45.00,   7.49E-014, 
 45.10,   3.57E-014, 
 45.20,   7.76E-014, 
 45.30,   1.31E-013, 
 45.40,   2.36E-013, 
 45.50,   5.80E-013, 
 45.60,   5.32E-013, 
 45.70,   3.62E-013, 
 45.80,   3.73E-013, 
 45.90,   6.11E-013, 
 46.00,   3.75E-013, 
 46.10,   1.77E-013, 
 46.20,   4.55E-013, 
 46.30,  -1.69E-014, 
 46.40,  -2.67E-013, 
 46.50,   1.64E-013, 
 46.60,   3.48E-013, 
 46.70,   3.56E-013, 
 46.80,   5.97E-014, 
 46.90,   1.13E-013, 
 47.00,   3.30E-014, 
 47.10,   4.99E-014, 
 47.20,   2.22E-013, 
 47.30,   3.29E-013, 
 47.40,   2.72E-013, 
 47.50,   2.26E-013, 
 47.60,   4.38E-013, 
 47.70,   3.28E-013, 
 47.80,   2.74E-013, 
 47.90,   3.97E-013, 
 48.00,   3.76E-013, 
 48.10,   1.30E-013, 
 48.20,   2.55E-013, 
 48.30,   3.53E-013, 
 48.40,   3.11E-013, 
 48.50,   1.26E-013, 
 48.60,   8.74E-014, 
 48.70,   1.87E-013, 
 48.80,   3.58E-013, 
 48.90,   3.98E-013, 
 49.00,   5.49E-013, 
 49.10,   3.19E-013, 
 49.20,   4.19E-013, 
 49.30,   5.07E-013, 
 49.40,   2.84E-013, 
 49.50,   5.78E-013, 
 49.60,   5.40E-013, 
 49.70,   3.64E-013, 
 49.80,   2.41E-013, 
 49.90,   2.00E-013, 
 50.00,   1.04E-013, 
 50.10,   1.69E-013, 
 50.20,   1.78E-015, 
 50.30,   1.94E-013, 
 50.40,   1.78E-015, 
 50.50,   2.35E-013, 
 50.60,   1.86E-013, 
 50.70,   1.93E-013, 
 50.80,   1.84E-013, 
 50.90,   2.45E-013, 
 51.00,   5.89E-014, 
 51.10,   2.51E-013, 
 51.20,   4.52E-013, 
 51.30,   3.95E-013, 
 51.40,   7.94E-014, 
 51.50,   2.18E-013, 
 51.60,   1.85E-013, 
 51.70,   2.73E-013, 
 51.80,   1.11E-013, 
 51.90,   3.36E-013, 
 52.00,   4.02E-013, 
 52.10,   4.95E-013, 
 52.20,   2.29E-013, 
 52.30,   3.08E-013, 
 52.40,   2.93E-013, 
 52.50,   2.47E-013, 
 52.60,   2.75E-013, 
 52.70,  -3.48E-014, 
 52.80,   8.03E-014, 
 52.90,  -2.30E-013, 
 53.00,   3.48E-014, 
 53.10,   3.53E-013, 
 53.20,   3.35E-013, 
 53.30,   1.79E-013, 
 53.40,   3.89E-013, 
 53.50,   3.83E-014, 
 53.60,   6.60E-014, 
 53.70,   3.07E-013, 
 53.80,   3.86E-013, 
 53.90,   2.86E-013, 
 54.00,   3.79E-013, 
 54.10,   2.74E-013, 
 54.20,   3.91E-013, 
 54.30,  -3.92E-014, 
 54.40,   2.05E-014, 
 54.50,   3.96E-013, 
 54.60,   1.95E-013, 
 54.70,   2.56E-013, 
 54.80,   3.21E-014, 
 54.90,  -1.24E-013, 
 55.00,   4.28E-014, 
 55.10,   3.40E-013, 
 55.20,   4.33E-013, 
 55.30,   8.92E-014, 
 55.40,   5.97E-014, 
 55.50,   3.30E-014, 
 55.60,   9.81E-015, 
 55.70,   1.52E-014, 
 55.80,   3.26E-013, 
 55.90,   3.34E-013, 
 56.00,   3.61E-013, 
 56.10,   4.00E-013, 
 56.20,   3.17E-013, 
 56.30,   1.03E-013, 
 56.40,  -1.66E-013, 
 56.50,  -7.67E-014, 
 56.60,   1.57E-013, 
 56.70,   2.15E-013, 
 56.80,   4.33E-013, 
 56.90,   5.01E-013, 
 57.00,   1.35E-013, 
 57.10,   3.27E-013, 
 57.20,   2.98E-013, 
 57.30,   2.17E-013, 
 57.40,   1.87E-013, 
 57.50,   2.78E-013, 
 57.60,   8.92E-014, 
 57.70,  -8.83E-014, 
 57.80,   7.85E-014, 
 57.90,   1.98E-013, 
 58.00,   3.48E-014, 
 58.10,   1.64E-013, 
 58.20,   4.48E-013, 
 58.30,   2.23E-013, 
 58.40,   4.00E-013, 
 58.50,   1.76E-013, 
 58.60,   1.46E-013, 
 58.70,   1.61E-013, 
 58.80,   3.44E-013, 
 58.90,   1.92E-013, 
 59.00,   4.34E-013, 
 59.10,   4.69E-013, 
 59.20,   2.36E-013, 
 59.30,   2.50E-014, 
 59.40,   1.16E-013, 
 59.50,  -8.56E-014, 
 59.60,   3.57E-015, 
 59.70,  -1.94E-013, 
 59.80,   3.40E-013, 
 59.90,   3.94E-013, 
 60.00,   1.39E-013, 
 60.10,   1.40E-013, 
 60.20,   3.48E-014, 
 60.30,   1.30E-013, 
 60.40,  -1.78E-014, 
 60.50,  -1.03E-013, 
 60.60,   7.58E-014, 
 60.70,  -2.45E-013, 
 60.80,  -7.58E-014, 
 60.90,  -1.49E-013, 
 61.00,   4.09E-013, 
 61.10,   4.98E-013, 
 61.20,  -8.92E-016, 
 61.30,   8.03E-014, 
 61.40,  -7.58E-014, 
 61.50,   1.98E-013, 
 61.60,   3.42E-013, 
 61.70,   1.57E-013, 
 61.80,   3.75E-014, 
 61.90,   6.69E-014, 
 62.00,   1.11E-013, 
 62.10,  -1.16E-014, 
 62.20,   1.36E-013, 
 62.30,  -4.28E-014, 
 62.40,  -2.92E-013, 
 62.50,  -1.39E-013, 
 62.60,   1.23E-013, 
 62.70,   2.65E-013, 
 62.80,   4.82E-013, 
 62.90,   5.89E-013, 
 63.00,   1.65E-013, 
 63.10,   3.11E-013, 
 63.20,   6.76E-013, 
 63.30,   3.26E-013, 
 63.40,  -2.31E-013, 
 63.50,  -1.28E-013, 
 63.60,   2.41E-014, 
 63.70,  -1.69E-014, 
 63.80,   4.23E-013, 
 63.90,   2.10E-013, 
 64.00,   3.94E-013, 
 64.10,   3.21E-013, 
 64.20,   8.56E-014, 
 64.30,   3.98E-013, 
 64.40,   4.42E-013, 
 64.50,   6.42E-014, 
 64.60,   2.41E-014, 
 64.70,   2.26E-012, 
 64.80,   2.41E-012, 
 64.90,   8.05E-013, 
 65.00,  -1.54E-012, 
 65.10,  -1.15E-012, 
 65.20,  -6.87E-013, 
 65.30,  -1.97E-013, 
 65.40,  -5.35E-014, 
 65.50,   5.80E-014, 
 65.60,   1.49E-013, 
 65.70,   1.67E-013, 
 65.80,   4.10E-013, 
 65.90,   2.65E-013, 
 66.00,   1.07E-013, 
 66.10,  -1.43E-013, 
 66.20,   1.42E-013, 
 66.30,   5.06E-013, 
 66.40,   4.14E-013, 
 66.50,   1.25E-013, 
 66.60,   8.38E-014, 
 66.70,   3.57E-015, 
 66.80,  -1.52E-014, 
 66.90,   3.38E-013, 
 67.00,  -3.21E-014, 
 67.10,   3.48E-014, 
 67.20,  -2.23E-013, 
 67.30,   8.92E-015, 
 67.40,   1.55E-013, 
 67.50,   3.49E-013, 
 67.60,   4.60E-013, 
 67.70,   2.99E-012, 
 67.80,   2.45E-012, 
 67.90,  -5.49E-013, 
 68.00,  -1.81E-012, 
 68.10,  -9.06E-013, 
 68.20,  -3.80E-013, 
 68.30,   5.35E-015, 
 68.40,   6.60E-014, 
 68.50,   2.49E-013, 
 68.60,   3.53E-013, 
 68.70,   2.55E-013, 
 68.80,   2.53E-013, 
 68.90,   2.94E-013, 
 69.00,   8.11E-014, 
 69.10,   2.94E-013, 
 69.20,   1.11E-013, 
 69.30,   4.10E-014, 
 69.40,   1.31E-013, 
 69.50,   2.92E-013, 
 69.60,   1.18E-013, 
 69.70,  -3.75E-014, 
 69.80,   1.71E-013, 
 69.90,   2.68E-014, 
 70.00,   1.13E-013, 
 70.10,   3.36E-013, 
 70.20,   4.89E-013, 
 70.30,   4.08E-013, 
 70.40,   3.85E-013, 
 70.50,   2.87E-013, 
 70.60,   5.20E-013, 
 70.70,   1.52E-013, 
 70.80,   1.33E-013, 
 70.90,   4.04E-013, 
 71.00,  -8.92E-015, 
 71.10,  -3.21E-014, 
 71.20,   6.24E-014, 
 71.30,   1.19E-013, 
 71.40,  -1.47E-013, 
 71.50,  -5.53E-014, 
 71.60,  -1.03E-013, 
 71.70,   2.56E-013, 
 71.80,   5.52E-013, 
 71.90,   6.05E-013, 
 72.00,   3.45E-013, 
 72.10,   2.18E-013, 
 72.20,   1.42E-013, 
 72.30,   1.93E-013, 
 72.40,   3.37E-013, 
 72.50,   5.35E-013, 
 72.60,   3.58E-013, 
 72.70,   1.61E-013, 
 72.80,   4.91E-013, 
 72.90,   4.88E-013, 
 73.00,   4.19E-013, 
 73.10,   5.20E-013, 
 73.20,   4.82E-013, 
 73.30,   3.79E-013, 
 73.40,   4.07E-013, 
 73.50,  -1.69E-014, 
 73.60,   2.65E-013, 
 73.70,   2.35E-013, 
 73.80,   2.27E-013, 
 73.90,   3.01E-013, 
 74.00,   4.03E-013, 
 74.10,   1.35E-013, 
 74.20,   2.23E-013, 
 74.30,   2.92E-013, 
 74.40,   7.05E-013, 
 74.50,   7.73E-013, 
 74.60,   3.22E-013, 
 74.70,   2.54E-013, 
 74.80,   5.16E-013, 
 74.90,   6.76E-013, 
 75.00,   3.90E-013, 
 75.10,   3.98E-013, 
 75.20,   3.44E-013, 
 75.30,   5.23E-013, 
 75.40,   1.62E-013, 
 75.50,   5.17E-014, 
 75.60,   4.78E-013, 
 75.70,   4.91E-013, 
 75.80,   4.25E-013, 
 75.90,   7.14E-013, 
 76.00,   6.44E-013, 
 76.10,   5.48E-013, 
 76.20,   3.66E-013, 
 76.30,   4.92E-013, 
 76.40,   6.28E-013, 
 76.50,   8.61E-013, 
 76.60,   7.12E-013, 
 76.70,   2.32E-013, 
 76.80,   4.65E-013, 
 76.90,   2.79E-013, 
 77.00,   1.76E-013, 
 77.10,   5.17E-013, 
 77.20,   7.86E-013, 
 77.30,   7.74E-013, 
 77.40,   5.32E-013, 
 77.50,  -9.36E-014, 
 77.60,   1.50E-013, 
 77.70,   6.56E-013, 
 77.80,   1.47E-012, 
 77.90,   4.50E-012, 
 78.00,   3.22E-012, 
 78.10,   2.59E-012, 
 78.20,   2.37E-012, 
 78.30,   1.93E-012, 
 78.40,   3.28E-013, 
 78.50,  -1.30E-012, 
 78.60,  -4.55E-013, 
 78.70,  -1.52E-013, 
 78.80,   1.29E-013, 
 78.90,   3.49E-013, 
 79.00,   2.06E-013, 
 79.10,   2.23E-014, 
 79.20,   2.80E-013, 
 79.30,   3.04E-012, 
 79.40,   3.10E-012, 
 79.50,   1.66E-012, 
 79.60,  -1.47E-012, 
 79.70,  -3.50E-013, 
 79.80,   5.43E-012, 
 79.90,   6.83E-012, 
 80.00,   7.67E-012, 
 80.10,   9.95E-012, 
 80.20,   1.17E-011, 
 80.30,   1.03E-011, 
 80.40,   6.51E-012, 
 80.50,   3.27E-012, 
 80.60,   1.80E-012, 
 80.70,  -1.53E-012, 
 80.80,  -3.24E-013, 
 80.90,   1.54E-013, 
 81.00,   2.38E-012, 
 81.10,   3.33E-012, 
 81.20,   2.31E-012, 
 81.30,   2.02E-012, 
 81.40,   1.76E-012, 
 81.50,   1.82E-012, 
 81.60,   2.60E-012, 
 81.70,   5.41E-012, 
 81.80,   1.66E-011, 
 81.90,   2.96E-011, 
 82.00,   4.02E-011, 
 82.10,   5.54E-011, 
 82.20,   6.23E-011, 
 82.30,   4.48E-011, 
 82.40,   2.10E-011, 
 82.50,   9.58E-012, 
 82.60,   6.44E-012, 
 82.70,   7.84E-012, 
 82.80,   1.73E-011, 
 82.90,   3.05E-011, 
 83.00,   4.02E-011, 
 83.10,   5.58E-011, 
 83.20,   6.45E-011, 
 83.30,   4.84E-011, 
 83.40,   2.60E-011, 
 83.50,   1.33E-011, 
 83.60,   1.26E-011, 
 83.70,   2.69E-011, 
 83.80,   1.07E-010, 
 83.90,   1.63E-010, 
 84.00,   2.02E-010, 
 84.10,   2.85E-010, 
 84.20,   2.90E-010, 
 84.30,   1.73E-010, 
 84.40,   6.64E-011, 
 84.50,   1.55E-011, 
 84.60,   6.58E-012, 
 84.70,   4.06E-012, 
 84.80,   2.87E-012, 
 84.90,   2.44E-012, 
 85.00,   2.01E-012, 
 85.10,   2.21E-012, 
 85.20,   2.36E-012, 
 85.30,   2.31E-012, 
 85.40,   2.25E-012, 
 85.50,   2.70E-012, 
 85.60,   3.53E-012, 
 85.70,   6.30E-012, 
 85.80,   2.07E-011, 
 85.90,   4.06E-011, 
 86.00,   5.30E-011, 
 86.10,   7.53E-011, 
 86.20,   8.37E-011, 
 86.30,   5.91E-011, 
 86.40,   2.73E-011, 
 86.50,   9.50E-012, 
 86.60,   4.30E-012, 
 86.70,   2.69E-012, 
 86.80,   1.57E-012, 
 86.90,  -9.85E-013, 
 87.00,  -1.17E-012, 
 87.10,  -5.37E-013, 
 87.20,   3.83E-014, 
 87.30,   3.48E-014, 
 87.40,   7.09E-013, 
 87.50,   4.32E-013, 
 87.60,   2.00E-013, 
 87.70,   1.59E-013, 
 87.80,   1.58E-013, 
 87.90,   2.14E-013, 
 88.00,   2.86E-013, 
 88.10,   5.48E-013, 
 88.20,   5.46E-013, 
 88.30,   5.86E-013, 
 88.40,   5.73E-013, 
 88.50,   5.62E-013, 
 88.60,   4.13E-013, 
 88.70,   1.11E-013, 
 88.80,   8.92E-016, 
 88.90,   2.69E-013, 
 89.00,   1.28E-013, 
 89.10,   2.92E-013, 
 89.20,   3.68E-013, 
 89.30,   4.86E-013, 
 89.40,   4.97E-013, 
 89.50,   2.51E-013, 
 89.60,   6.15E-014, 
 89.70,   4.46E-015, 
 89.80,   2.72E-013, 
 89.90,   3.16E-013, 
 90.00,   3.37E-013, 
