Aug 13, 2026  10:53:12 AM
Residual Gas Analyzer Software 
Software Version, 3.214.004

Analog Scan Setup:

Data Points in Scan, 891 
Units, Torr 
Noise Floor, 2 
CEM Status, ON 
Points Per AMU, 10
Scan Start Mass, 1, amu 
Scan Stop Mass, 90, amu
Focus Voltage, 90, Volts 
Ion Energy, HIGH 
Electron Energy, 70, eV 
CEM Voltage, 1159, Volts
CEM Gain, 1.01E+003 
Sensitivity Factor, 1.11E-004 
Filament Current, 1.00, mAmps


  1.00,   2.37E-013, 
  1.10,   2.86E-012, 
  1.20,   8.20E-014, 
  1.30,   1.60E-012, 
  1.40,  -8.28E-013, 
  1.50,   7.26E-012, 
  1.60,   2.99E-011, 
  1.70,   5.15E-011, 
  1.80,   7.05E-011, 
  1.90,   8.59E-011, 
  2.00,   9.67E-011, 
  2.10,   1.00E-010, 
  2.20,   9.54E-011, 
  2.30,   7.78E-011, 
  2.40,   4.11E-011, 
  2.50,   7.14E-012, 
  2.60,   2.00E-012, 
  2.70,   1.33E-012, 
  2.80,   2.85E-012, 
  2.90,  -6.44E-013, 
  3.00,  -2.24E-013, 
  3.10,  -5.89E-014, 
  3.20,  -2.94E-014, 
  3.30,  -3.87E-013, 
  3.40,  -6.78E-014, 
  3.50,  -7.04E-014, 
  3.60,   3.76E-013, 
  3.70,   3.61E-012, 
  3.80,   3.73E-012, 
  3.90,   3.22E-012, 
  4.00,   3.35E-012, 
  4.10,   3.40E-012, 
  4.20,   3.67E-012, 
  4.30,   3.24E-012, 
  4.40,   2.22E-012, 
  4.50,  -9.80E-013, 
  4.60,  -9.19E-013, 
  4.70,  -2.49E-013, 
  4.80,  -2.92E-013, 
  4.90,  -2.89E-013, 
  5.00,  -4.73E-014, 
  5.10,  -3.06E-013, 
  5.20,  -1.77E-013, 
  5.30,  -2.94E-014, 
  5.40,   2.94E-013, 
  5.50,   1.19E-013, 
  5.60,   9.36E-014, 
  5.70,   7.13E-015, 
  5.80,   8.03E-014, 
  5.90,   7.76E-014, 
  6.00,  -1.53E-013, 
  6.10,  -6.96E-014, 
  6.20,  -2.17E-013, 
  6.30,   8.47E-014, 
  6.40,   3.36E-013, 
  6.50,   1.99E-013, 
  6.60,   2.27E-013, 
  6.70,   1.67E-013, 
  6.80,   2.43E-013, 
  6.90,   1.61E-014, 
  7.00,   1.78E-013, 
  7.10,  -6.69E-014, 
  7.20,  -1.26E-013, 
  7.30,   4.55E-014, 
  7.40,   1.09E-013, 
  7.50,  -6.78E-014, 
  7.60,   1.37E-013, 
  7.70,   8.29E-014, 
  7.80,   2.98E-013, 
  7.90,   5.35E-014, 
  8.00,   3.52E-013, 
  8.10,   3.50E-013, 
  8.20,   1.16E-014, 
  8.30,   6.69E-014, 
  8.40,   1.01E-013, 
  8.50,   3.30E-014, 
  8.60,   2.49E-013, 
  8.70,   3.17E-013, 
  8.80,   5.42E-013, 
  8.90,   2.94E-014, 
  9.00,   3.58E-013, 
  9.10,   2.84E-013, 
  9.20,   6.24E-014, 
  9.30,   1.97E-013, 
  9.40,   1.25E-013, 
  9.50,   1.78E-013, 
  9.60,   3.01E-013, 
  9.70,   3.12E-014, 
  9.80,   6.33E-014, 
  9.90,   1.39E-013, 
 10.00,   1.46E-013, 
 10.10,   1.78E-015, 
 10.20,  -1.47E-013, 
 10.30,  -1.89E-013, 
 10.40,  -1.34E-014, 
 10.50,  -1.16E-014, 
 10.60,  -1.51E-013, 
 10.70,   1.34E-013, 
 10.80,   1.28E-013, 
 10.90,   9.10E-014, 
 11.00,  -8.92E-014, 
 11.10,   4.73E-014, 
 11.20,  -8.92E-016, 
 11.30,  -3.21E-014, 
 11.40,   3.24E-013, 
 11.50,   4.71E-013, 
 11.60,  -1.07E-014, 
 11.70,  -3.02E-013, 
 11.80,   2.10E-013, 
 11.90,   2.08E-012, 
 12.00,   3.20E-012, 
 12.10,   2.20E-012, 
 12.20,   1.71E-012, 
 12.30,   1.14E-012, 
 12.40,  -1.84E-012, 
 12.50,  -6.96E-013, 
 12.60,  -3.37E-013, 
 12.70,  -3.35E-013, 
 12.80,  -2.88E-013, 
 12.90,  -4.68E-013, 
 13.00,  -2.18E-013, 
 13.10,  -1.81E-013, 
 13.20,  -3.21E-014, 
 13.30,   3.64E-013, 
 13.40,   2.61E-013, 
 13.50,   2.87E-013, 
 13.60,   4.18E-013, 
 13.70,   2.48E-012, 
 13.80,   9.28E-013, 
 13.90,   8.29E-013, 
 14.00,   1.65E-012, 
 14.10,   1.71E-012, 
 14.20,   1.77E-012, 
 14.30,   3.38E-012, 
 14.40,   2.75E-012, 
 14.50,  -9.34E-013, 
 14.60,  -5.04E-013, 
 14.70,   0.00E+000, 
 14.80,   5.16E-013, 
 14.90,   1.90E-013, 
 15.00,  -1.61E-012, 
 15.10,   9.02E-013, 
 15.20,   3.20E-013, 
 15.30,   5.54E-013, 
 15.40,  -4.65E-013, 
 15.50,   1.28E-013, 
 15.60,   1.55E-012, 
 15.70,  -1.07E-014, 
 15.80,   7.07E-013, 
 15.90,   1.31E-012, 
 16.00,   1.74E-012, 
 16.10,   2.12E-012, 
 16.20,   1.33E-012, 
 16.30,   1.12E-012, 
 16.40,   1.95E-013, 
 16.50,   7.85E-013, 
 16.60,   2.66E-012, 
 16.70,   3.74E-012, 
 16.80,   1.43E-012, 
 16.90,   3.25E-012, 
 17.00,   3.55E-012, 
 17.10,   1.25E-012, 
 17.20,  -1.90E-012, 
 17.30,  -3.37E-012, 
 17.40,  -3.30E-012, 
 17.50,   1.75E-012, 
 17.60,   1.51E-011, 
 17.70,   1.78E-011, 
 17.80,   1.04E-011, 
 17.90,   1.31E-011, 
 18.00,   1.03E-011, 
 18.10,   3.29E-012, 
 18.20,  -3.82E-012, 
 18.30,  -1.86E-011, 
 18.40,  -1.24E-011, 
 18.50,  -1.04E-012, 
 18.60,  -3.74E-013, 
 18.70,  -1.71E-013, 
 18.80,   2.33E-013, 
 18.90,   8.03E-014, 
 19.00,  -1.61E-012, 
 19.10,   7.57E-013, 
 19.20,   1.60E-012, 
 19.30,   3.41E-012, 
 19.40,   1.68E-012, 
 19.50,  -1.93E-012, 
 19.60,  -3.10E-012, 
 19.70,   1.22E-012, 
 19.80,   1.27E-012, 
 19.90,   1.45E-012, 
 20.00,   1.26E-012, 
 20.10,   1.68E-012, 
 20.20,   1.18E-012, 
 20.30,   5.27E-013, 
 20.40,   1.78E-014, 
 20.50,  -1.27E-013, 
 20.60,   2.22E-013, 
 20.70,  -1.51E-013, 
 20.80,  -1.96E-014, 
 20.90,   1.43E-013, 
 21.00,  -5.44E-014, 
 21.10,   1.20E-013, 
 21.20,   1.87E-014, 
 21.30,  -2.05E-014, 
 21.40,  -2.91E-013, 
 21.50,   8.38E-014, 
 21.60,   2.14E-013, 
 21.70,   3.17E-013, 
 21.80,   2.27E-013, 
 21.90,  -1.13E-013, 
 22.00,  -1.09E-013, 
 22.10,   1.43E-014, 
 22.20,   9.72E-014, 
 22.30,  -3.83E-014, 
 22.40,   2.94E-014, 
 22.50,  -3.21E-014, 
 22.60,  -8.92E-016, 
 22.70,   6.17E-013, 
 22.80,   5.42E-013, 
 22.90,   4.91E-013, 
 23.00,   1.07E-013, 
 23.10,   5.53E-014, 
 23.20,   3.04E-013, 
 23.30,   8.11E-014, 
 23.40,  -2.27E-013, 
 23.50,  -3.21E-014, 
 23.60,   4.12E-013, 
 23.70,   2.20E-013, 
 23.80,   1.58E-013, 
 23.90,  -5.53E-014, 
 24.00,   1.69E-014, 
 24.10,  -1.07E-013, 
 24.20,  -5.17E-014, 
 24.30,   1.41E-013, 
 24.40,   1.87E-014, 
 24.50,  -9.63E-014, 
 24.60,  -8.38E-014, 
 24.70,   3.83E-014, 
 24.80,   1.09E-013, 
 24.90,   4.21E-013, 
 25.00,   3.48E-013, 
 25.10,   3.39E-014, 
 25.20,   3.57E-014, 
 25.30,  -9.90E-014, 
 25.40,   1.61E-014, 
 25.50,  -1.52E-014, 
 25.60,  -1.69E-014, 
 25.70,   8.03E-015, 
 25.80,   9.81E-015, 
 25.90,  -1.43E-013, 
 26.00,  -6.96E-014, 
 26.10,  -5.62E-014, 
 26.20,  -8.92E-015, 
 26.30,   1.72E-013, 
 26.40,  -4.90E-014, 
 26.50,   3.30E-014, 
 26.60,  -9.19E-014, 
 26.70,  -1.52E-013, 
 26.80,  -1.11E-013, 
 26.90,   4.90E-014, 
 27.00,   2.66E-013, 
 27.10,   3.63E-013, 
 27.20,   4.36E-013, 
 27.30,   3.72E-012, 
 27.40,   2.86E-012, 
 27.50,   2.84E-012, 
 27.60,   3.75E-012, 
 27.70,   1.60E-011, 
 27.80,   2.75E-011, 
 27.90,   3.44E-011, 
 28.00,   3.79E-011, 
 28.10,   3.95E-011, 
 28.20,   3.69E-011, 
 28.30,   2.67E-011, 
 28.40,   7.78E-012, 
 28.50,   2.48E-012, 
 28.60,   1.78E-012, 
 28.70,   3.61E-012, 
 28.80,   6.37E-013, 
 28.90,  -7.46E-013, 
 29.00,   3.12E-013, 
 29.10,   3.91E-013, 
 29.20,   3.15E-012, 
 29.30,   2.19E-012, 
 29.40,  -3.20E-012, 
 29.50,  -3.56E-012, 
 29.60,   1.07E-014, 
 29.70,   1.35E-012, 
 29.80,   4.46E-012, 
 29.90,   4.56E-013, 
 30.00,   7.27E-013, 
 30.10,   9.17E-013, 
 30.20,   1.07E-012, 
 30.30,   6.30E-013, 
 30.40,   1.68E-012, 
 30.50,  -1.14E-013, 
 30.60,  -1.62E-013, 
 30.70,   2.75E-013, 
 30.80,   3.18E-013, 
 30.90,   5.53E-014, 
 31.00,  -1.52E-013, 
 31.10,  -2.63E-012, 
 31.20,  -2.56E-012, 
 31.30,  -5.78E-013, 
 31.40,   2.26E-012, 
 31.50,   3.92E-012, 
 31.60,   1.49E-012, 
 31.70,   9.65E-013, 
 31.80,   2.72E-012, 
 31.90,   2.98E-012, 
 32.00,   2.56E-012, 
 32.10,   3.17E-012, 
 32.20,   2.56E-012, 
 32.30,   1.09E-012, 
 32.40,   1.05E-013, 
 32.50,  -7.04E-014, 
 32.60,   4.86E-013, 
 32.70,  -1.38E-013, 
 32.80,  -6.06E-014, 
 32.90,  -4.48E-013, 
 33.00,  -2.77E-013, 
 33.10,  -3.37E-013, 
 33.20,  -3.61E-013, 
 33.30,  -2.95E-013, 
 33.40,  -3.94E-013, 
 33.50,  -1.46E-013, 
 33.60,   6.78E-014, 
 33.70,  -3.12E-014, 
 33.80,  -3.03E-014, 
 33.90,  -1.07E-013, 
 34.00,  -8.83E-014, 
 34.10,  -1.78E-013, 
 34.20,  -1.44E-013, 
 34.30,   8.65E-014, 
 34.40,   4.32E-013, 
 34.50,   3.48E-013, 
 34.60,   3.08E-013, 
 34.70,   3.68E-013, 
 34.80,   1.02E-013, 
 34.90,   9.63E-014, 
 35.00,  -2.25E-013, 
 35.10,  -8.11E-014, 
 35.20,   3.66E-014, 
 35.30,   1.07E-014, 
 35.40,   3.48E-013, 
 35.50,   2.56E-013, 
 35.60,   4.73E-014, 
 35.70,   3.18E-013, 
 35.80,   5.05E-013, 
 35.90,   4.61E-013, 
 36.00,   1.40E-013, 
 36.10,   2.41E-014, 
 36.20,   3.80E-013, 
 36.30,   2.59E-013, 
 36.40,   4.10E-014, 
 36.50,   2.66E-013, 
 36.60,   1.57E-013, 
 36.70,  -1.67E-013, 
 36.80,  -3.76E-013, 
 36.90,  -7.94E-014, 
 37.00,  -2.28E-013, 
 37.10,  -3.42E-013, 
 37.20,  -1.23E-013, 
 37.30,  -1.53E-013, 
 37.40,  -2.34E-013, 
 37.50,  -3.19E-013, 
 37.60,  -7.13E-015, 
 37.70,   1.28E-013, 
 37.80,   3.57E-013, 
 37.90,   1.24E-013, 
 38.00,  -1.96E-013, 
 38.10,  -1.24E-013, 
 38.20,   1.77E-013, 
 38.30,   1.62E-013, 
 38.40,   1.80E-013, 
 38.50,   2.88E-013, 
 38.60,   7.31E-014, 
 38.70,   3.95E-013, 
 38.80,   4.98E-013, 
 38.90,   5.27E-013, 
 39.00,   4.23E-013, 
 39.10,   3.17E-012, 
 39.20,   2.63E-012, 
 39.30,  -8.77E-013, 
 39.40,  -4.73E-013, 
 39.50,   6.31E-013, 
 39.60,   4.51E-012, 
 39.70,   1.07E-011, 
 39.80,   1.23E-011, 
 39.90,   1.28E-011, 
 40.00,   1.54E-011, 
 40.10,   1.46E-011, 
 40.20,   1.13E-011, 
 40.30,   2.29E-012, 
 40.40,   1.19E-013, 
 40.50,   1.18E-012, 
 40.60,   2.60E-012, 
 40.70,   8.19E-012, 
 40.80,   1.04E-011, 
 40.90,   1.20E-011, 
 41.00,   1.39E-011, 
 41.10,   1.72E-011, 
 41.20,   2.03E-011, 
 41.30,   1.84E-011, 
 41.40,   1.62E-011, 
 41.50,   1.92E-011, 
 41.60,   3.17E-011, 
 41.70,   4.96E-011, 
 41.80,   5.43E-011, 
 41.90,   6.02E-011, 
 42.00,   6.70E-011, 
 42.10,   6.94E-011, 
 42.20,   6.07E-011, 
 42.30,   3.24E-011, 
 42.40,   1.13E-011, 
 42.50,   5.77E-012, 
 42.60,   6.25E-012, 
 42.70,   9.67E-012, 
 42.80,   1.21E-011, 
 42.90,   1.51E-011, 
 43.00,   1.87E-011, 
 43.10,   2.01E-011, 
 43.20,   1.87E-011, 
 43.30,   9.76E-012, 
 43.40,   3.86E-012, 
 43.50,   3.21E-012, 
 43.60,   3.88E-012, 
 43.70,   1.17E-012, 
 43.80,   7.21E-013, 
 43.90,   2.66E-012, 
 44.00,   3.55E-012, 
 44.10,   4.18E-012, 
 44.20,   4.27E-012, 
 44.30,   3.02E-012, 
 44.40,   1.13E-012, 
 44.50,   2.39E-012, 
 44.60,  -1.55E-013, 
 44.70,  -1.79E-013, 
 44.80,   5.53E-014, 
 44.90,   9.10E-014, 
 45.00,  -4.37E-014, 
 45.10,   1.97E-013, 
 45.20,   4.77E-013, 
 45.30,   3.59E-013, 
 45.40,   5.38E-013, 
 45.50,   5.31E-013, 
 45.60,   2.58E-013, 
 45.70,   1.68E-013, 
 45.80,  -6.33E-014, 
 45.90,  -2.74E-013, 
 46.00,  -1.70E-013, 
 46.10,  -2.40E-013, 
 46.20,  -6.15E-014, 
 46.30,   9.27E-014, 
 46.40,   3.88E-013, 
 46.50,   2.87E-013, 
 46.60,   1.49E-013, 
 46.70,  -5.62E-014, 
 46.80,  -1.51E-013, 
 46.90,  -1.19E-013, 
 47.00,  -2.17E-013, 
 47.10,  -8.03E-015, 
 47.20,   1.52E-014, 
 47.30,   4.28E-014, 
 47.40,   1.13E-013, 
 47.50,  -3.03E-014, 
 47.60,   2.43E-013, 
 47.70,   1.79E-013, 
 47.80,  -3.48E-014, 
 47.90,   9.36E-014, 
 48.00,   2.32E-013, 
 48.10,   9.10E-014, 
 48.20,  -3.75E-014, 
 48.30,   1.77E-013, 
 48.40,   5.35E-013, 
 48.50,   3.34E-013, 
 48.60,   2.59E-013, 
 48.70,  -1.87E-014, 
 48.80,  -4.37E-013, 
 48.90,  -3.90E-013, 
 49.00,  -2.23E-014, 
 49.10,  -9.27E-014, 
 49.20,  -2.20E-013, 
 49.30,  -3.56E-013, 
 49.40,  -1.46E-013, 
 49.50,  -1.86E-013, 
 49.60,   1.61E-013, 
 49.70,  -2.85E-014, 
 49.80,  -2.68E-013, 
 49.90,  -2.55E-013, 
 50.00,  -8.20E-014, 
 50.10,   8.92E-014, 
 50.20,   3.31E-013, 
 50.30,   4.53E-013, 
 50.40,   1.06E-013, 
 50.50,  -1.88E-013, 
 50.60,  -2.01E-013, 
 50.70,   2.56E-013, 
 50.80,   1.89E-013, 
 50.90,   1.37E-013, 
 51.00,   3.75E-013, 
 51.10,   2.07E-013, 
 51.20,  -6.69E-014, 
 51.30,  -3.48E-013, 
 51.40,   7.13E-015, 
 51.50,  -6.78E-014, 
 51.60,   1.44E-013, 
 51.70,   4.20E-013, 
 51.80,   2.27E-013, 
 51.90,   3.66E-014, 
 52.00,  -2.17E-013, 
 52.10,  -1.61E-014, 
 52.20,  -1.45E-013, 
 52.30,  -1.95E-013, 
 52.40,   7.94E-014, 
 52.50,   3.11E-013, 
 52.60,   4.90E-014, 
 52.70,   1.16E-013, 
 52.80,   1.53E-013, 
 52.90,   7.76E-014, 
 53.00,   1.47E-013, 
 53.10,  -1.09E-013, 
 53.20,  -4.64E-014, 
 53.30,  -2.23E-014, 
 53.40,  -5.08E-014, 
 53.50,   7.58E-014, 
 53.60,   3.99E-013, 
 53.70,   7.76E-014, 
 53.80,  -1.61E-014, 
 53.90,   1.23E-013, 
 54.00,   7.76E-014, 
 54.10,   2.55E-013, 
 54.20,   2.15E-013, 
 54.30,   1.44E-013, 
 54.40,   3.05E-013, 
 54.50,   4.69E-013, 
 54.60,   4.68E-013, 
 54.70,   4.56E-013, 
 54.80,   7.22E-014, 
 54.90,   2.27E-013, 
 55.00,   2.23E-014, 
 55.10,  -3.75E-014, 
 55.20,   1.04E-013, 
 55.30,  -7.58E-014, 
 55.40,  -1.57E-013, 
 55.50,  -1.78E-013, 
 55.60,   1.67E-013, 
 55.70,  -5.26E-014, 
 55.80,  -1.90E-013, 
 55.90,   3.57E-015, 
 56.00,   2.68E-015, 
 56.10,   1.29E-013, 
 56.20,   6.69E-014, 
 56.30,  -5.62E-014, 
 56.40,  -8.92E-014, 
 56.50,  -1.76E-013, 
 56.60,  -3.98E-013, 
 56.70,   6.24E-015, 
 56.80,  -4.19E-014, 
 56.90,   4.55E-014, 
 57.00,  -2.76E-013, 
 57.10,  -2.94E-013, 
 57.20,  -4.99E-014, 
 57.30,   1.43E-014, 
 57.40,  -2.42E-013, 
 57.50,   2.48E-013, 
 57.60,   2.32E-013, 
 57.70,  -1.35E-013, 
 57.80,  -4.55E-014, 
 57.90,   9.90E-014, 
 58.00,   1.94E-013, 
 58.10,   2.98E-013, 
 58.20,  -4.55E-014, 
 58.30,   4.22E-013, 
 58.40,   8.29E-014, 
 58.50,   5.35E-015, 
 58.60,   5.97E-014, 
 58.70,   4.82E-013, 
 58.80,   2.30E-013, 
 58.90,   1.75E-013, 
 59.00,   2.54E-013, 
 59.10,   2.36E-013, 
 59.20,   3.65E-013, 
 59.30,  -6.33E-014, 
 59.40,  -7.94E-014, 
 59.50,  -5.08E-014, 
 59.60,   4.95E-013, 
 59.70,   2.10E-013, 
 59.80,   3.99E-013, 
 59.90,   3.65E-013, 
 60.00,   3.96E-013, 
 60.10,   4.37E-013, 
 60.20,   1.94E-013, 
 60.30,  -2.04E-013, 
 60.40,   1.58E-013, 
 60.50,   1.87E-013, 
 60.60,   5.17E-014, 
 60.70,  -1.32E-013, 
 60.80,  -1.80E-013, 
 60.90,   1.21E-013, 
 61.00,   2.34E-013, 
 61.10,  -1.30E-013, 
 61.20,   1.28E-013, 
 61.30,   6.69E-014, 
 61.40,   2.20E-013, 
 61.50,   2.76E-014, 
 61.60,  -2.92E-013, 
 61.70,  -6.69E-014, 
 61.80,  -4.82E-014, 
 61.90,  -2.68E-013, 
 62.00,   1.10E-013, 
 62.10,   4.27E-013, 
 62.20,   1.69E-013, 
 62.30,   1.06E-013, 
 62.40,   6.87E-014, 
 62.50,  -5.35E-014, 
 62.60,   3.65E-013, 
 62.70,   6.19E-013, 
 62.80,   4.00E-013, 
 62.90,   8.65E-014, 
 63.00,   3.24E-013, 
 63.10,  -1.42E-013, 
 63.20,  -1.73E-013, 
 63.30,  -5.31E-013, 
 63.40,  -3.99E-013, 
 63.50,  -2.68E-013, 
 63.60,  -2.47E-013, 
 63.70,  -1.61E-013, 
 63.80,   5.17E-014, 
 63.90,   5.53E-013, 
 64.00,   3.87E-013, 
 64.10,   3.83E-014, 
 64.20,  -1.27E-013, 
 64.30,   2.70E-013, 
 64.40,  -3.57E-015, 
 64.50,   5.44E-014, 
 64.60,  -1.18E-013, 
 64.70,  -2.02E-013, 
 64.80,  -8.03E-015, 
 64.90,  -3.12E-014, 
 65.00,  -3.11E-013, 
 65.10,   2.05E-014, 
 65.20,   2.32E-013, 
 65.30,   1.57E-013, 
 65.40,  -3.21E-014, 
 65.50,   4.74E-013, 
 65.60,   1.08E-013, 
 65.70,   1.79E-013, 
 65.80,  -2.44E-013, 
 65.90,  -1.25E-013, 
 66.00,   1.56E-013, 
 66.10,   7.31E-014, 
 66.20,   1.11E-013, 
 66.30,   5.28E-013, 
 66.40,   1.22E-013, 
 66.50,   1.39E-013, 
 66.60,   8.74E-014, 
 66.70,   1.31E-013, 
 66.80,   1.99E-013, 
 66.90,   4.01E-014, 
 67.00,   3.30E-014, 
 67.10,   6.24E-015, 
 67.20,   2.79E-013, 
 67.30,  -8.92E-016, 
 67.40,  -4.90E-014, 
 67.50,   2.18E-013, 
 67.60,  -2.94E-014, 
 67.70,  -2.69E-013, 
 67.80,  -8.03E-014, 
 67.90,   2.59E-013, 
 68.00,   2.89E-013, 
 68.10,   6.15E-014, 
 68.20,  -5.62E-014, 
 68.30,   1.92E-013, 
 68.40,   2.25E-013, 
 68.50,   8.03E-014, 
 68.60,   1.34E-013, 
 68.70,   1.78E-015, 
 68.80,  -4.64E-014, 
 68.90,   9.81E-014, 
 69.00,   5.71E-014, 
 69.10,   5.35E-015, 
 69.20,  -1.36E-013, 
 69.30,  -1.61E-013, 
 69.40,  -4.46E-014, 
 69.50,   1.34E-013, 
 69.60,   1.28E-013, 
 69.70,   3.75E-014, 
 69.80,   8.83E-014, 
 69.90,   1.94E-013, 
 70.00,  -1.80E-013, 
 70.10,  -6.41E-013, 
 70.20,  -1.91E-013, 
 70.30,   1.87E-014, 
 70.40,   1.89E-013, 
 70.50,   2.81E-013, 
 70.60,   2.73E-013, 
 70.70,   2.73E-013, 
 70.80,   9.63E-014, 
 70.90,  -1.40E-013, 
 71.00,   7.49E-014, 
 71.10,   8.20E-014, 
 71.20,   2.01E-013, 
 71.30,   2.37E-013, 
 71.40,   4.08E-013, 
 71.50,  -1.16E-014, 
 71.60,   1.11E-013, 
 71.70,  -8.47E-014, 
 71.80,  -2.88E-013, 
 71.90,   5.35E-014, 
 72.00,  -1.28E-013, 
 72.10,   1.03E-013, 
 72.20,   1.71E-013, 
 72.30,  -2.90E-013, 
 72.40,  -1.76E-013, 
 72.50,   2.15E-013, 
 72.60,   0.00E+000, 
 72.70,  -3.60E-013, 
 72.80,   5.08E-014, 
 72.90,   2.68E-013, 
 73.00,   1.39E-013, 
 73.10,   1.46E-013, 
 73.20,   2.80E-013, 
 73.30,   4.54E-013, 
 73.40,  -1.43E-014, 
 73.50,  -7.49E-014, 
 73.60,  -1.59E-013, 
 73.70,  -1.08E-013, 
 73.80,   2.14E-014, 
 73.90,  -1.10E-013, 
 74.00,   4.16E-013, 
 74.10,   2.54E-013, 
 74.20,  -7.13E-014, 
 74.30,   2.50E-014, 
 74.40,  -9.81E-014, 
 74.50,  -1.23E-013, 
 74.60,  -1.69E-013, 
 74.70,  -1.03E-013, 
 74.80,   1.78E-015, 
 74.90,  -1.48E-013, 
 75.00,  -1.28E-013, 
 75.10,   5.71E-014, 
 75.20,   1.50E-013, 
 75.30,   3.48E-013, 
 75.40,   3.24E-013, 
 75.50,  -1.48E-013, 
 75.60,  -9.54E-014, 
 75.70,  -6.96E-014, 
 75.80,  -1.61E-014, 
 75.90,  -1.43E-014, 
 76.00,   1.90E-013, 
 76.10,  -9.81E-015, 
 76.20,   1.17E-013, 
 76.30,  -2.39E-013, 
 76.40,  -6.24E-015, 
 76.50,  -2.32E-014, 
 76.60,   1.64E-013, 
 76.70,   1.26E-013, 
 76.80,   2.41E-013, 
 76.90,   1.80E-013, 
 77.00,   2.50E-014, 
 77.10,   8.83E-014, 
 77.20,   2.70E-013, 
 77.30,   2.24E-013, 
 77.40,   4.92E-013, 
 77.50,   4.11E-013, 
 77.60,   1.27E-013, 
 77.70,   3.02E-013, 
 77.80,   6.06E-013, 
 77.90,   4.03E-012, 
 78.00,   3.29E-012, 
 78.10,   2.77E-012, 
 78.20,   2.34E-012, 
 78.30,   7.98E-013, 
 78.40,  -1.09E-012, 
 78.50,  -7.55E-013, 
 78.60,  -3.38E-013, 
 78.70,   6.96E-014, 
 78.80,   4.00E-013, 
 78.90,   2.61E-013, 
 79.00,   3.74E-013, 
 79.10,   4.98E-013, 
 79.20,   1.52E-013, 
 79.30,   0.00E+000, 
 79.40,   1.44E-013, 
 79.50,   4.09E-013, 
 79.60,   3.81E-012, 
 79.70,   3.90E-012, 
 79.80,   5.57E-012, 
 79.90,   7.58E-012, 
 80.00,   1.02E-011, 
 80.10,   1.33E-011, 
 80.20,   1.39E-011, 
 80.30,   9.69E-012, 
 80.40,   4.86E-012, 
 80.50,   2.63E-012, 
 80.60,   1.47E-012, 
 80.70,  -1.95E-012, 
 80.80,  -6.40E-013, 
 80.90,  -2.85E-014, 
 81.00,   2.14E-012, 
 81.10,   3.74E-012, 
 81.20,   2.95E-012, 
 81.30,   2.49E-012, 
 81.40,   2.31E-012, 
 81.50,   2.54E-012, 
 81.60,   4.46E-012, 
 81.70,   1.35E-011, 
 81.80,   3.24E-011, 
 81.90,   4.42E-011, 
 82.00,   6.16E-011, 
 82.10,   7.82E-011, 
 82.20,   6.94E-011, 
 82.30,   3.96E-011, 
 82.40,   1.52E-011, 
 82.50,   8.52E-012, 
 82.60,   8.23E-012, 
 82.70,   1.71E-011, 
 82.80,   3.65E-011, 
 82.90,   4.80E-011, 
 83.00,   6.38E-011, 
 83.10,   8.01E-011, 
 83.20,   7.53E-011, 
 83.30,   4.61E-011, 
 83.40,   2.09E-011, 
 83.50,   1.56E-011, 
 83.60,   2.32E-011, 
 83.70,   9.40E-011, 
 83.80,   1.97E-010, 
 83.90,   2.30E-010, 
 84.00,   3.11E-010, 
 84.10,   3.91E-010, 
 84.20,   3.13E-010, 
 84.30,   1.36E-010, 
 84.40,   3.19E-011, 
 84.50,   9.75E-012, 
 84.60,   5.22E-012, 
 84.70,   3.22E-012, 
 84.80,   2.53E-012, 
 84.90,   2.16E-012, 
 85.00,   2.19E-012, 
 85.10,   2.14E-012, 
 85.20,   2.08E-012, 
 85.30,   2.17E-012, 
 85.40,   2.39E-012, 
 85.50,   3.34E-012, 
 85.60,   5.40E-012, 
 85.70,   1.78E-011, 
 85.80,   4.68E-011, 
 85.90,   6.08E-011, 
 86.00,   8.29E-011, 
 86.10,   1.07E-010, 
 86.20,   9.35E-011, 
 86.30,   5.08E-011, 
 86.40,   1.74E-011, 
 86.50,   6.36E-012, 
 86.60,   2.77E-012, 
 86.70,   7.84E-013, 
 86.80,  -1.43E-012, 
 86.90,  -3.32E-013, 
 87.00,  -1.27E-013, 
 87.10,  -2.50E-014, 
 87.20,   2.74E-013, 
 87.30,   1.37E-013, 
 87.40,   1.62E-013, 
 87.50,  -3.21E-013, 
 87.60,  -1.52E-013, 
 87.70,   2.76E-013, 
 87.80,   5.61E-013, 
 87.90,   3.58E-013, 
 88.00,   5.07E-013, 
 88.10,   2.52E-013, 
 88.20,  -1.90E-013, 
 88.30,  -2.68E-014, 
 88.40,  -7.04E-014, 
 88.50,   6.87E-014, 
 88.60,   4.46E-015, 
 88.70,  -9.36E-014, 
 88.80,  -1.71E-013, 
 88.90,   2.35E-013, 
 89.00,   1.97E-013, 
 89.10,  -5.35E-015, 
 89.20,   1.78E-015, 
 89.30,   2.94E-014, 
 89.40,   1.71E-013, 
 89.50,   1.98E-013, 
 89.60,   1.52E-013, 
 89.70,   2.10E-013, 
 89.80,   2.85E-013, 
 89.90,   2.43E-013, 
 90.00,  -3.20E-013, 
