Aug 13, 2026  11:13:30 AM
Residual Gas Analyzer Software 
RGA Software Version, 3.214.004

Pressure vs Time Scan Setup:

Active channels in Scan, 10 
Units, Torr
Sample Period, 1.00, sec
Focus Voltage, 90, Volts 
Ion Energy, HIGH 
Electron Energy, 70, eV 
CEM Voltage, 1159, Volts
CEM Gain, 1.01E+003 
Sensitivity Factor, 1.11E-004 
Filament Current, 1.00, mAmps
Start time, Aug 13, 2026  11:13:30 AM 
Channel,  Mass(amu),     Name,                 Cal Factor,  Noise Floor, CEM Status

1         2.00           Hydrogen              1.00         3            OFF
2         4.00           Helium                1.00         3            OFF
3         26.00          Dummy-26              1.00         3            ON
4         28.00          Nitrogen              1.00         3            ON
5         32.00          Oxygen                1.00         3            ON
6         34.00          Dummy-34              1.00         3            OFF
7         40.00          Argon                 1.00         3            OFF
8         42.00          Dummy-42              1.00         3            ON
9         44.00          Carbon dioxide        1.00         3            ON
10        84.00          Krypton               1.00         3            ON


Time(s)      Channel#1   Channel#2   Channel#3   Channel#4   Channel#5   Channel#6   Channel#7   Channel#8   Channel#9   Channel#10  

0.000,   5.7335E-008,   2.9634E-006,   2.0742E-011,   3.1201E-011,   2.4439E-011,   3.1183E-009,   2.6965E-009,   5.9836E-013,   9.5685E-012,   5.2970E-013,  
5.641,   5.5835E-008,   2.9362E-006,   3.2444E-011,   2.6233E-011,   2.1408E-011,   3.1147E-009,   2.6865E-009,   6.1352E-013,   9.6675E-012,   5.4129E-013,  
11.703,   5.8582E-008,   2.9248E-006,   3.1793E-011,   2.6176E-011,   2.1937E-011,   3.1328E-009,   2.8537E-009,   4.2358E-013,   9.5408E-012,   6.7684E-013,  
17.703,   6.0309E-008,   2.9177E-006,   3.0852E-011,   2.6840E-011,   2.1815E-011,   3.2674E-009,   2.7245E-009,   2.5772E-013,   9.1583E-012,   5.8945E-013,  
23.719,   6.0122E-008,   2.9084E-006,   6.3350E-012,   2.5442E-011,   2.1307E-011,   2.8618E-009,   2.8817E-009,   4.0931E-013,   9.6719E-012,   7.8920E-013,  
29.766,   5.9367E-008,   2.9147E-006,   3.0643E-011,   2.5500E-011,   2.1107E-011,   3.2502E-009,   2.7977E-009,  -1.8994E-013,   9.7575E-012,   1.1593E-012,  
35.828,   5.7334E-008,   2.9090E-006,   8.0775E-012,   2.5183E-011,   2.1115E-011,   3.3776E-009,   2.6513E-009,   4.4766E-013,   9.9359E-012,   6.5544E-013,  
41.860,   5.4208E-008,   2.8922E-006,   2.9927E-011,   2.5381E-011,   2.0810E-011,   3.3053E-009,   2.9729E-009,   5.0473E-013,   9.3946E-012,   4.1199E-013,  
47.907,   6.1617E-008,   2.9174E-006,   3.0750E-011,   2.5195E-011,   2.1301E-011,   3.3957E-009,   2.8817E-009,   6.5454E-013,   9.3866E-012,   8.0168E-013,  
53.953,   5.7910E-008,   2.8839E-006,   2.9720E-011,   2.5815E-011,   2.0501E-011,   3.2773E-009,   3.0858E-009,   6.3047E-013,   9.5997E-012,   7.9901E-013,  
60.000,   5.8285E-008,   2.9000E-006,   3.0621E-011,   2.5500E-011,   2.1431E-011,   3.5095E-009,   3.1174E-009,   1.8459E-013,   1.0246E-011,   5.6269E-013,  
66.047,   5.5687E-008,   2.9107E-006,   2.8667E-011,   2.3830E-011,   2.0894E-011,   3.4345E-009,   2.8121E-009,   4.5479E-013,   9.5649E-012,   8.9799E-013,  
72.063,   5.8661E-008,   2.8915E-006,   2.8400E-011,   2.4777E-011,   2.0824E-011,   3.3921E-009,   2.9485E-009,   4.4677E-013,   9.5275E-012,   4.5568E-013,  
78.141,   5.6857E-008,   2.8843E-006,   3.1599E-011,   2.6217E-011,   2.0605E-011,   3.3523E-009,   2.8681E-009,   4.2536E-013,   9.6844E-012,   8.0347E-013,  
84.141,   5.6127E-008,   2.8876E-006,   3.1484E-011,   2.4832E-011,   2.0549E-011,   3.0976E-009,   2.8817E-009,   7.2321E-013,   9.6960E-012,   7.6423E-013,  
90.188,   5.3000E-008,   2.8871E-006,   2.9144E-011,   2.4832E-011,   1.9935E-011,   3.2891E-009,   2.8708E-009,   2.4345E-013,   9.7540E-012,   7.0894E-013,  
96.235,   5.9787E-008,   2.8968E-006,   2.9146E-011,   2.4487E-011,   2.0345E-011,   3.3532E-009,   2.6721E-009,   7.2053E-013,   9.6282E-012,   9.2385E-013,  
102.250,   5.9100E-008,   2.8716E-006,   3.0681E-011,   2.4464E-011,   2.0393E-011,   3.4246E-009,   2.7733E-009,   3.6205E-013,   9.3821E-012,   8.4895E-013,  
108.328,   5.8145E-008,   2.8834E-006,   2.8754E-011,   2.4614E-011,   2.6131E-011,   3.2484E-009,   2.6883E-009,   6.8665E-013,   9.0566E-012,   9.2742E-013,  
114.344,   5.6967E-008,   2.8918E-006,   3.0639E-011,   2.5041E-011,   3.3109E-011,   3.3089E-009,   2.7696E-009,   4.8957E-013,   9.5390E-012,   5.6180E-013,  
120.407,   5.4475E-008,   2.8985E-006,   3.1920E-011,   2.4090E-011,   2.6862E-011,   3.1716E-009,   2.8266E-009,   5.5556E-013,   9.9020E-012,   5.9747E-013,  
126.469,   5.3979E-008,   2.8986E-006,   8.6821E-012,   2.3393E-011,   2.2026E-011,   3.2701E-009,   2.2755E-009,   3.6918E-013,   9.6211E-012,   9.0067E-013,  
132.532,   5.4346E-008,   2.8833E-006,   2.9661E-011,   2.4581E-011,   2.0870E-011,   3.1807E-009,   2.4815E-009,   6.2512E-013,   8.6428E-012,   5.7340E-013,  
138.532,   5.7652E-008,   2.8773E-006,   2.8492E-011,   2.4464E-011,   2.0039E-011,   3.2719E-009,   2.9874E-009,   5.4932E-013,   9.1137E-012,   7.5710E-013,  
144.547,   5.9379E-008,   2.8832E-006,   8.4832E-012,   2.4983E-011,   1.9804E-011,   3.3595E-009,   3.0009E-009,   6.4830E-013,   9.9100E-012,   7.8117E-013,  
150.594,   5.8024E-008,   2.8885E-006,   2.8192E-011,   2.4970E-011,   1.9949E-011,   3.5528E-009,   2.8121E-009,   6.5454E-013,   9.3509E-012,   8.9353E-013,  
156.610,   5.9653E-008,   2.8999E-006,   3.0117E-011,   2.4604E-011,   1.5839E-011,   3.5059E-009,   2.8428E-009,   6.3582E-013,   9.8084E-012,   4.0218E-013,  
162.641,   5.9333E-008,   2.9017E-006,   3.1883E-011,   2.3268E-011,   2.0167E-011,   3.0181E-009,   2.8573E-009,   2.7377E-013,   9.0156E-012,   4.6371E-013,  
168.641,   5.6524E-008,   2.8816E-006,   2.8945E-011,   2.3844E-011,   2.0251E-011,   3.6495E-009,   3.0714E-009,   2.2472E-013,   8.8034E-012,   1.1414E-013,  
174.657,   5.3824E-008,   2.8871E-006,   2.9243E-011,   2.3673E-011,   2.0089E-011,   3.4743E-009,   2.7986E-009,   3.3084E-013,   8.9665E-012,   4.3785E-013,  
180.719,   5.6215E-008,   2.8916E-006,   2.9294E-011,   2.4534E-011,   2.0786E-011,   3.2285E-009,   2.5266E-009,   4.4855E-013,   8.9460E-012,   6.2601E-013,  
186.766,   5.3481E-008,   2.8663E-006,   2.8890E-011,   2.3594E-011,   1.9769E-011,   3.2990E-009,   2.6965E-009,   3.8167E-013,   9.1164E-012,   6.3047E-013,  
192.844,   5.4571E-008,   2.8705E-006,   2.9650E-011,   2.3248E-011,   2.0482E-011,   3.3930E-009,   2.6865E-009,   8.4538E-013,   9.4338E-012,   5.3148E-013,  
198.907,   5.0990E-008,   2.8944E-006,   3.4511E-012,   2.4421E-011,   2.0846E-011,   3.3189E-009,   2.5781E-009,   5.1811E-013,   8.6794E-012,   2.9874E-013,  
204.922,   5.3149E-008,   2.8514E-006,   2.8361E-011,   2.4574E-011,   2.0194E-011,   3.1048E-009,   2.4950E-009,   5.6091E-013,   8.7802E-012,   5.9836E-013,  
210.953,   5.5773E-008,   2.8848E-006,   3.0364E-011,   2.3145E-011,   1.9862E-011,   3.3089E-009,   2.5420E-009,   4.2001E-013,   9.1859E-012,   7.4907E-013,  
216.969,   5.4037E-008,   2.8754E-006,   3.1184E-011,   2.4237E-011,   2.0069E-011,   3.4002E-009,   2.3695E-009,   1.3555E-013,   8.8372E-012,   5.0384E-013,  
223.000,   5.2650E-008,   2.8898E-006,   3.1041E-011,   2.3721E-011,   2.0628E-011,   3.4571E-009,   2.6450E-009,   6.0371E-013,   9.3143E-012,   7.5442E-013,  
229.016,   5.6576E-008,   2.8882E-006,   2.9612E-011,   2.4349E-011,   1.9899E-011,   3.1834E-009,   2.5059E-009,   4.1110E-013,   9.3455E-012,   6.3136E-013,  
235.063,   5.5755E-008,   2.8849E-006,   9.1137E-012,   2.3922E-011,   2.0371E-011,   3.3668E-009,   2.7245E-009,   5.1008E-013,   9.0477E-012,   8.5697E-013,  
241.078,   5.3799E-008,   2.8919E-006,   2.8982E-011,   2.3500E-011,   2.0183E-011,   3.0334E-009,   2.6179E-009,   2.7288E-013,   8.9211E-012,   6.1620E-013,  
247.141,   5.0666E-008,   2.9049E-006,   2.8580E-011,   2.3580E-011,   2.0289E-011,   3.2719E-009,   2.5610E-009,   5.6448E-013,   9.3723E-012,   3.5402E-013,  
253.188,   5.6243E-008,   2.8998E-006,   2.7447E-011,   2.3861E-011,   2.0449E-011,   3.2213E-009,   2.5989E-009,   4.1199E-013,   8.8283E-012,   4.4944E-013,  
259.235,   5.4710E-008,   2.9015E-006,   2.9266E-011,   2.3884E-011,   2.0250E-011,   3.3749E-009,   2.4164E-009,   4.3963E-013,   9.0218E-012,   4.1734E-013,  
265.266,   5.4084E-008,   2.9090E-006,   2.8462E-011,   2.3393E-011,   2.0706E-011,   3.6468E-009,   2.8817E-009,   7.8206E-013,   8.8363E-012,   5.9034E-013,  
271.297,   5.2444E-008,   2.8917E-006,   2.7639E-011,   2.3812E-011,   1.9887E-011,   3.5167E-009,   2.4679E-009,   3.6562E-013,   8.9211E-012,   6.3136E-013,  
277.344,   5.3969E-008,   2.8813E-006,   3.0048E-011,   2.5187E-011,   2.0446E-011,   3.3640E-009,   2.4724E-009,   6.5900E-013,   9.6166E-012,   4.3517E-013,  
283.438,   5.2669E-008,   2.8838E-006,   6.5731E-012,   2.9527E-011,   1.9908E-011,   3.5709E-009,   2.4453E-009,   5.6091E-013,   9.7887E-012,   7.2232E-013,  
289.453,   5.2403E-008,   2.8887E-006,   2.8594E-011,   3.6844E-011,   2.0001E-011,   3.2611E-009,   2.6061E-009,   3.6473E-013,   9.3375E-012,   7.4015E-013,  
295.516,   5.0921E-008,   2.8912E-006,   2.9592E-011,   4.2855E-011,   2.0271E-011,   3.4842E-009,   2.6721E-009,   7.8028E-013,   8.8185E-012,   7.1429E-013,  
301.563,   5.3182E-008,   2.8890E-006,   2.7990E-011,   3.8762E-011,   1.9447E-011,   3.0967E-009,   2.5266E-009,   6.2066E-013,   8.8792E-012,   8.8283E-013,  
307.594,   5.1869E-008,   2.8711E-006,   2.7254E-011,   3.1967E-011,   2.0417E-011,   3.4065E-009,   2.6929E-009,   2.1313E-013,   9.1485E-012,   5.8945E-013,  
313.657,   5.1499E-008,   2.8839E-006,   2.8554E-011,   2.6045E-011,   1.9660E-011,   3.2168E-009,   2.3640E-009,   5.5110E-013,   9.1467E-012,   6.4830E-013,  
319.719,   5.0902E-008,   2.8865E-006,   2.9083E-011,   2.4603E-011,   2.0444E-011,   3.5068E-009,   2.2882E-009,  -7.7582E-013,   9.6282E-012,   8.4538E-013,  
325.766,   5.1261E-008,   2.8767E-006,   2.8124E-011,   2.3440E-011,   1.9584E-011,   3.0208E-009,   2.1590E-009,   3.8524E-013,   8.5635E-012,   8.8462E-013,  
331.797,   5.0780E-008,   2.8785E-006,   2.7830E-011,   2.2905E-011,   2.0554E-011,   2.9955E-009,   2.5059E-009,   6.6168E-013,   9.0691E-012,   7.7582E-013,  
337.813,   5.2116E-008,   2.8807E-006,   2.8676E-011,   2.2296E-011,   1.9784E-011,   3.2394E-009,   2.4336E-009,   3.2281E-013,   9.3696E-012,   8.8194E-013,  
343.860,   5.1605E-008,   2.8923E-006,   2.8857E-011,   2.2777E-011,   2.0475E-011,   3.2891E-009,   2.4589E-009,   5.4397E-013,   8.8560E-012,   5.2167E-013,  
349.922,   5.0995E-008,   2.9144E-006,   2.8735E-011,   1.7941E-011,   2.0095E-011,   3.2430E-009,   2.2412E-009,   5.2435E-013,   8.7418E-012,   3.6562E-013,  
355.938,   5.1622E-008,   2.8978E-006,   2.7948E-011,   2.1318E-011,   2.0533E-011,   3.2186E-009,   2.3812E-009,   5.6804E-013,   9.1895E-012,   7.9990E-013,  
361.969,   5.2181E-008,   2.8981E-006,   1.4411E-012,   2.2354E-011,   2.0212E-011,   3.5429E-009,   2.4815E-009,   1.0344E-012,   8.9086E-012,   5.3505E-013,  
368.032,   5.3474E-008,   2.8863E-006,   2.8033E-011,   2.2782E-011,   1.9470E-011,   3.2240E-009,   2.2791E-009,   2.6663E-013,   8.9282E-012,   7.6066E-013,  
374.094,   5.3010E-008,   2.9065E-006,   2.7544E-011,   2.2322E-011,   2.0035E-011,   3.6540E-009,   2.2710E-009,   6.6435E-013,   9.1725E-012,   4.7263E-014,  
380.141,   5.0451E-008,   2.8894E-006,   2.7762E-011,   2.2544E-011,   2.0079E-011,   3.5167E-009,   2.2611E-009,   7.5799E-014,   9.3741E-012,   3.6562E-013,  
386.172,   5.0779E-008,   2.8862E-006,   2.6032E-011,   2.1847E-011,   2.0282E-011,   3.5501E-009,   2.6495E-009,   4.5479E-013,   9.3384E-012,   9.2385E-013,  
392.219,   5.0465E-008,   2.9062E-006,   2.8603E-011,   2.2121E-011,   1.9224E-011,   3.5700E-009,   2.3930E-009,   3.7543E-013,   8.6963E-012,   9.0602E-013,  
398.266,   4.9394E-008,   2.9098E-006,   2.7746E-011,   2.3194E-011,   2.0277E-011,   3.5212E-009,   2.4210E-009,  -1.7389E-013,   9.2608E-012,   4.3874E-013,  
404.297,   5.3042E-008,   2.8976E-006,   2.7663E-011,   2.2895E-011,   1.9956E-011,   3.2529E-009,   2.0325E-009,   9.0602E-013,   9.5159E-012,   3.6116E-013,  
410.344,   5.3516E-008,   2.8976E-006,   2.6859E-011,   2.1932E-011,   1.9514E-011,   3.5203E-009,   2.4237E-009,   4.2804E-013,   8.9407E-012,   5.7161E-013,  
416.375,   5.0098E-008,   2.8973E-006,   7.5861E-012,   2.3287E-011,   1.9680E-011,   3.5167E-009,   2.1725E-009,   3.0498E-013,   9.2662E-012,   4.3339E-013,  
422.438,   4.8876E-008,   2.8806E-006,   2.6864E-011,   2.2243E-011,   1.9710E-011,   3.3135E-009,   2.2855E-009,   2.7020E-013,   8.9202E-012,   9.4080E-013,  
428.453,   4.9520E-008,   2.8888E-006,   2.6711E-011,   2.2173E-011,   1.9470E-011,   3.3875E-009,   2.6098E-009,   3.8613E-013,   8.7828E-012,   8.4895E-013,  
434.532,   5.1472E-008,   2.9107E-006,   2.6003E-011,   2.3095E-011,   1.8738E-011,   3.0072E-009,   2.6269E-009,   2.6039E-013,   8.4993E-012,   5.1008E-013,  
440.594,   5.1281E-008,   2.8787E-006,   7.0832E-012,   2.2543E-011,   1.9156E-011,   3.3668E-009,   2.3677E-009,   4.5836E-013,   9.2501E-012,   4.4498E-013,  
446.594,   4.8665E-008,   2.8959E-006,   7.8260E-012,   2.1657E-011,   1.9147E-011,   3.3198E-009,   2.4643E-009,   6.3671E-013,   8.8239E-012,   7.2053E-013,  
452.657,   4.8979E-008,   2.8888E-006,   2.6032E-011,   2.3051E-011,   2.0071E-011,   3.4201E-009,   2.3731E-009,   5.3505E-013,   8.6428E-012,   3.3351E-013,  
458.719,   4.6743E-008,   2.8919E-006,   8.1221E-012,   2.2215E-011,   1.9824E-011,   3.3595E-009,   2.2547E-009,   1.7835E-013,   9.1654E-012,   1.6141E-013,  
464.750,   5.0983E-008,   2.8925E-006,   2.6934E-011,   2.2086E-011,   1.8929E-011,   3.5592E-009,   2.5510E-009,   1.5427E-013,   8.4779E-012,   1.0077E-013,  
470.797,   4.8677E-008,   2.8851E-006,   8.4101E-012,   2.2775E-011,   1.9583E-011,   3.2755E-009,   2.3369E-009,   4.2269E-013,   8.8711E-012,   4.7709E-013,  
476.875,   5.1328E-008,   2.8920E-006,   2.5946E-011,   2.1770E-011,   1.9692E-011,   3.7895E-009,   2.4914E-009,   3.5492E-013,   8.9166E-012,   6.9646E-013,  
482.969,   5.0734E-008,   2.8969E-006,   2.6712E-011,   2.2226E-011,   2.0022E-011,   3.5411E-009,   2.1039E-009,   3.1211E-014,   9.0334E-012,   6.9111E-013,  
489.016,   4.9417E-008,   2.8944E-006,   2.7794E-011,   2.2065E-011,   1.9474E-011,   3.2611E-009,   2.4625E-009,   4.7709E-013,   8.4966E-012,   4.5033E-013,  
495.063,   4.9026E-008,   2.8813E-006,   2.6820E-011,   2.1436E-011,   1.9262E-011,   3.5393E-009,   2.5953E-009,   5.5199E-013,   8.7070E-012,   2.7555E-013,  
501.141,   4.9396E-008,   2.8912E-006,   2.8440E-011,   2.1919E-011,   1.9843E-011,   3.2692E-009,   2.8753E-009,   4.6103E-013,   9.5248E-012,   4.9492E-013,  
507.188,   4.8429E-008,   2.8754E-006,   2.6099E-011,   2.1594E-011,   1.9130E-011,   3.1924E-009,   2.3541E-009,   4.4944E-013,   8.8488E-012,   7.4996E-013,  
513.250,   4.7848E-008,   2.8671E-006,   2.6523E-011,   2.1449E-011,   1.9872E-011,   3.5601E-009,   2.6721E-009,   5.2792E-013,   9.3232E-012,   3.5224E-013,  
519.313,   5.2225E-008,   2.8975E-006,   2.6631E-011,   2.2754E-011,   2.0098E-011,   3.3785E-009,   2.5438E-009,   4.1734E-013,   8.5920E-012,   5.1632E-013,  
525.344,   5.0972E-008,   2.8904E-006,   2.6825E-011,   2.1298E-011,   1.9412E-011,   3.3921E-009,   2.4228E-009,   3.9772E-013,   8.6963E-012,   6.4652E-013,  
531.391,   5.0404E-008,   2.8954E-006,   2.5777E-011,   2.2716E-011,   1.9866E-011,   3.1752E-009,   2.4851E-009,   1.7211E-013,   8.9960E-012,   7.6780E-013,  
537.453,   4.9590E-008,   2.9101E-006,   2.5603E-011,   2.2090E-011,   1.9562E-011,   3.3704E-009,   2.1996E-009,   9.8092E-014,   8.7793E-012,   3.1479E-013,  
543.516,   5.0034E-008,   2.9011E-006,   2.3583E-011,   2.1823E-011,   1.9792E-011,   3.5384E-009,   2.4327E-009,   3.4600E-013,   8.7169E-012,   3.9772E-013,  
549.563,   4.8819E-008,   2.8843E-006,   2.4406E-011,   2.2123E-011,   2.0055E-011,   3.5384E-009,   2.4020E-009,   3.1211E-013,   8.2745E-012,   7.1607E-013,  
555.594,   4.8708E-008,   2.8664E-006,   2.6398E-011,   2.1469E-011,   1.6750E-011,   3.1780E-009,   2.3505E-009,   7.3926E-013,   8.1898E-012,   6.8486E-013,  
561.625,   4.8033E-008,   2.8787E-006,   7.7163E-012,   2.1612E-011,   2.0139E-011,   3.4616E-009,   2.2448E-009,   4.3250E-013,   8.6107E-012,   5.9747E-013,  
567.641,   4.7123E-008,   2.8910E-006,   6.8504E-012,   2.1015E-011,   1.9376E-011,   3.2990E-009,   2.4959E-009,   3.0409E-013,   8.9220E-012,   5.5110E-013,  
573.672,   4.8598E-008,   2.8742E-006,   2.6274E-011,   2.0685E-011,   1.9758E-011,   3.2674E-009,   2.2891E-009,   4.7976E-013,   8.4493E-012,   3.3530E-013,  
579.719,   4.8569E-008,   2.8808E-006,   2.5028E-011,   2.2230E-011,   1.9001E-011,   3.3884E-009,   2.3162E-009,   4.2358E-013,   8.6464E-012,   3.9505E-013,  
585.782,   5.0409E-008,   2.8697E-006,   2.5505E-011,   2.1735E-011,   1.9392E-011,   3.7145E-009,   2.0090E-009,   5.6983E-013,   7.9936E-012,   5.6002E-013,  
591.828,   5.0782E-008,   2.8865E-006,   2.6548E-011,   2.1644E-011,   1.9531E-011,   3.1798E-009,   2.3993E-009,   6.6079E-013,   8.6125E-012,   6.1263E-013,  
597.844,   5.1616E-008,   2.8973E-006,   2.3904E-011,   2.1620E-011,   1.9347E-011,   3.5285E-009,   2.5095E-009,   2.7466E-013,   8.9327E-012,   4.7976E-013,  
603.907,   4.8329E-008,   2.8870E-006,   2.4784E-011,   2.1664E-011,   1.9597E-011,   3.5854E-009,   2.3640E-009,   3.9505E-013,   8.8756E-012,   6.5098E-013,  
609.938,   4.9481E-008,   3.0047E-006,   2.5516E-011,   2.1647E-011,   2.0315E-011,   3.1933E-009,   2.4264E-009,   1.1860E-013,   8.6803E-012,   9.6576E-013,  
616.000,   5.5240E-008,   3.2176E-006,   2.5846E-011,   2.2386E-011,   2.0415E-011,   3.4246E-009,   2.5474E-009,   4.3607E-013,   8.6937E-012,   7.5531E-013,  
622.063,   5.1402E-008,   2.8835E-006,   2.5495E-011,   2.1626E-011,   1.9928E-011,   3.2547E-009,   2.2340E-009,   4.5033E-013,   8.3994E-012,   5.5734E-013,  
628.094,   4.1516E-008,   2.5919E-006,   2.4078E-011,   2.1595E-011,   1.9403E-011,   3.4273E-009,   2.2918E-009,   1.9975E-013,   8.0052E-012,   4.6460E-013,  
634.157,   3.8889E-008,   2.3819E-006,   2.5195E-011,   2.1052E-011,   1.8254E-011,   3.1996E-009,   2.1518E-009,   3.0855E-013,   8.2968E-012,   6.5098E-013,  
640.188,   3.8381E-008,   2.3009E-006,   2.3844E-011,   2.0570E-011,   1.8324E-011,   3.2385E-009,   2.1039E-009,   6.7416E-013,   8.8533E-012,   6.4830E-013,  
646.219,   3.1680E-008,   2.2443E-006,   2.5551E-011,   2.0832E-011,   1.8865E-011,   3.3523E-009,   1.9783E-009,   6.0996E-013,   9.6764E-012,   7.3123E-013,  
652.250,   3.6154E-008,   2.2131E-006,   2.4991E-011,   2.1142E-011,   1.8481E-011,   3.4020E-009,   2.2719E-009,   7.5620E-013,   8.2692E-012,   3.5402E-013,  
658.282,   3.1608E-008,   2.2042E-006,   6.4135E-012,   2.1050E-011,   1.8769E-011,   3.2918E-009,   1.9648E-009,   6.9200E-013,   7.4889E-012,   7.9455E-013,  
664.328,   3.2669E-008,   2.1708E-006,   2.4257E-011,   1.9014E-011,   1.8419E-011,   2.7534E-009,   2.0632E-009,   5.4308E-013,   7.8572E-012,   6.1798E-013,  
670.391,   3.6916E-008,   2.1395E-006,   5.8838E-012,   1.9866E-011,   1.8312E-011,   3.2276E-009,   2.2069E-009,   4.9403E-013,   7.3774E-012,   5.2970E-013,  
676.438,   3.1455E-008,   2.0500E-006,   2.4003E-011,   2.0668E-011,   1.7695E-011,   3.3478E-009,   1.9883E-009,   5.3237E-013,   6.4777E-012,   8.4895E-013,  
682.532,   2.5223E-008,   1.8387E-006,   2.3059E-011,   1.9381E-011,   1.7642E-011,   3.3234E-009,   2.9450E-007,   2.9249E-013,   7.6325E-012,   6.0371E-013,  
688.610,   2.8509E-008,   1.4593E-006,   7.1937E-012,   6.2544E-011,   6.6091E-011,   3.4851E-009,   2.3763E-006,   1.5338E-012,   2.0587E-011,   8.2407E-012,  
694.672,   3.1751E-008,   1.4761E-006,   2.6928E-011,   1.1773E-010,   1.0348E-010,   3.2737E-009,   2.9496E-006,   3.3958E-012,   3.0385E-011,   7.8189E-012,  
700.719,   3.4363E-008,   1.5436E-006,   2.8496E-011,   1.3511E-010,   1.0939E-010,   3.5321E-009,   3.1128E-006,   7.8991E-012,   3.3268E-011,   9.3723E-012,  
706.750,   3.3084E-008,   1.6157E-006,   2.8663E-011,   1.3879E-010,   1.1021E-010,   3.6829E-009,   3.0983E-006,   8.1363E-012,   3.4840E-011,   1.0104E-011,  
712.766,   3.8044E-008,   1.6824E-006,   2.8336E-011,   1.4200E-010,   1.0799E-010,   3.5131E-009,   2.9912E-006,   3.6401E-012,   3.4937E-011,   9.2635E-012,  
718.766,   3.7646E-008,   1.7744E-006,   6.9753E-012,   1.3840E-010,   1.0436E-010,   3.3957E-009,   2.8729E-006,   3.8818E-012,   3.5221E-011,   9.9555E-012,  
724.797,   4.0096E-008,   1.8491E-006,   6.0889E-012,   1.3139E-010,   9.9806E-011,   3.7191E-009,   2.7261E-006,   3.4725E-012,   3.4794E-011,   9.3339E-012,  
730.844,   3.9658E-008,   1.9169E-006,   2.8013E-011,   1.2327E-010,   9.5889E-011,   3.3388E-009,   2.5618E-006,   3.3592E-012,   3.3129E-011,   8.1551E-012,  
736.891,   3.9782E-008,   2.0009E-006,   2.7862E-011,   1.2075E-010,   9.3640E-011,   3.4029E-009,   2.4147E-006,   3.3869E-012,   3.1349E-011,   7.9776E-012,  
742.922,   4.2877E-008,   2.0661E-006,   9.8467E-012,   1.1337E-010,   8.9562E-011,   3.2358E-009,   2.2547E-006,   3.0632E-012,   2.9906E-011,   8.0953E-012,  
749.000,   4.2649E-008,   2.1390E-006,   2.4981E-011,   1.0837E-010,   8.6406E-011,   3.3415E-009,   2.1122E-006,   5.1935E-012,   2.9056E-011,   8.3673E-012,  
755.016,   4.3182E-008,   2.1981E-006,   2.7052E-011,   1.0263E-010,   8.4125E-011,   3.4779E-009,   1.9648E-006,   2.9900E-012,   2.7227E-011,   9.3616E-012,  
761.047,   4.6000E-008,   2.2703E-006,   7.7475E-012,   9.6348E-011,   8.2991E-011,   3.5763E-009,   1.8417E-006,   3.0846E-012,   2.6121E-011,   8.0106E-012,  
767.078,   4.3406E-008,   2.3155E-006,   9.3313E-012,   9.1948E-011,   8.0860E-011,   3.4896E-009,   1.7042E-006,   8.5893E-012,   2.5296E-011,   6.9102E-012,  
773.157,   4.5498E-008,   2.3862E-006,   2.5390E-011,   8.7740E-011,   8.2107E-011,   3.8482E-009,   1.5869E-006,   3.0346E-012,   2.3861E-011,   8.1622E-012,  
779.203,   4.5720E-008,   2.4629E-006,   8.9862E-012,   8.2129E-011,   8.1734E-011,   3.2322E-009,   1.4588E-006,   2.8982E-012,   2.2514E-011,   8.5465E-012,  
785.235,   4.7198E-008,   2.4951E-006,   8.7605E-012,   7.6898E-011,   7.8324E-011,   3.5276E-009,   1.3274E-006,   1.1423E-012,   2.2469E-011,   7.6985E-012,  
791.250,   4.9491E-008,   2.5807E-006,   2.7277E-011,   7.1179E-011,   7.5132E-011,   3.4986E-009,   1.1888E-006,   1.0576E-012,   2.0823E-011,   6.8183E-012,  
797.297,   4.7124E-008,   2.6485E-006,   7.6922E-012,   6.6617E-011,   7.0601E-011,   3.4101E-009,   1.0427E-006,   9.8092E-013,   2.0009E-011,   6.7684E-012,  
803.328,   4.9630E-008,   2.7022E-006,   2.5477E-011,   5.9703E-011,   6.3742E-011,   3.8229E-009,   8.7984E-007,   6.9039E-012,   1.8244E-011,   6.4857E-012,  
809.328,   4.9011E-008,   2.7339E-006,   6.4251E-012,   5.3083E-011,   5.4729E-011,   3.5592E-009,   7.1562E-007,   7.2053E-013,   1.6428E-011,   8.0935E-012,  
815.344,   5.1463E-008,   2.7938E-006,   2.6134E-011,   4.8160E-011,   4.8459E-011,   3.6296E-009,   5.5240E-007,   3.3351E-013,   1.6043E-011,   7.9651E-012,  
821.391,   4.9547E-008,   2.8417E-006,   2.5018E-011,   4.1304E-011,   4.2991E-011,   3.8699E-009,   4.0511E-007,   4.4142E-013,   1.3347E-011,   1.1084E-012,  
827.469,   4.9910E-008,   2.8621E-006,   2.5943E-011,   3.6259E-011,   3.6325E-011,   3.5682E-009,   2.7265E-007,   2.7823E-013,   1.1446E-011,   1.0237E-012,  
833.532,   5.1045E-008,   2.8663E-006,   2.4448E-011,   3.2002E-011,   3.0286E-011,   3.6350E-009,   1.6991E-007,  -4.1288E-013,   1.0909E-011,   5.3897E-012,  
839.578,   4.7510E-008,   2.8777E-006,   7.3034E-013,   2.7912E-011,   2.5432E-011,   3.5176E-009,   1.0485E-007,   4.6906E-013,   9.9814E-012,   5.5110E-013,  
845.625,   4.9557E-008,   2.8707E-006,   2.4940E-011,   2.6173E-011,   2.2890E-011,   3.4300E-009,   6.8411E-008,   2.4077E-013,   9.3830E-012,   4.8422E-013,  
851.641,   4.7686E-008,   2.8703E-006,   2.4540E-011,   2.4668E-011,   2.0721E-011,   3.6938E-009,   4.7956E-008,   3.4600E-013,   9.2653E-012,   1.6230E-013,  
857.657,   4.7900E-008,   2.8605E-006,   2.3841E-011,   2.3861E-011,   2.0162E-011,   3.3595E-009,   3.7328E-008,  -1.1334E-012,   8.5528E-012,   4.9849E-013,  
863.703,   4.4039E-008,   2.8567E-006,   2.2845E-011,   2.3141E-011,   2.0491E-011,   3.6495E-009,   3.0192E-008,   3.5046E-013,   8.9969E-012,   2.6663E-013,  
869.735,   4.6202E-008,   2.8573E-006,   2.3086E-011,   2.3585E-011,   1.9584E-011,   3.5104E-009,   2.5466E-008,   5.9034E-013,   9.1815E-012,   8.1149E-013,  
875.813,   4.8048E-008,   2.8418E-006,   2.3391E-011,   2.3074E-011,   1.8680E-011,   3.4661E-009,   2.2257E-008,   1.9618E-013,   8.6419E-012,   8.4805E-013,  
881.844,   4.7280E-008,   2.8599E-006,   2.3543E-011,   2.2506E-011,   1.9120E-011,   3.7064E-009,   1.9530E-008,   2.6128E-013,   8.7650E-012,   7.0181E-013,  
887.891,   4.9468E-008,   2.8467E-006,   2.2915E-011,   2.3204E-011,   1.9202E-011,   3.7579E-009,   1.7394E-008,  -2.3631E-013,   9.3411E-012,   4.1110E-013,  
893.938,   4.7694E-008,   2.8500E-006,   2.2782E-011,   2.1403E-011,   1.8679E-011,   3.4806E-009,   1.6546E-008,   2.5326E-013,   9.1770E-012,   4.4498E-013,  
899.969,   4.7095E-008,   2.8327E-006,   2.2726E-011,   2.2094E-011,   1.8888E-011,   3.4878E-009,   1.4657E-008,   1.3465E-013,   9.3268E-012,   3.3262E-013,  
905.985,   4.4741E-008,   2.8370E-006,   2.3539E-011,   2.2023E-011,   1.8318E-011,   3.4752E-009,   1.3622E-008,   6.0817E-013,   8.6384E-012,   7.7493E-013,  
912.047,   4.6189E-008,   2.8545E-006,   6.0327E-012,   2.2792E-011,   1.9161E-011,   3.4210E-009,   1.2572E-008,   4.6639E-013,   8.4823E-012,   4.2269E-013,  
918.125,   4.6437E-008,   2.8283E-006,   2.2864E-011,   2.5122E-011,   1.8359E-011,   3.5176E-009,   1.1597E-008,   2.5772E-013,   9.2697E-012,   6.5722E-013,  
924.125,   4.5758E-008,   2.8365E-006,   2.3227E-011,   2.9917E-011,   1.8194E-011,   3.6098E-009,   1.1566E-008,   5.1989E-013,   8.9657E-012,   3.7275E-013,  
930.172,   4.8593E-008,   2.8429E-006,   2.4009E-011,   3.6475E-011,   1.9017E-011,   3.4101E-009,   1.1055E-008,  -9.9876E-014,   9.1601E-012,   5.4308E-013,  
936.188,   4.7221E-008,   2.8449E-006,   2.1818E-011,   4.5583E-011,   1.8309E-011,   3.7823E-009,   1.0215E-008,   2.5950E-013,   8.2005E-012,   5.7161E-013,  
942.219,   4.5376E-008,   2.8366E-006,   2.1795E-011,   6.0117E-011,   1.8869E-011,   3.6585E-009,   9.5330E-009,   2.2829E-013,   8.4012E-012,   2.9160E-013,  
948.250,   4.6646E-008,   2.8436E-006,   2.2953E-011,   6.9581E-011,   1.8195E-011,   3.2457E-009,   9.8600E-009,   4.6282E-013,   8.3227E-012,   4.4052E-013,  
954.328,   4.8694E-008,   2.8377E-006,   2.4188E-011,   9.9340E-011,   1.7513E-011,   3.6920E-009,   9.2846E-009,   3.6562E-013,   9.3973E-012,   4.1645E-013,  
960.328,   4.6301E-008,   2.8352E-006,   2.1454E-011,   1.1922E-010,   1.8341E-011,   3.8022E-009,   9.0325E-009,   3.8256E-013,   8.5135E-012,   1.4357E-013,  
966.407,   4.8111E-008,   2.8557E-006,   5.6537E-013,   1.3890E-010,   1.8728E-011,   3.4408E-009,   8.2882E-009,   3.1122E-013,   8.5046E-012,   3.0944E-013,  
972.453,   4.6324E-008,   2.8274E-006,   2.2196E-011,   1.4431E-010,   1.8697E-011,   3.5185E-009,   8.4363E-009,   1.0701E-013,   8.4297E-012,   2.8625E-013,  
978.500,   4.5501E-008,   2.8378E-006,   2.2679E-011,   1.3803E-010,   1.8960E-011,   3.5456E-009,   8.0307E-009,   3.7453E-013,   8.1292E-012,   5.9301E-013,  
984.563,   4.6603E-008,   2.8080E-006,   2.2191E-011,   1.2305E-010,   1.8788E-011,   3.8762E-009,   8.0551E-009,   8.4538E-013,   8.0498E-012,   2.7644E-013,  
990.610,   4.4720E-008,   3.0264E-006,   1.8591E-011,   5.4725E-011,   1.4453E-011,   3.3686E-009,   7.4363E-009,   1.9262E-013,   8.1952E-012,   2.8268E-013,  
996.672,   6.1154E-008,   3.6884E-006,   2.4390E-011,   1.1731E-010,   1.9932E-011,   3.6612E-009,   9.9322E-009,   6.9021E-013,   8.7240E-012,   6.5098E-013,  
1002.703,   6.0905E-008,   3.6868E-006,   5.3273E-012,   1.1149E-010,   2.0029E-011,   3.2674E-009,   1.0154E-008,   1.8994E-013,   8.3744E-012,   8.3646E-013,  
1008.719,   6.0995E-008,   3.6972E-006,   6.2048E-012,   9.9238E-011,   2.0037E-011,   3.6820E-009,   1.0070E-008,   4.4498E-013,   8.7704E-012,   7.1866E-012,  
1014.782,   6.2840E-008,   3.6944E-006,   2.3350E-011,   8.1807E-011,   2.0351E-011,   3.6531E-009,   9.9079E-009,   6.2244E-013,   9.0067E-012,   6.7434E-012,  
1020.860,   5.9595E-008,   3.6978E-006,   2.2920E-011,   6.5988E-011,   1.9918E-011,   3.5926E-009,   9.8771E-009,   8.1417E-013,   8.4030E-012,   6.2307E-012,  
1026.875,   5.9749E-008,   3.6902E-006,   2.3482E-011,   5.1907E-011,   2.0261E-011,   3.6603E-009,   9.7064E-009,   8.6767E-013,   9.3384E-012,   8.7374E-012,  
1032.953,   6.1066E-008,   3.6516E-006,   2.4333E-011,   4.2652E-011,   1.9530E-011,   3.3523E-009,   9.3270E-009,   9.7736E-013,   8.4253E-012,   6.2298E-012,  
1039.032,   5.9136E-008,   3.6687E-006,   4.6710E-012,   3.5908E-011,   1.9392E-011,   3.5547E-009,   9.0497E-009,   5.2265E-012,   8.6286E-012,   8.2879E-012,  
1045.063,   5.8069E-008,   3.6745E-006,   2.3581E-011,   3.0805E-011,   1.9978E-011,   3.4851E-009,   8.8130E-009,   8.8346E-012,   8.7891E-012,   8.3869E-012,  
1051.141,   6.1690E-008,   3.6767E-006,   2.4313E-011,   2.8328E-011,   2.0938E-011,   3.4670E-009,   8.8329E-009,   5.8499E-012,   8.7124E-012,   8.2701E-012,  
1057.157,   5.7230E-008,   3.6718E-006,   2.3832E-011,   2.7597E-011,   1.9726E-011,   3.4878E-009,   8.3415E-009,   6.2208E-012,   8.7160E-012,   8.4734E-012,  
1063.219,   5.9571E-008,   3.6764E-006,   6.3546E-012,   2.6127E-011,   1.9608E-011,   3.5023E-009,   8.3830E-009,   7.5531E-012,   8.6009E-012,   9.8904E-012,  
1069.219,   5.9579E-008,   3.6468E-006,   2.3048E-011,   2.4833E-011,   1.9573E-011,   3.7218E-009,   8.1165E-009,   6.4456E-012,   8.2719E-012,   8.4502E-012,  
1075.250,   5.9507E-008,   3.6652E-006,   2.4596E-011,   2.3499E-011,   1.9732E-011,   3.3207E-009,   8.4688E-009,   1.2859E-012,   8.6856E-012,   8.7695E-012,  
1081.328,   6.2424E-008,   3.6705E-006,   2.3319E-011,   2.3315E-011,   1.9742E-011,   3.6775E-009,   8.0479E-009,   6.6881E-012,   8.4261E-012,   8.2094E-012,  
1087.375,   5.9944E-008,   3.6639E-006,   2.2615E-011,   2.3659E-011,   1.9550E-011,   3.5601E-009,   8.0840E-009,   1.4179E-012,   9.0709E-012,   9.5854E-012,  
1093.407,   5.9645E-008,   3.6537E-006,   2.4470E-011,   2.3632E-011,   1.9447E-011,   3.5890E-009,   7.6920E-009,   1.1022E-012,   8.9059E-012,   6.7193E-012,  
1099.453,   5.8291E-008,   3.6588E-006,   2.3882E-011,   2.3400E-011,   1.8746E-011,   3.4589E-009,   7.7696E-009,   5.3237E-012,   8.4003E-012,   7.6682E-012,  
1105.485,   5.7779E-008,   3.6655E-006,   2.4131E-011,   2.3754E-011,   1.8766E-011,   3.7471E-009,   7.8139E-009,   9.5239E-013,   8.4003E-012,   6.1950E-012,  
1111.547,   5.7393E-008,   3.6428E-006,   2.3374E-011,   2.2588E-011,   1.9487E-011,   3.6034E-009,   7.6495E-009,   6.9735E-013,   1.0007E-011,   7.9963E-012,  
1117.594,   6.1687E-008,   3.6589E-006,   2.5137E-011,   2.2750E-011,   1.9602E-011,   3.2846E-009,   7.3921E-009,   6.3849E-013,   8.1987E-012,   7.8367E-012,  
1123.594,   5.9565E-008,   3.6625E-006,   2.2875E-011,   2.2180E-011,   1.8860E-011,   3.4697E-009,   7.5167E-009,   4.7441E-013,   8.2665E-012,   6.4616E-012,  
1129.641,   6.1076E-008,   3.6563E-006,   2.3461E-011,   2.2978E-011,   1.8997E-011,   3.7326E-009,   7.2358E-009,   9.3099E-013,   8.5920E-012,   5.9337E-012,  
1135.703,   5.9733E-008,   3.6576E-006,   5.4441E-012,   2.2468E-011,   1.9604E-011,   3.4734E-009,   6.9738E-009,   6.2244E-013,   8.7695E-012,   6.0612E-012,  
1141.750,   6.0206E-008,   3.6593E-006,   2.2953E-011,   2.3196E-011,   1.9793E-011,   3.6070E-009,   6.8509E-009,   2.4434E-013,   8.6009E-012,   1.1013E-012,  
1147.797,   5.9747E-008,   3.6441E-006,   4.3375E-012,   2.2804E-011,   1.8893E-011,   3.5276E-009,   6.7209E-009,   4.7798E-013,   8.6732E-012,   1.2645E-012,  
1153.844,   6.1427E-008,   3.6721E-006,   8.0935E-012,   2.2421E-011,   1.9371E-011,   3.6052E-009,   7.0894E-009,   3.9950E-013,   8.6214E-012,   9.8449E-013,  
1159.891,   5.9977E-008,   3.6303E-006,   2.2685E-011,   2.2971E-011,   1.9605E-011,   3.6965E-009,   6.9377E-009,   7.1072E-013,   8.4752E-012,   8.0525E-013,  
1165.938,   6.1705E-008,   3.6385E-006,   5.4138E-012,   2.2473E-011,   1.9201E-011,   3.9630E-009,   7.3071E-009,   1.2395E-013,   8.8132E-012,   6.6792E-013,  
1171.953,   3.0755E-008,   1.3992E-006,  -5.1632E-013,   2.1925E-011,   2.0059E-011,   3.2963E-009,   4.8799E-009,   9.9876E-014,   9.0040E-012,   1.1504E-012,  
1177.985,   3.6341E-009,   7.2424E-007,   1.3555E-011,   1.7268E-011,   1.4289E-011,   3.1888E-009,   2.7091E-009,  -1.1682E-013,   6.9021E-012,   1.2752E-013,  
