Aug 13, 2026  01:32:19 PM
Residual Gas Analyzer Software 
RGA Software Version, 3.214.004

Pressure vs Time Scan Setup:

Active channels in Scan, 8 
Units, Torr
Sample Period, 1.00, sec
Focus Voltage, 90, Volts 
Ion Energy, HIGH 
Electron Energy, 70, eV 
CEM Voltage, 1159, Volts
CEM Gain, 1.01E+003 
Sensitivity Factor, 1.11E-004 
Filament Current, 1.00, mAmps
Start time, Aug 13, 2026  01:32:19 PM 
Channel,  Mass(amu),     Name,                 Cal Factor,  Noise Floor, CEM Status

1         2.00           Hydrogen              1.00         3            OFF
2         4.00           Helium                1.00         3            OFF
3         26.00          Dummy-26              1.00         3            ON
4         28.00          Nitrogen              1.00         3            ON
5         32.00          Oxygen                1.00         3            ON
6         40.00          Argon                 1.00         3            ON
7         44.00          Carbon dioxide        1.00         3            ON
8         84.00          Krypton               1.00         3            ON


Time(s)      Channel#1   Channel#2   Channel#3   Channel#4   Channel#5   Channel#6   Channel#7   Channel#8   

0.000,   3.5117E-008,   2.7211E-006,   4.2804E-013,   5.4892E-011,   2.2538E-011,   2.1736E-011,   6.1986E-012,  -1.7032E-013,  
5.140,   3.7893E-008,   2.8733E-006,   3.9157E-012,   2.2237E-011,   1.8188E-011,   2.0969E-011,   5.8053E-012,   5.9123E-013,  
10.218,   3.8511E-008,   2.9161E-006,   2.1313E-011,   1.8834E-011,   1.7318E-011,   2.2557E-011,   5.6162E-012,   1.0219E-012,  
15.265,   4.0610E-008,   2.9374E-006,   1.9073E-011,   1.7193E-011,   1.7803E-011,   2.2678E-011,   6.3760E-012,   3.2995E-013,  
20.328,   4.1398E-008,   2.9412E-006,   1.8886E-011,   1.8428E-011,   1.6926E-011,   2.1492E-011,   9.8084E-012,   1.4179E-013,  
25.328,   4.0388E-008,   2.9443E-006,   1.8466E-011,   1.7074E-011,   1.7155E-011,   2.2057E-011,   8.9639E-012,   8.1595E-013,  
30.359,   4.1179E-008,   2.9339E-006,   1.8245E-011,   1.8246E-011,   1.7707E-011,   2.3008E-011,   5.7384E-012,   2.6217E-013,  
35.390,   3.9541E-008,   2.9491E-006,   1.8531E-011,   1.8548E-011,   1.6876E-011,   2.2678E-011,   5.9792E-012,   4.2358E-013,  
40.453,   4.1444E-008,   2.9189E-006,   3.4038E-012,   1.7962E-011,   1.7391E-011,   2.3338E-011,   6.0300E-012,   6.9111E-013,  
45.468,   3.9711E-008,   2.9415E-006,   2.0408E-011,   1.6830E-011,   1.7198E-011,   2.2246E-011,   8.7534E-012,   5.0295E-013,  
50.515,   3.7068E-008,   2.9440E-006,   5.9747E-014,   1.7137E-011,   1.7573E-011,   2.5245E-011,   5.3888E-012,   3.9505E-013,  
55.562,   3.9294E-008,   2.9375E-006,   1.9300E-011,   1.7816E-011,   1.6324E-011,   2.3144E-011,   6.2119E-012,   4.2536E-013,  
60.625,   4.0489E-008,   2.9504E-006,   1.8527E-011,   1.7059E-011,   1.7375E-011,   2.3238E-011,   5.9159E-012,   7.2232E-014,  
65.672,   3.8672E-008,   2.9419E-006,   1.8914E-011,   1.8727E-011,   1.6802E-011,   2.3285E-011,   8.8221E-012,   4.6014E-013,  
70.750,   3.9291E-008,   2.9251E-006,   3.8372E-012,   1.9415E-011,   1.7647E-011,   2.4242E-011,   5.7036E-012,   4.5301E-013,  
75.750,   3.7703E-008,   2.9198E-006,   1.9945E-011,   1.6803E-011,   1.8260E-011,   2.3852E-011,   6.2824E-012,   4.5301E-013,  
80.765,   4.0539E-008,   2.9216E-006,   1.7662E-011,   1.8781E-011,   1.7852E-011,   2.5141E-011,   5.3532E-012,   5.7964E-014,  
85.828,   4.0180E-008,   2.9235E-006,   1.8564E-011,   1.7807E-011,   1.8270E-011,   1.7238E-011,   6.5713E-012,   2.6039E-013,  
90.906,   4.1629E-008,   2.9153E-006,   1.9001E-011,   1.7762E-011,   1.8139E-011,   2.4672E-011,   6.9628E-012,   7.3926E-013,  
95.937,   3.9675E-008,   2.9197E-006,   1.7641E-011,   1.8673E-011,   1.7233E-011,   2.3912E-011,   5.5476E-012,   9.2742E-013,  
100.984,   4.2089E-008,   2.9268E-006,   1.8932E-011,   1.8245E-011,   1.6662E-011,   2.4160E-011,   6.1397E-012,   7.4907E-013,  
106.000,   4.0968E-008,   2.9368E-006,   5.0045E-012,   1.7384E-011,   1.7948E-011,   2.3824E-011,   1.0204E-011,   4.7798E-013,  
111.047,   4.0661E-008,   2.9143E-006,   1.8013E-011,   1.8628E-011,   1.7193E-011,   2.4262E-011,   6.0844E-012,   7.2410E-013,  
116.078,   4.0608E-008,   2.9286E-006,   2.0034E-011,   1.8630E-011,   1.6254E-011,   2.5123E-011,   7.4631E-012,   8.3646E-013,  
121.109,   3.9762E-008,   2.9239E-006,   4.3259E-012,   1.7687E-011,   1.7287E-011,   2.4962E-011,   7.8661E-012,   4.4409E-013,  
126.172,   3.9947E-008,   2.9121E-006,   1.8985E-011,   1.7592E-011,   1.6497E-011,   2.4193E-011,   7.7698E-012,   3.1746E-013,  
131.203,   4.3154E-008,   2.9273E-006,   1.9295E-011,   1.7111E-011,   1.6735E-011,   2.4955E-011,   5.5413E-012,   7.3837E-013,  
136.234,   4.2112E-008,   2.9150E-006,   1.8325E-011,   1.8905E-011,   1.6629E-011,   2.3655E-011,   8.0543E-012,   2.2205E-013,  
141.250,   3.9635E-008,   2.9151E-006,   1.8849E-011,   1.8468E-011,   1.7780E-011,   2.5268E-011,   8.2665E-012,   8.8016E-013,  
146.265,   4.0076E-008,   2.9110E-006,   3.7908E-012,   1.7369E-011,   1.6632E-011,   2.4411E-011,   5.8436E-012,   4.1556E-013,  
151.312,   3.7395E-008,   2.9242E-006,   5.1186E-012,   1.7779E-011,   1.6430E-011,   2.4820E-011,   6.1076E-012,   6.3582E-013,  
156.328,   4.0373E-008,   2.8974E-006,   1.9085E-011,   1.9109E-011,   1.7139E-011,   2.5246E-011,   6.6025E-012,   4.2447E-013,  
161.359,   4.1187E-008,   2.9215E-006,   1.9932E-011,   1.7628E-011,   1.7722E-011,   2.4634E-011,   8.2772E-012,   8.0525E-013,  
166.390,   4.0295E-008,   2.9133E-006,   1.9182E-011,   1.8646E-011,   1.7123E-011,   2.4494E-011,   9.4463E-012,   9.3009E-013,  
171.422,   4.1486E-008,   2.9022E-006,   1.8608E-011,   1.7521E-011,   1.5121E-011,   2.5256E-011,   5.6367E-012,   5.6903E-012,  
176.468,   3.8295E-008,   2.9211E-006,   1.8783E-011,   1.8391E-011,   1.6739E-011,   2.5076E-011,   8.5314E-012,   2.8536E-013,  
181.500,   3.8409E-008,   2.9027E-006,   5.6760E-012,   1.9046E-011,   1.7199E-011,   2.4742E-011,   5.8713E-012,   6.5089E-012,  
186.547,   3.7982E-008,   2.9198E-006,   1.8315E-011,   1.9735E-011,   1.6650E-011,   2.4837E-011,   9.5694E-012,   8.9978E-013,  
191.640,   3.8814E-008,   2.9006E-006,   1.9147E-011,   1.7639E-011,   1.6874E-011,   2.3037E-011,   5.2390E-012,   1.3911E-013,  
196.672,   4.3731E-008,   2.9047E-006,   5.1525E-012,   1.8131E-011,   1.6132E-011,   2.3604E-011,   6.4554E-012,   6.2173E-012,  
201.672,   4.0667E-008,   2.9052E-006,   1.9365E-011,   1.8285E-011,   1.7240E-011,   2.4697E-011,   7.1991E-012,   6.3314E-014,  
206.687,   4.1009E-008,   2.8912E-006,   2.5682E-013,   1.7793E-011,   1.6961E-011,   2.5147E-011,   6.0844E-012,   8.8907E-013,  
211.687,   3.8949E-008,   2.9173E-006,   1.8274E-011,   1.8526E-011,   1.7124E-011,   2.3427E-011,   7.7350E-012,   8.7748E-013,  
216.750,   4.0494E-008,   2.9039E-006,   1.7559E-011,   1.7993E-011,   1.6790E-011,   2.3649E-011,   5.4771E-012,   3.7186E-013,  
221.797,   3.9164E-008,   2.8914E-006,   1.7078E-011,   1.7831E-011,   1.7136E-011,   2.5278E-011,   5.9747E-012,   7.2945E-013,  
226.828,   3.9145E-008,   2.8919E-006,   6.3198E-012,   1.8350E-011,   1.6299E-011,   2.3465E-011,   8.6268E-012,  -5.9747E-014,  
231.890,   4.0371E-008,   2.8982E-006,   1.9276E-011,   1.9032E-011,   1.4096E-011,   2.3042E-011,   6.2966E-012,   5.2613E-013,  
236.922,   3.8685E-008,   2.8956E-006,   1.9688E-011,   1.8315E-011,   1.6596E-011,   2.3647E-011,   6.9565E-012,   3.7186E-013,  
241.937,   3.8049E-008,   2.8961E-006,   1.9684E-011,   1.7372E-011,   1.6937E-011,   2.3975E-011,   8.5010E-012,   3.4332E-013,  
246.968,   3.8779E-008,   2.8931E-006,   2.0643E-011,   1.7675E-011,   1.6583E-011,   1.9293E-011,   7.4925E-012,   5.5378E-013,  
251.984,   3.7355E-008,   2.9108E-006,   1.9226E-011,   1.8385E-011,   1.6364E-011,   2.3784E-011,   7.6931E-012,   2.1491E-013,  
257.062,   3.8910E-008,   2.8990E-006,   1.9110E-011,   1.9939E-011,   1.6305E-011,   2.3851E-011,   6.2663E-012,   2.0867E-013,  
262.078,   3.9228E-008,   2.8959E-006,   1.9811E-011,   2.0268E-011,   1.6727E-011,   2.3514E-011,   7.6744E-012,   5.0116E-013,  
267.093,   3.8744E-008,   2.8872E-006,   5.8552E-012,   2.0111E-011,   1.6809E-011,   2.3773E-011,   7.8947E-012,   2.3721E-013,  
272.140,   3.7934E-008,   2.8878E-006,   1.9921E-011,   2.0062E-011,   1.6834E-011,   2.4800E-011,   9.0914E-012,   5.6448E-013,  
277.187,   3.8232E-008,   2.8844E-006,   2.0279E-011,   1.9743E-011,   1.6464E-011,   2.2936E-011,   8.2906E-012,  -1.2663E-013,  
282.218,   3.9347E-008,   2.8879E-006,   1.9330E-011,   1.8741E-011,   1.6554E-011,   2.3835E-011,   5.7277E-012,  -1.6854E-013,  
287.265,   3.8246E-008,   2.8744E-006,   1.9914E-011,   1.8648E-011,   1.6927E-011,   2.3829E-011,   8.1658E-012,   7.0805E-013,  
292.343,   3.7507E-008,   2.8717E-006,   2.0203E-011,   1.9051E-011,   1.6133E-011,   2.3701E-011,   8.7757E-012,   1.7478E-013,  
297.390,   3.5353E-008,   2.8812E-006,   1.9315E-011,   1.8924E-011,   1.7258E-011,   2.3960E-011,   5.8169E-012,   4.5390E-013,  
302.390,   3.7376E-008,   2.8785E-006,   3.8586E-012,   1.8437E-011,   1.7437E-011,   2.3161E-011,   9.3571E-012,   3.0944E-013,  
307.406,   3.5395E-008,   2.8756E-006,   2.0930E-011,   1.8710E-011,   1.7276E-011,   2.3733E-011,   6.1843E-012,   2.5326E-013,  
312.484,   3.7265E-008,   2.8818E-006,   1.8431E-011,   1.8725E-011,   1.6753E-011,   2.4227E-011,   6.2744E-012,   6.9556E-013,  
317.531,   3.6392E-008,   2.8781E-006,   1.8334E-011,   1.7799E-011,   1.6030E-011,   2.2678E-011,   5.7794E-012,   7.1697E-013,  
322.531,   3.6397E-008,   2.8714E-006,   1.9613E-011,   1.8688E-011,   1.6785E-011,   2.2689E-011,   8.5233E-012,   3.0409E-013,  
327.593,   3.7273E-008,   2.8678E-006,   1.9348E-011,   1.8910E-011,   1.7965E-011,   2.4120E-011,   6.1228E-012,   4.4766E-013,  
332.609,   3.6364E-008,   2.8834E-006,   1.8777E-011,   1.7966E-011,   1.6635E-011,   2.3565E-011,   6.5089E-012,   3.4332E-013,  
337.672,   3.6254E-008,   2.8971E-006,   1.8664E-011,   1.8145E-011,   1.7080E-011,   2.2022E-011,   6.4197E-012,   7.4639E-013,  
342.687,   3.7198E-008,   2.8860E-006,   1.9690E-011,   1.7931E-011,   1.5675E-011,   2.3956E-011,   6.3287E-012,   5.0651E-013,  
347.703,   3.4838E-008,   2.8417E-006,   9.6309E-013,   1.8932E-011,   1.6046E-011,   2.3815E-011,   6.6239E-012,   4.9492E-013,  
352.734,   3.9098E-008,   2.8742E-006,   6.9182E-012,   1.8372E-011,   1.7298E-011,   2.3664E-011,   8.9318E-012,   3.9148E-013,  
357.765,   3.7079E-008,   2.8842E-006,   1.7744E-011,   1.7698E-011,   1.7048E-011,   2.3615E-011,   5.6127E-012,   4.2001E-013,  
362.828,   3.7567E-008,   2.8621E-006,   1.7501E-011,   1.7948E-011,   1.5869E-011,   2.4067E-011,   5.0723E-012,   3.0230E-013,  
367.906,   3.5854E-008,   2.8550E-006,   4.8823E-012,   1.7661E-011,   1.7557E-011,   2.3472E-011,   5.9266E-012,   2.8536E-013,  
372.953,   3.7017E-008,   2.8575E-006,   1.8793E-011,   1.8300E-011,   1.6982E-011,   2.1592E-011,   5.8615E-012,   1.6854E-013,  
378.000,   3.6003E-008,   2.8666E-006,   1.9663E-011,   1.8498E-011,   1.6639E-011,   2.2634E-011,   6.4679E-012,   5.5021E-013,  
383.031,   3.7846E-008,   2.8497E-006,   1.9540E-011,   1.7662E-011,   1.6602E-011,   2.4089E-011,   7.9232E-012,   6.6792E-013,  
388.078,   3.8123E-008,   2.8627E-006,   1.9457E-011,   1.8144E-011,   1.7199E-011,   2.3840E-011,   6.3733E-012,   7.8920E-013,  
393.125,   3.5506E-008,   2.8498E-006,   2.1249E-011,   1.7252E-011,   1.6084E-011,   2.3373E-011,   6.5383E-012,   1.6943E-013,  
398.187,   3.8497E-008,   2.8496E-006,   2.0506E-011,   1.8310E-011,   1.6499E-011,   1.9319E-011,   5.9328E-012,   3.4957E-013,  
403.203,   3.5285E-008,   2.8511E-006,   5.2845E-012,   1.8407E-011,   1.6616E-011,   2.3855E-011,   5.6671E-012,   5.9569E-013,  
408.234,   3.4350E-008,   2.8510E-006,   1.8282E-011,   1.8651E-011,   1.7166E-011,   2.4157E-011,   6.1549E-012,   3.2727E-013,  
413.234,   3.6320E-008,   2.8497E-006,   1.9204E-011,   1.8088E-011,   1.6828E-011,   2.3548E-011,   6.6328E-012,   5.9926E-013,  
418.297,   3.3569E-008,   2.8514E-006,   1.8786E-011,   1.8538E-011,   1.6065E-011,   2.2762E-011,   5.7687E-012,   1.8192E-013,  
423.328,   3.5425E-008,   2.8577E-006,   4.4213E-012,   1.8364E-011,   1.7766E-011,   2.3003E-011,   6.4812E-012,   8.1149E-013,  
428.390,   3.5922E-008,   2.8514E-006,  -5.1989E-013,   1.8456E-011,   1.6528E-011,   2.2655E-011,   6.0880E-012,   6.0906E-013,  
433.453,   3.7770E-008,   2.8618E-006,   5.8873E-012,   1.8725E-011,   1.6749E-011,   2.2663E-011,   5.7215E-012,   1.5516E-013,  
438.468,   3.7545E-008,   2.8465E-006,   1.6788E-011,   1.8164E-011,   1.7096E-011,   2.3400E-011,   6.2699E-012,   7.5710E-013,  
443.531,   3.2970E-008,   2.8546E-006,   3.9175E-012,   1.7493E-011,   1.7484E-011,   2.4609E-011,   6.3644E-012,   6.4117E-013,  
448.593,   3.7424E-008,   2.8429E-006,   1.8516E-011,   1.8367E-011,   1.6799E-011,   2.4898E-011,   6.5294E-012,   4.5123E-013,  
453.625,   3.6508E-008,   2.8490E-006,   1.9576E-011,   1.8058E-011,   1.6208E-011,   2.2785E-011,   5.5824E-012,   2.5950E-013,  
458.640,   3.7808E-008,   2.8518E-006,   3.8203E-012,   1.7781E-011,   1.6468E-011,   2.3238E-011,   5.8766E-012,   3.5670E-015,  
463.656,   3.7140E-008,   2.8623E-006,  -4.7530E-013,   1.7808E-011,   1.6155E-011,   2.3927E-011,   9.4668E-012,   2.9517E-013,  
468.672,   3.5680E-008,   2.8481E-006,   1.7822E-011,   1.8356E-011,   1.7095E-011,   2.2700E-011,   6.2547E-012,   5.0651E-013,  
473.687,   3.7511E-008,   2.8515E-006,   1.5193E-011,   1.7741E-011,   1.6329E-011,   2.3802E-011,   7.8804E-012,   5.2881E-013,  
478.765,   3.7631E-008,   2.8507E-006,   1.9068E-011,   1.8830E-011,   1.5615E-011,   2.3261E-011,   5.7286E-012,   2.8179E-013,  
483.781,   3.5929E-008,   2.8619E-006,   1.8986E-011,   1.8060E-011,   1.4366E-011,   2.3556E-011,   5.4789E-012,   3.1300E-013,  
488.859,   3.7390E-008,   2.8482E-006,   1.8942E-011,   1.8366E-011,   1.6848E-011,   2.3370E-011,   5.5681E-012,   1.8192E-013,  
494.843,   3.5603E-008,   2.8526E-006,   6.6007E-012,   1.8094E-011,   1.7065E-011,   2.2599E-011,   6.0059E-012,   5.6537E-013,  
499.937,   3.4442E-008,   2.8420E-006,   5.1632E-012,   1.7555E-011,   1.6415E-011,   2.3270E-011,   5.8303E-012,   3.3351E-013,  
504.937,   3.6977E-008,   2.8516E-006,   1.9152E-011,   1.7573E-011,   1.6434E-011,   2.3063E-011,   6.0149E-012,   7.8117E-013,  
509.968,   3.5130E-008,   2.8567E-006,   5.4129E-012,   1.7787E-011,   1.6346E-011,   2.3661E-011,   5.8249E-012,   3.0765E-013,  
514.984,   3.7322E-008,   2.8436E-006,   1.7767E-011,   1.8210E-011,   1.7481E-011,   2.2987E-011,   6.1388E-012,   5.6715E-013,  
520.031,   3.7018E-008,   2.8235E-006,   3.5135E-012,   1.7293E-011,   1.5973E-011,   2.3010E-011,   8.0498E-012,   1.7211E-013,  
525.078,   3.6834E-008,   2.8586E-006,   4.4204E-012,   1.7409E-011,   1.5924E-011,   2.3287E-011,   5.9524E-012,   1.3644E-013,  
530.109,   3.4658E-008,   2.8465E-006,   4.6549E-012,   1.8196E-011,   1.5738E-011,   2.2916E-011,   5.6804E-012,   3.9415E-013,  
535.172,   3.6342E-008,   2.8320E-006,   8.7044E-012,   1.7839E-011,   1.7107E-011,   2.1603E-011,   7.6138E-012,   3.1479E-013,  
540.234,   3.4504E-008,   2.8324E-006,   1.9056E-011,   1.4658E-011,   1.6181E-011,   2.3555E-011,   5.3122E-012,   8.6232E-013,  
545.265,   3.5585E-008,   2.8362E-006,   1.7933E-011,   1.7848E-011,   1.7056E-011,   2.2377E-011,   5.3799E-012,   1.2663E-013,  
550.281,   3.6562E-008,   2.8299E-006,   1.8482E-011,   1.7598E-011,   1.6548E-011,   1.8530E-011,   6.0380E-012,   5.3951E-013,  
555.328,   3.5517E-008,   2.8490E-006,   8.6794E-012,   1.8269E-011,   1.6318E-011,   2.2603E-011,   6.9235E-012,   2.4077E-013,  
560.375,   3.7333E-008,   2.8458E-006,   1.7775E-011,   1.6313E-011,   1.6685E-011,   2.2971E-011,   6.0568E-012,   1.9351E-013,  
565.406,   3.6473E-008,   2.8480E-006,   1.7785E-011,   1.8573E-011,   1.5746E-011,   2.2381E-011,   8.3361E-012,  -8.9175E-014,  
570.453,   3.9263E-008,   2.8410E-006,   5.9747E-012,   1.7575E-011,   1.6406E-011,   2.1876E-011,   5.8124E-012,   6.9646E-013,  
575.484,   3.7463E-008,   2.8528E-006,   1.7905E-011,   1.7862E-011,   1.5984E-011,   2.2279E-011,   8.4627E-012,   8.2041E-014,  
580.562,   3.7360E-008,   2.8237E-006,   2.9883E-012,   1.7717E-011,   1.6785E-011,   2.1853E-011,   5.9248E-012,   1.0433E-013,  
585.609,   3.5865E-008,   2.8422E-006,   1.6341E-011,   1.7876E-011,   1.4610E-011,   2.2534E-011,   6.6221E-012,   3.6473E-013,  
590.656,   3.7433E-008,   2.8300E-006,   1.9130E-011,   1.8292E-011,   1.6148E-011,   2.2298E-011,   6.0559E-012,  -2.7109E-013,  
595.718,   3.8815E-008,   2.8371E-006,   1.8109E-011,   1.7120E-011,   1.6957E-011,   2.2491E-011,   1.0147E-011,   1.4536E-013,  
600.781,   3.8117E-008,   2.8560E-006,   3.6062E-012,   1.7691E-011,   1.5865E-011,   2.2345E-011,   8.4288E-012,   4.3517E-013,  
605.797,   3.8519E-008,   2.8417E-006,   1.6702E-011,   1.7827E-011,   1.6828E-011,   2.2708E-011,   7.4524E-012,   3.4332E-013,  
610.843,   3.6994E-008,   2.8103E-006,   3.7623E-012,   1.7726E-011,   1.7011E-011,   2.3461E-011,   5.9337E-012,   4.1020E-014,  
615.922,   3.6892E-008,   2.7583E-006,   1.6769E-011,   1.7812E-011,   1.6154E-011,   2.2477E-011,   5.8971E-012,   8.2041E-014,  
620.953,   3.6045E-008,   2.7763E-006,   1.7353E-011,   1.8068E-011,   1.6133E-011,   2.1962E-011,   8.3388E-012,   3.8613E-013,  
625.968,   3.3810E-008,   2.7860E-006,   1.7187E-011,   1.8211E-011,   1.5317E-011,   2.1269E-011,   7.1206E-012,   2.0599E-013,  
631.031,   3.5405E-008,   2.8122E-006,   4.5167E-012,   1.6819E-011,   1.6029E-011,   2.3141E-011,   5.6243E-012,   4.6906E-013,  
636.062,   3.6591E-008,   2.8115E-006,   1.6852E-011,   1.7648E-011,   1.6729E-011,   2.2024E-011,   7.1144E-012,   5.8945E-013,  
641.125,   3.7647E-008,   2.8239E-006,   4.3437E-012,   1.8047E-011,   1.5919E-011,   2.3401E-011,   6.2940E-012,   2.6396E-013,  
646.172,   3.6256E-008,   2.8317E-006,   1.7752E-011,   1.8209E-011,   1.6196E-011,   2.2139E-011,   5.7491E-012,   4.8422E-013,  
651.234,   3.6870E-008,   2.8166E-006,   1.7083E-011,   1.7257E-011,   1.6241E-011,   2.2576E-011,   6.0799E-012,   3.9148E-013,  
656.312,   3.5095E-008,   2.8115E-006,   1.8649E-011,   1.8230E-011,   1.6440E-011,   2.2530E-011,   7.0609E-012,   6.0684E-012,  
661.312,   3.7664E-008,   2.8350E-006,   1.6772E-011,   1.8317E-011,   1.7145E-011,   1.7178E-011,   5.8044E-012,   8.8283E-014,  
666.375,   3.6533E-008,   2.8177E-006,   1.7007E-011,   1.7275E-011,   1.6607E-011,   2.2693E-011,   5.9096E-012,   6.6703E-013,  
671.390,   3.4433E-008,   2.8221E-006,   1.7500E-011,   1.7821E-011,   1.7184E-011,   1.8341E-011,   8.5956E-012,   5.7340E-013,  
676.468,   3.5313E-008,   2.8054E-006,   1.8230E-011,   1.7868E-011,   1.4272E-011,   2.2561E-011,   5.7990E-012,   4.7976E-013,  
681.500,   3.4775E-008,   2.8193E-006,   1.7342E-011,   1.7420E-011,   1.6104E-011,   2.2674E-011,   5.7090E-012,   5.7607E-013,  
686.531,   3.4920E-008,   2.8230E-006,   1.7740E-011,   1.8496E-011,   1.6233E-011,   2.2177E-011,   7.7671E-012,   2.4166E-013,  
691.547,   3.5878E-008,   2.8198E-006,   1.7870E-011,   1.8162E-011,   1.6736E-011,   2.1759E-011,   6.1611E-012,   1.6051E-013,  
696.593,   3.5726E-008,   2.8120E-006,   1.7836E-011,   1.8152E-011,   1.6437E-011,   2.2972E-011,   5.7937E-012,   2.7644E-013,  
701.640,   3.5165E-008,   2.8210E-006,   1.7394E-011,   1.7792E-011,   1.6302E-011,   2.2473E-011,   6.8228E-012,   7.5799E-014,  
706.687,   3.6996E-008,   2.8130E-006,   1.7165E-011,   1.8004E-011,   1.6858E-011,   2.1839E-011,   5.4111E-012,   2.0956E-013,  
711.765,   3.7451E-008,   2.8196E-006,   5.2212E-012,   1.7254E-011,   1.6224E-011,   2.2502E-011,   6.2833E-012,   2.2472E-013,  
717.734,   3.6154E-008,   2.8124E-006,   1.6284E-011,   1.8448E-011,   1.6391E-011,   2.2663E-011,   9.4311E-012,   3.9505E-013,  
722.781,   3.5054E-008,   2.8102E-006,   1.8319E-011,   1.8244E-011,   1.6577E-011,   2.2553E-011,   5.7250E-012,   2.9428E-014,  
727.812,   3.4971E-008,   2.7967E-006,   1.7754E-011,   1.7838E-011,   1.6356E-011,   2.2198E-011,   8.9853E-012,   2.4791E-013,  
732.906,   3.6467E-008,   2.8062E-006,   1.8711E-011,   1.7881E-011,   1.5692E-011,   2.6209E-011,   6.0692E-012,   2.6307E-013,  
738.875,   3.7149E-008,   2.7963E-006,   1.7977E-011,   1.6980E-011,   1.6988E-011,   3.1146E-010,   6.2021E-012,   3.5313E-013,  
743.922,   3.4895E-008,   2.8128E-006,   1.8078E-011,   1.8950E-011,   1.8199E-011,   9.3699E-010,   5.9203E-012,   3.0141E-013,  
748.968,   3.3792E-008,   2.8246E-006,   1.7649E-011,   1.8788E-011,   2.0282E-011,   9.1520E-010,   6.6953E-012,   3.1390E-013,  
753.968,   3.8090E-008,   2.8137E-006,   1.7328E-011,   1.8184E-011,   1.6104E-011,   5.3929E-010,   6.0291E-012,   4.8154E-014,  
759.047,   3.5720E-008,   2.8189E-006,   1.6596E-011,   1.7913E-011,   1.8705E-011,   2.5660E-010,   5.6983E-012,  -1.1120E-012,  
764.062,   4.0067E-008,   2.8110E-006,   1.7019E-011,   1.7101E-011,   1.7086E-011,   1.1944E-010,   5.9328E-012,  -6.0639E-014,  
769.093,   3.8789E-008,   2.8290E-006,   1.6189E-011,   1.7658E-011,   1.7299E-011,   6.3816E-011,   7.8991E-012,   3.5492E-013,  
774.125,   3.6714E-008,   2.8264E-006,   1.6431E-011,   1.7547E-011,   1.6512E-011,   4.1309E-011,   8.6803E-012,   7.5799E-014,  
779.156,   3.8646E-008,   2.8206E-006,   1.6734E-011,   1.7477E-011,   1.5227E-011,   3.1207E-011,   8.2942E-012,  -1.5249E-013,  
784.203,   3.7869E-008,   2.8250E-006,   1.9262E-013,   1.7050E-011,   1.6599E-011,   2.8683E-011,   6.6257E-012,   4.5390E-013,  
789.265,   3.7724E-008,   2.8230E-006,   1.6677E-011,   1.6455E-011,   1.5765E-011,   2.6125E-011,   8.8925E-012,   1.7032E-013,  
794.312,   3.7475E-008,   2.8387E-006,   1.6733E-011,   1.7621E-011,   1.3039E-011,   2.5923E-011,   9.1021E-012,   6.2422E-015,  
799.328,   3.3505E-008,   2.8115E-006,   1.7245E-011,   1.7691E-011,   1.5371E-011,   2.3916E-011,   5.7072E-012,   2.0778E-013,  
804.390,   3.6826E-008,   2.8180E-006,   7.9455E-013,   1.7682E-011,   1.6161E-011,   2.4406E-011,   6.0238E-012,   2.1937E-013,  
809.468,   3.7807E-008,   2.8214E-006,   1.6798E-011,   1.8488E-011,   1.6208E-011,   2.3437E-011,   6.8308E-012,   2.6307E-013,  
814.500,   3.7263E-008,   2.8212E-006,   1.6699E-011,   1.7806E-011,   1.6280E-011,   2.2026E-011,   8.1408E-012,   2.0243E-013,  
819.515,   3.4694E-008,   2.8114E-006,   1.6592E-011,   1.8330E-011,   1.4445E-011,   2.2612E-011,   5.7134E-012,   6.3314E-014,  
824.562,   3.4659E-008,   2.8209E-006,   1.5881E-011,   1.6362E-011,   1.6229E-011,   2.2431E-011,   5.6742E-012,  -1.2395E-013,  
829.625,   3.4490E-008,   2.8085E-006,   2.8804E-013,   1.7418E-011,   1.5837E-011,   2.3046E-011,   6.1941E-012,   4.7709E-013,  
834.625,   3.4379E-008,   2.7987E-006,   1.6929E-011,   1.7609E-011,   1.6760E-011,   2.2800E-011,   6.4937E-012,  -2.3364E-013,  
839.687,   3.6604E-008,   2.8065E-006,   1.5943E-011,   1.7542E-011,   1.5359E-011,   2.3223E-011,   5.9952E-012,   1.7122E-013,  
844.703,   3.6193E-008,   2.8106E-006,   4.3999E-012,   1.7388E-011,   1.5739E-011,   2.2085E-011,   5.6715E-012,   1.7300E-013,  
849.734,   3.7863E-008,   2.8055E-006,   1.7622E-011,   1.7049E-011,   1.6682E-011,   2.1866E-011,   8.6357E-012,   4.6817E-013,  
854.765,   3.7071E-008,   2.7985E-006,   6.3314E-014,   1.7637E-011,   1.6729E-011,   2.2998E-011,   5.1338E-012,   2.5593E-013,  
859.797,   3.5720E-008,   2.8189E-006,   1.7686E-011,   1.7583E-011,   1.5941E-011,   2.2859E-011,   8.7017E-012,   1.8727E-014,  
864.812,   3.6337E-008,   2.8070E-006,   4.5559E-012,   1.7115E-011,   1.6436E-011,   2.1094E-011,   7.2062E-012,   1.4625E-013,  
869.812,   3.6229E-008,   2.8234E-006,   1.6883E-011,   1.6991E-011,   1.6234E-011,   2.1977E-011,   5.8124E-012,   3.0855E-013,  
874.859,   3.5256E-008,   2.8042E-006,   4.9831E-012,   1.7816E-011,   1.5638E-011,   2.2887E-011,   5.6269E-012,   4.6728E-013,  
879.890,   3.9077E-008,   2.7898E-006,   2.7546E-012,   1.7647E-011,   1.5992E-011,   2.1431E-011,   8.7463E-012,   3.3441E-013,  
884.890,   3.6206E-008,   2.8076E-006,   1.6368E-011,   1.7622E-011,   1.5832E-011,   2.1834E-011,   5.1641E-012,   1.8370E-013,  
889.953,   3.5600E-008,   2.8033E-006,   1.6011E-011,   1.3790E-011,   1.6651E-011,   2.2328E-011,   5.7001E-012,  -5.0830E-014,  
895.000,   3.5375E-008,   2.7903E-006,   1.6997E-011,   1.8002E-011,   1.6350E-011,   2.2242E-011,   5.7598E-012,   6.0193E-013,  
900.031,   3.5399E-008,   2.8004E-006,   1.8375E-011,   1.6488E-011,   1.6266E-011,   2.2241E-011,   5.2390E-012,   3.0765E-013,  
905.031,   3.5140E-008,   2.7864E-006,   1.5885E-011,   1.7736E-011,   1.6570E-011,   2.2458E-011,   5.8775E-012,   2.8001E-013,  
910.078,   3.6933E-008,   2.8262E-006,   1.6748E-011,   1.8679E-011,   1.6117E-011,   2.2537E-011,   9.0655E-012,   2.4969E-013,  
915.125,   3.6770E-008,   2.7897E-006,   1.6999E-011,   1.9654E-011,   1.5808E-011,   2.1123E-011,   5.5824E-012,   8.8283E-014,  
920.156,   3.5441E-008,   2.8052E-006,   1.7663E-011,   2.5832E-011,   1.6148E-011,   2.0526E-011,   8.6937E-012,   5.4397E-013,  
925.203,   3.4164E-008,   2.8077E-006,   4.6496E-012,   4.2690E-011,   1.5880E-011,   2.1898E-011,   5.9373E-012,   4.2180E-013,  
930.234,   3.6848E-008,   2.8041E-006,  -4.5390E-013,   7.0833E-011,   1.6216E-011,   2.3045E-011,   8.3602E-012,   2.8982E-013,  
935.297,   3.4463E-008,   2.8080E-006,   1.7741E-011,   9.3202E-011,   1.7347E-011,   2.2753E-011,   6.2315E-012,   1.8727E-014,  
940.328,   3.5434E-008,   2.7921E-006,   1.6971E-011,   1.0003E-010,   1.5857E-011,   2.2734E-011,   6.7113E-012,   1.1682E-013,  
945.328,   3.7492E-008,   2.8060E-006,   1.6663E-011,   8.3894E-011,   1.5773E-011,   2.1247E-011,   5.8133E-012,   3.1211E-014,  
950.312,   3.6640E-008,   2.8009E-006,   4.3928E-012,   6.1196E-011,   1.6266E-011,   2.1758E-011,   9.0325E-012,   3.4332E-013,  
955.328,   5.8004E-009,   7.8799E-007,   1.6786E-011,   4.3077E-011,   1.6256E-011,   2.0900E-011,   1.0245E-011,   5.1632E-013,  
960.390,   3.9743E-008,   3.1843E-006,  -6.4741E-013,   1.9742E-011,   1.3436E-011,   1.7338E-011,   5.5583E-012,  -2.1848E-013,  
965.406,   4.3390E-008,   3.2730E-006,   5.1597E-012,   2.7288E-011,   1.6647E-011,   2.2989E-011,   8.1372E-012,  -5.4397E-014,  
970.453,   4.4007E-008,   3.2581E-006,   1.7967E-011,   2.6000E-011,   1.6241E-011,   2.2284E-011,   6.1896E-012,   2.2115E-013,  
975.468,   4.2542E-008,   3.2914E-006,   1.6701E-011,   2.3596E-011,   1.6603E-011,   2.2588E-011,   5.9587E-012,   4.3250E-013,  
980.515,   4.1450E-008,   3.2897E-006,   1.7394E-011,   2.2078E-011,   1.6061E-011,   2.4187E-011,   9.1369E-012,   9.7290E-013,  
985.515,   3.9395E-008,   3.2740E-006,   1.6539E-011,   2.0984E-011,   1.6538E-011,   2.3868E-011,   6.1424E-012,   7.7957E-012,  
990.562,   4.0536E-008,   3.2840E-006,   1.7979E-011,   1.9685E-011,   1.7032E-011,   2.4407E-011,   6.1575E-012,   8.2086E-012,  
995.625,   4.0874E-008,   3.2785E-006,   1.7262E-011,   1.9637E-011,   1.6718E-011,   2.3952E-011,   7.6200E-012,   9.7602E-012,  
1000.687,   3.9798E-008,   3.2706E-006,   1.7460E-011,   1.9047E-011,   1.4150E-011,   2.3407E-011,   5.8213E-012,   9.7905E-012,  
1005.765,   4.0369E-008,   3.2706E-006,   1.7856E-011,   1.9371E-011,   1.5997E-011,   2.3311E-011,   8.1765E-012,   1.1936E-011,  
1010.812,   4.0567E-008,   3.2586E-006,   1.6527E-011,   1.8896E-011,   1.7136E-011,   2.4611E-011,   5.6582E-012,   1.3930E-011,  
1015.797,   4.1463E-008,   3.2461E-006,   7.5201E-012,   1.9224E-011,   1.7098E-011,   2.3587E-011,   6.2235E-012,   1.3319E-011,  
1020.843,   4.0940E-008,   3.2627E-006,   4.3179E-012,   1.7842E-011,   1.6362E-011,   2.3339E-011,   7.8581E-012,   1.1212E-011,  
1025.890,   4.1534E-008,   3.2733E-006,   1.7080E-011,   1.8579E-011,   1.6220E-011,   2.4254E-011,   6.2280E-012,   1.0227E-011,  
1030.890,   4.1521E-008,   3.2863E-006,   1.7167E-011,   1.8888E-011,   1.6740E-011,   2.3558E-011,   7.2740E-012,   8.5956E-012,  
1035.968,   4.3366E-008,   3.2690E-006,   1.6480E-011,   1.8108E-011,   1.6313E-011,   2.4465E-011,   5.6367E-012,   6.9753E-012,  
1041.000,   4.1476E-008,   3.2851E-006,   1.6380E-011,   1.8304E-011,   1.6352E-011,   2.2641E-011,   8.3495E-012,   5.6252E-012,  
1046.015,   3.8602E-008,   3.2695E-006,   1.6913E-011,   1.8432E-011,   1.3816E-011,   2.2800E-011,   5.7554E-012,   6.9182E-012,  
1051.047,   4.0631E-008,   3.2710E-006,   5.1097E-012,   1.8595E-011,   1.6087E-011,   2.4293E-011,   6.0229E-012,   8.2246E-012,  
1056.078,   3.9307E-008,   3.2567E-006,   1.5499E-011,   1.8008E-011,   1.6916E-011,   2.3268E-011,   8.9657E-012,   8.1622E-012,  
1061.109,   4.2026E-008,   3.2807E-006,   5.0223E-012,   1.8447E-011,   1.6916E-011,   2.4116E-011,   6.1067E-012,   7.2785E-012,  
1066.109,   4.1665E-008,   3.2670E-006,   4.2456E-012,   1.8997E-011,   1.6471E-011,   2.3369E-011,   7.8474E-012,   6.1040E-012,  
1071.187,   4.1470E-008,   3.2579E-006,   1.7928E-011,   1.8761E-011,   1.7350E-011,   2.3232E-011,   5.9177E-012,   5.9649E-012,  
1077.156,   4.2166E-008,   3.2644E-006,   5.6617E-012,   1.8569E-011,   1.7226E-011,   2.3698E-011,   6.3814E-012,   7.5710E-013,  
1082.203,   4.0997E-008,   3.2796E-006,   1.7849E-011,   1.7337E-011,   1.6603E-011,   2.2693E-011,   5.7429E-012,   1.0969E-012,  
1087.234,   4.4217E-008,   3.2575E-006,   4.0610E-012,   1.7611E-011,   1.6562E-011,   2.3156E-011,   6.1085E-012,   8.5697E-013,  
1092.297,   4.1221E-008,   3.2479E-006,   1.7798E-011,   1.8422E-011,   1.6215E-011,   2.2747E-011,   5.7527E-012,  -4.0753E-013,  
1097.297,   3.9351E-008,   3.2606E-006,   1.6497E-011,   1.7505E-011,   1.6612E-011,   2.4150E-011,   6.3073E-012,   6.5454E-013,  
1102.343,   4.1631E-008,   3.2728E-006,  -5.6359E-013,   1.7707E-011,   1.6133E-011,   2.3528E-011,   9.6095E-012,   2.9428E-013,  
1107.422,   4.1607E-008,   3.2805E-006,   1.7089E-011,   1.7983E-011,   1.6894E-011,   2.1430E-011,   5.7134E-012,   5.4397E-014,  
1112.437,   4.2089E-008,   3.2699E-006,   1.6322E-011,   1.7868E-011,   1.6309E-011,   2.0268E-010,   5.4834E-012,   6.6435E-013,  
1117.484,   4.3422E-008,   3.2702E-006,   1.6281E-011,   1.7333E-011,   1.6975E-011,   1.7981E-011,   6.1183E-012,   7.4639E-013,  
1122.531,   4.2353E-008,   3.2669E-006,   1.6581E-011,   1.7679E-011,   1.5895E-011,   2.2967E-011,   7.0734E-012,   3.6651E-013,  
1127.562,   4.0732E-008,   3.2795E-006,   1.6825E-011,   1.5029E-011,   1.6725E-011,   2.3762E-011,   5.7883E-012,   6.5276E-013,  
1132.625,   4.0274E-008,   3.2634E-006,   1.6978E-011,   1.8400E-011,   1.6175E-011,   2.3633E-011,   6.4286E-012,  -3.4778E-014,  
1137.640,   3.8085E-008,   3.2434E-006,  -6.2422E-015,   1.7947E-011,   1.6375E-011,   2.3178E-011,   8.1684E-012,   3.4600E-013,  
1142.687,   2.8681E-009,   7.1792E-007,   5.8053E-013,   1.8057E-011,   1.7863E-011,   2.4259E-011,   5.6974E-012,   1.6051E-013,  
1147.734,   2.3369E-009,   6.4417E-007,   9.7977E-012,   1.3931E-011,   1.2493E-011,   1.1980E-011,   8.5171E-012,   1.2217E-013,  
